   5.0000000e+00   7.0484940e-40
   5.0115000e+00   8.2019232e-40
   5.0231000e+00   9.7725012e-40
   5.0347000e+00   1.1997218e-39
   5.0463000e+00   1.5308439e-39
   5.0579000e+00   2.0579832e-39
   5.0696000e+00   2.9801773e-39
   5.0813000e+00   4.8395675e-39
   5.0930000e+00   9.6026280e-39
   5.1047000e+00   2.9725208e-38
   5.1165000e+00   7.5347608e-37
   5.1283000e+00   7.1155562e-38
   5.1401000e+00   1.2593328e-38
   5.1520000e+00   4.8600418e-39
   5.1639000e+00   2.4854213e-39
   5.1758000e+00   1.4721034e-39
   5.1877000e+00   9.5437745e-40
   5.1997000e+00   6.5787120e-40
   5.2117000e+00   4.7401998e-40
   5.2237000e+00   3.5325202e-40
   5.2357000e+00   2.7027360e-40
   5.2478000e+00   2.1123716e-40
   5.2599000e+00   1.6798752e-40
   5.2720000e+00   1.3555945e-40
   5.2842000e+00   1.1075458e-40
   5.2964000e+00   9.1475834e-41
   5.3086000e+00   7.6254810e-41
   5.3208000e+00   6.4088030e-41
   5.3331000e+00   5.4253536e-41
   5.3454000e+00   4.6225041e-41
   5.3577000e+00   3.9613177e-41
   5.3701000e+00   3.4125459e-41
   5.3825000e+00   2.9538138e-41
   5.3949000e+00   2.5678543e-41
   5.4073000e+00   2.2411703e-41
   5.4198000e+00   1.9631989e-41
   5.4323000e+00   1.7254054e-41
   5.4448000e+00   1.5212340e-41
   5.4574000e+00   1.3450556e-41
   5.4699000e+00   1.1925281e-41
   5.4826000e+00   1.0599582e-41
   5.4952000e+00   9.4427144e-42
   5.5079000e+00   8.4314737e-42
   5.5206000e+00   7.5438116e-42
   5.5333000e+00   6.7631204e-42
   5.5461000e+00   6.0737602e-42
   5.5589000e+00   5.4648413e-42
   5.5717000e+00   4.9248486e-42
   5.5845000e+00   4.4449289e-42
   5.5974000e+00   4.0180203e-42
   5.6103000e+00   3.6374118e-42
   5.6232000e+00   3.2971296e-42
   5.6362000e+00   2.9925540e-42
   5.6492000e+00   2.7195308e-42
   5.6622000e+00   2.4740144e-42
   5.6753000e+00   2.2536014e-42
   5.6884000e+00   2.0549223e-42
   5.7015000e+00   1.8755302e-42
   5.7146000e+00   1.7137428e-42
   5.7278000e+00   1.5672536e-42
   5.7410000e+00   1.4344853e-42
   5.7543000e+00   1.3144622e-42
   5.7675000e+00   1.2051648e-42
   5.7808000e+00   1.1060729e-42
   5.7942000e+00   1.0158624e-42
   5.8075000e+00   9.3381300e-43
   5.8209000e+00   8.5897678e-43
   5.8343000e+00   7.9071221e-43
   5.8478000e+00   7.2835983e-43
   5.8613000e+00   6.7139997e-43
   5.8748000e+00   6.1927456e-43
   5.8884000e+00   5.7158136e-43
   5.9019000e+00   5.2787490e-43
   5.9155000e+00   4.8779050e-43
   5.9292000e+00   4.5101970e-43
   5.9429000e+00   4.1726432e-43
   5.9566000e+00   3.8623739e-43
   5.9703000e+00   3.5771165e-43
   5.9841000e+00   3.3146503e-43
   5.9979000e+00   3.0729284e-43
   6.0117000e+00   2.8502785e-43
   6.0256000e+00   2.6450449e-43
   6.0394000e+00   2.4556980e-43
   6.0534000e+00   2.2810176e-43
   6.0673000e+00   2.1196816e-43
   6.0813000e+00   1.9705609e-43
   6.0954000e+00   1.8327817e-43
   6.1094000e+00   1.7052770e-43
   6.1235000e+00   1.5873053e-43
   6.1376000e+00   1.4780949e-43
   6.1518000e+00   1.3769294e-43
   6.1660000e+00   1.2832157e-43
   6.1802000e+00   1.1962606e-43
   6.1944000e+00   1.1156268e-43
   6.2087000e+00   1.0408366e-43
   6.2230000e+00   9.7138189e-44
   6.2374000e+00   9.0685300e-44
   6.2518000e+00   8.4686820e-44
   6.2662000e+00   7.9112813e-44
   6.2806000e+00   7.3935048e-44
   6.2951000e+00   6.9111152e-44
   6.3096000e+00   6.4627808e-44
   6.3242000e+00   6.0452057e-44
   6.3388000e+00   5.6558352e-44
   6.3534000e+00   5.2936806e-44
   6.3680000e+00   4.9559664e-44
   6.3827000e+00   4.6410085e-44
   6.3974000e+00   4.3472250e-44
   6.4122000e+00   4.0735349e-44
   6.4270000e+00   3.8177252e-44
   6.4418000e+00   3.5792856e-44
   6.4566000e+00   3.3562240e-44
   6.4715000e+00   3.1481405e-44
   6.4865000e+00   2.9535860e-44
   6.5014000e+00   2.7718920e-44
   6.5164000e+00   2.6017690e-44
   6.5314000e+00   2.4429690e-44
   6.5465000e+00   2.2943161e-44
   6.5616000e+00   2.1550240e-44
   6.5767000e+00   2.0249290e-44
   6.5919000e+00   1.9030203e-44
   6.6071000e+00   1.7889063e-44
   6.6223000e+00   1.6819496e-44
   6.6376000e+00   1.5815578e-44
   6.6529000e+00   1.4876681e-44
   6.6682000e+00   1.3997256e-44
   6.6836000e+00   1.3172153e-44
   6.6990000e+00   1.2396596e-44
   6.7145000e+00   1.1670481e-44
   6.7300000e+00   1.0989329e-44
   6.7455000e+00   1.0348993e-44
   6.7610000e+00   9.7493901e-45
   6.7766000e+00   9.1854973e-45
   6.7923000e+00   8.6560694e-45
   6.8079000e+00   8.1586056e-45
   6.8236000e+00   7.6912900e-45
   6.8394000e+00   7.2520553e-45
   6.8551000e+00   6.8391246e-45
   6.8709000e+00   6.4509811e-45
   6.8868000e+00   6.0860282e-45
   6.9027000e+00   5.7426084e-45
   6.9186000e+00   5.4196099e-45
   6.9345000e+00   5.1156826e-45
   6.9505000e+00   4.8296940e-45
   6.9666000e+00   4.5604360e-45
   6.9826000e+00   4.3070344e-45
   6.9987000e+00   4.0682711e-45
   7.0149000e+00   3.8435040e-45
   7.0310000e+00   3.6316292e-45
   7.0473000e+00   3.4320851e-45
   7.0635000e+00   3.2440998e-45
   7.0798000e+00   3.0668336e-45
   7.0961000e+00   2.8998225e-45
   7.1125000e+00   2.7423027e-45
   7.1289000e+00   2.5936612e-45
   7.1453000e+00   2.4536172e-45
   7.1618000e+00   2.3214088e-45
   7.1783000e+00   2.1967032e-45
   7.1949000e+00   2.0789952e-45
   7.2115000e+00   1.9679870e-45
   7.2281000e+00   1.8631309e-45
   7.2448000e+00   1.7640840e-45
   7.2615000e+00   1.6706021e-45
   7.2782000e+00   1.5823688e-45
   7.2950000e+00   1.4989287e-45
   7.3118000e+00   1.4201592e-45
   7.3287000e+00   1.3457159e-45
   7.3456000e+00   1.2753469e-45
   7.3625000e+00   1.2088834e-45
   7.3795000e+00   1.1460256e-45
   7.3965000e+00   1.0866253e-45
   7.4136000e+00   1.0304100e-45
   7.4307000e+00   9.7725012e-46
   7.4478000e+00   9.2701981e-46
   7.4650000e+00   8.7947834e-46
   7.4822000e+00   8.3445877e-46
   7.4994000e+00   7.9185960e-46
   7.5167000e+00   7.5158223e-46
   7.5341000e+00   7.1342410e-46
   7.5514000e+00   6.7735268e-46
   7.5689000e+00   6.4312960e-46
   7.5863000e+00   6.1078180e-46
   7.6038000e+00   5.8008723e-46
   7.6213000e+00   5.5107562e-46
   7.6389000e+00   5.2354016e-46
   7.6565000e+00   4.9746842e-46
   7.6742000e+00   4.7275805e-46
   7.6919000e+00   4.4935520e-46
   7.7096000e+00   4.2716622e-46
   7.7274000e+00   4.0614341e-46
   7.7452000e+00   3.8616180e-46
   7.7631000e+00   3.6725890e-46
   7.7810000e+00   3.4931610e-46
   7.7989000e+00   3.3229644e-46
   7.8169000e+00   3.1616396e-46
   7.8349000e+00   3.0084903e-46
   7.8530000e+00   2.8632024e-46
   7.8711000e+00   2.7254708e-46
   7.8893000e+00   2.5943545e-46
   7.9074000e+00   2.4702409e-46
   7.9257000e+00   2.3522357e-46
   7.9440000e+00   2.2401109e-46
   7.9623000e+00   2.1339366e-46
   7.9806000e+00   2.0329056e-46
   7.9990000e+00   1.9368289e-46
   8.0175000e+00   1.8457940e-46
   8.0360000e+00   1.7593370e-46
   8.0545000e+00   1.6770250e-46
   8.0731000e+00   1.5987074e-46
   8.0917000e+00   1.5244841e-46
   8.1104000e+00   1.4537125e-46
   8.1291000e+00   1.3865063e-46
   8.1478000e+00   1.3227300e-46
   8.1666000e+00   1.2620276e-46
   8.1854000e+00   1.2042868e-46
   8.2043000e+00   1.1493984e-46
   8.2232000e+00   1.0970468e-46
   8.2422000e+00   1.0473476e-46
   8.2612000e+00   9.9998000e-47
   8.2802000e+00   9.5495893e-47
   8.2993000e+00   9.1210140e-47
   8.3185000e+00   8.7129156e-47
   8.3377000e+00   8.3245551e-47
   8.3569000e+00   7.9546777e-47
   8.3762000e+00   7.6024449e-47
   8.3955000e+00   7.2670510e-47
   8.4148000e+00   6.9475559e-47
   8.4342000e+00   6.6432280e-47
   8.4537000e+00   6.3532058e-47
   8.4732000e+00   6.0768261e-47
   8.4927000e+00   5.8134525e-47
   8.5123000e+00   5.5624747e-47
   8.5319000e+00   5.3231616e-47
   8.5516000e+00   5.0951044e-47
   8.5713000e+00   4.8776256e-47
   8.5911000e+00   4.6702189e-47
   8.6109000e+00   4.4723994e-47
   8.6308000e+00   4.2837025e-47
   8.6507000e+00   4.1036836e-47
   8.6706000e+00   3.9319170e-47
   8.6906000e+00   3.7679955e-47
   8.7106000e+00   3.6115292e-47
   8.7307000e+00   3.4622633e-47
   8.7509000e+00   3.3197187e-47
   8.7710000e+00   3.1835549e-47
   8.7913000e+00   3.0536676e-47
   8.8115000e+00   2.9295156e-47
   8.8319000e+00   2.8110144e-47
   8.8522000e+00   2.6977636e-47
   8.8726000e+00   2.5894868e-47
   8.8931000e+00   2.4861193e-47
   8.9136000e+00   2.3872996e-47
   8.9342000e+00   2.2928775e-47
   8.9548000e+00   2.2026126e-47
   8.9754000e+00   2.1162760e-47
   8.9961000e+00   2.0337394e-47
   9.0169000e+00   1.9547894e-47
   9.0377000e+00   1.8793092e-47
   9.0585000e+00   1.8071001e-47
   9.0794000e+00   1.7379727e-47
   9.1003000e+00   1.6718285e-47
   9.1213000e+00   1.6085714e-47
   9.1423000e+00   1.5480290e-47
   9.1634000e+00   1.4900372e-47
   9.1846000e+00   1.4344399e-47
   9.2057000e+00   1.3813116e-47
   9.2270000e+00   1.3303527e-47
   9.2482000e+00   1.2815684e-47
   9.2696000e+00   1.2348196e-47
   9.2909000e+00   1.1900430e-47
   9.3124000e+00   1.1471769e-47
   9.3338000e+00   1.1060280e-47
   9.3554000e+00   1.0666103e-47
   9.3769000e+00   1.0287415e-47
   9.3986000e+00   9.9250202e-48
   9.4202000e+00   9.5771681e-48
   9.4420000e+00   9.2440322e-48
   9.4637000e+00   8.9239613e-48
   9.4856000e+00   8.6165732e-48
   9.5074000e+00   8.3220710e-48
   9.5294000e+00   8.0389261e-48
   9.5513000e+00   7.7673690e-48
   9.5734000e+00   7.5065040e-48
   9.5954000e+00   7.2565584e-48
   9.6176000e+00   7.0156117e-48
   9.6397000e+00   6.7849830e-48
   9.6620000e+00   6.5628192e-48
   9.6842000e+00   6.3493920e-48
   9.7066000e+00   6.1444494e-48
   9.7290000e+00   5.9472577e-48
   9.7514000e+00   5.7576003e-48
   9.7739000e+00   5.5757377e-48
   9.7964000e+00   5.4005112e-48
   9.8190000e+00   5.2317413e-48
   9.8417000e+00   5.0697026e-48
   9.8643000e+00   4.9133156e-48
   9.8871000e+00   4.7633063e-48
   9.9099000e+00   4.6186308e-48
   9.9327000e+00   4.4791490e-48
   9.9557000e+00   4.3451403e-48
   9.9786000e+00   4.2160409e-48
   1.0002000e+01   4.0917198e-48
   1.0025000e+01   3.9720490e-48
   1.0048000e+01   3.8565104e-48
   1.0071000e+01   3.7453861e-48
   1.0094000e+01   3.6381748e-48
   1.0117000e+01   3.5351520e-48
   1.0141000e+01   3.4354623e-48
   1.0164000e+01   3.3397562e-48
   1.0188000e+01   3.2472040e-48
   1.0211000e+01   3.1580844e-48
   1.0235000e+01   3.0719573e-48
   1.0258000e+01   2.9887494e-48
   1.0282000e+01   2.9087302e-48
   1.0306000e+01   2.8314793e-48
   1.0329000e+01   2.7565961e-48
   1.0353000e+01   2.6843546e-48
   1.0377000e+01   2.6146890e-48
   1.0401000e+01   2.5475352e-48
   1.0425000e+01   2.4825154e-48
   1.0449000e+01   2.4195802e-48
   1.0473000e+01   2.3586816e-48
   1.0497000e+01   2.3000756e-48
   1.0522000e+01   2.2431053e-48
   1.0546000e+01   2.1880326e-48
   1.0570000e+01   2.1348132e-48
   1.0594000e+01   2.0834036e-48
   1.0619000e+01   2.0334760e-48
   1.0643000e+01   1.9852810e-48
   1.0668000e+01   1.9384993e-48
   1.0693000e+01   1.8933760e-48
   1.0717000e+01   1.8496000e-48
   1.0742000e+01   1.8071425e-48
   1.0767000e+01   1.7659752e-48
   1.0791000e+01   1.7260704e-48
   1.0816000e+01   1.6874010e-48
   1.0841000e+01   1.6499402e-48
   1.0866000e+01   1.6134080e-48
   1.0891000e+01   1.5782897e-48
   1.0916000e+01   1.5440548e-48
   1.0942000e+01   1.5109326e-48
   1.0967000e+01   1.4786560e-48
   1.0992000e+01   1.4474496e-48
   1.1018000e+01   1.4170522e-48
   1.1043000e+01   1.3876840e-48
   1.1068000e+01   1.3588565e-48
   1.1094000e+01   1.3312544e-48
   1.1120000e+01   1.3041640e-48
   1.1145000e+01   1.2778042e-48
   1.1171000e+01   1.2523848e-48
   1.1197000e+01   1.2276640e-48
   1.1222000e+01   1.2034090e-48
   1.1248000e+01   1.1800477e-48
   1.1274000e+01   1.1573456e-48
   1.1300000e+01   1.1350772e-48
   1.1326000e+01   1.1136581e-48
   1.1352000e+01   1.0926521e-48
   1.1379000e+01   1.0722602e-48
   1.1405000e+01   1.0522656e-48
   1.1431000e+01   1.0330690e-48
   1.1458000e+01   1.0142504e-48
   1.1484000e+01   9.9590420e-49
   1.1510000e+01   9.7806166e-49
   1.1537000e+01   9.6069402e-49
   1.1564000e+01   9.4377339e-49
   1.1590000e+01   9.2729196e-49
   1.1617000e+01   9.1124207e-49
   1.1644000e+01   8.9559725e-49
   1.1671000e+01   8.8035059e-49
   1.1697000e+01   8.6549530e-49
   1.1724000e+01   8.5100625e-49
   1.1752000e+01   8.3687734e-49
   1.1779000e+01   8.2312071e-49
   1.1806000e+01   8.0969403e-49
   1.1833000e+01   7.9659195e-49
   1.1860000e+01   7.8382692e-49
   1.1888000e+01   7.7135819e-49
   1.1915000e+01   7.5919854e-49
   1.1943000e+01   7.4734296e-49
   1.1970000e+01   7.3576937e-49
   1.1998000e+01   7.2447335e-49
   1.2025000e+01   7.1345052e-49
   1.2053000e+01   7.0269659e-49
   1.2081000e+01   6.9219072e-49
   1.2109000e+01   6.8192912e-49
   1.2137000e+01   6.7190809e-49
   1.2165000e+01   6.6212396e-49
   1.2193000e+01   6.5257315e-49
   1.2221000e+01   6.4323608e-49
   1.2249000e+01   6.3412554e-49
   1.2277000e+01   6.2520649e-49
   1.2306000e+01   6.1650763e-49
   1.2334000e+01   6.0801006e-49
   1.2362000e+01   5.9969536e-49
   1.2391000e+01   5.9157634e-49
   1.2419000e+01   5.8363488e-49
   1.2448000e+01   5.7586850e-49
   1.2477000e+01   5.6828982e-49
   1.2506000e+01   5.6086619e-49
   1.2534000e+01   5.5361040e-49
   1.2563000e+01   5.4652013e-49
   1.2592000e+01   5.3957839e-49
   1.2621000e+01   5.3279780e-49
   1.2650000e+01   5.2616164e-49
   1.2680000e+01   5.1966797e-49
   1.2709000e+01   5.1331493e-49
   1.2738000e+01   5.0710065e-49
   1.2767000e+01   5.0102331e-49
   1.2797000e+01   4.9506703e-49
   1.2826000e+01   4.8924429e-49
   1.2856000e+01   4.8355334e-49
   1.2886000e+01   4.7796482e-49
   1.2915000e+01   4.7250501e-49
   1.2945000e+01   4.6715858e-49
   1.2975000e+01   4.6192412e-49
   1.3005000e+01   4.5680026e-49
   1.3035000e+01   4.5178562e-49
   1.3065000e+01   4.4687888e-49
   1.3095000e+01   4.4206541e-49
   1.3125000e+01   4.3734414e-49
   1.3156000e+01   4.3274031e-49
   1.3186000e+01   4.2821318e-49
   1.3216000e+01   4.2378798e-49
   1.3247000e+01   4.1943757e-49
   1.3277000e+01   4.1518692e-49
   1.3308000e+01   4.1102203e-49
   1.3339000e+01   4.0694193e-49
   1.3369000e+01   4.0294565e-49
   1.3400000e+01   3.9901962e-49
   1.3431000e+01   3.9518825e-49
   1.3462000e+01   3.9141290e-49
   1.3493000e+01   3.8773038e-49
   1.3524000e+01   3.8410246e-49
   1.3555000e+01   3.8055327e-49
   1.3587000e+01   3.7708196e-49
   1.3618000e+01   3.7367546e-49
   1.3649000e+01   3.7032093e-49
   1.3681000e+01   3.6704211e-49
   1.3712000e+01   3.6382611e-49
   1.3744000e+01   3.6067231e-49
   1.3776000e+01   3.5758008e-49
   1.3808000e+01   3.5454879e-49
   1.3839000e+01   3.5156598e-49
   1.3871000e+01   3.4865482e-49
   1.3903000e+01   3.4579104e-49
   1.3935000e+01   3.4297421e-49
   1.3968000e+01   3.4021556e-49
   1.4000000e+01   3.3751452e-49
   1.4032000e+01   3.3485897e-49
   1.4064000e+01   3.3224849e-49
   1.4097000e+01   3.2969416e-49
   1.4129000e+01   3.2718400e-49
   1.4162000e+01   3.2471763e-49
   1.4195000e+01   3.2229464e-49
   1.4227000e+01   3.1992598e-49
   1.4260000e+01   3.1758860e-49
   1.4293000e+01   3.1530471e-49
   1.4326000e+01   3.1305144e-49
   1.4359000e+01   3.1085085e-49
   1.4392000e+01   3.0868025e-49
   1.4425000e+01   3.0655047e-49
   1.4459000e+01   3.0446117e-49
   1.4492000e+01   3.0241201e-49
   1.4525000e+01   3.0039169e-49
   1.4559000e+01   2.9841091e-49
   1.4592000e+01   2.9646936e-49
   1.4626000e+01   2.9455585e-49
   1.4660000e+01   2.9268100e-49
   1.4694000e+01   2.9083370e-49
   1.4727000e+01   2.8902451e-49
   1.4761000e+01   2.8724240e-49
   1.4795000e+01   2.8548718e-49
   1.4830000e+01   2.8376929e-49
   1.4864000e+01   2.8207783e-49
   1.4898000e+01   2.8041261e-49
   1.4932000e+01   2.7878400e-49
   1.4967000e+01   2.7718119e-49
   1.5001000e+01   2.7560400e-49
   1.5036000e+01   2.7405225e-49
   1.5071000e+01   2.7252576e-49
   1.5105000e+01   2.7102436e-49
   1.5140000e+01   2.6954787e-49
   1.5175000e+01   2.6809613e-49
   1.5210000e+01   2.6667929e-49
   1.5245000e+01   2.6527650e-49
   1.5280000e+01   2.6389796e-49
   1.5316000e+01   2.6253326e-49
   1.5351000e+01   2.6120277e-49
   1.5386000e+01   2.5989604e-49
   1.5422000e+01   2.5860276e-49
   1.5457000e+01   2.5733300e-49
   1.5493000e+01   2.5608660e-49
   1.5529000e+01   2.5485333e-49
   1.5564000e+01   2.5364318e-49
   1.5600000e+01   2.5245600e-49
   1.5636000e+01   2.5128164e-49
   1.5672000e+01   2.5013002e-49
   1.5709000e+01   2.4900100e-49
   1.5745000e+01   2.4788449e-49
   1.5781000e+01   2.4678043e-49
   1.5817000e+01   2.4569866e-49
   1.5854000e+01   2.4463905e-49
   1.5890000e+01   2.4359160e-49
   1.5927000e+01   2.4255625e-49
   1.5964000e+01   2.4154276e-49
   1.6001000e+01   2.4054120e-49
   1.6038000e+01   2.3956130e-49
   1.6075000e+01   2.3858340e-49
   1.6112000e+01   2.3763675e-49
   1.6149000e+01   2.3669198e-49
   1.6186000e+01   2.3576851e-49
   1.6223000e+01   2.3485654e-49
   1.6261000e+01   2.3395602e-49
   1.6298000e+01   2.3306687e-49
   1.6336000e+01   2.3219870e-49
   1.6374000e+01   2.3134176e-49
   1.6411000e+01   2.3049601e-49
   1.6449000e+01   2.2966139e-49
   1.6487000e+01   2.2883786e-49
   1.6525000e+01   2.2803490e-49
   1.6563000e+01   2.2723336e-49
   1.6601000e+01   2.2644274e-49
   1.6640000e+01   2.2567250e-49
   1.6678000e+01   2.2491306e-49
   1.6716000e+01   2.2415490e-49
   1.6755000e+01   2.2341693e-49
   1.6794000e+01   2.2268017e-49
   1.6832000e+01   2.2196348e-49
   1.6871000e+01   2.2125734e-49
   1.6910000e+01   2.2055234e-49
   1.6949000e+01   2.1986721e-49
   1.6988000e+01   2.1918315e-49
   1.7027000e+01   2.1850950e-49
   1.7067000e+01   2.1784623e-49
   1.7106000e+01   2.1719328e-49
   1.7145000e+01   2.1655062e-49
   1.7185000e+01   2.1591821e-49
   1.7225000e+01   2.1528672e-49
   1.7264000e+01   2.1467469e-49
   1.7304000e+01   2.1406353e-49
   1.7344000e+01   2.1346248e-49
   1.7384000e+01   2.1287150e-49
   1.7424000e+01   2.1228135e-49
   1.7464000e+01   2.1171041e-49
   1.7505000e+01   2.1114025e-49
   1.7545000e+01   2.1058003e-49
   1.7585000e+01   2.1002056e-49
   1.7626000e+01   2.0947098e-49
   1.7667000e+01   2.0893127e-49
   1.7707000e+01   2.0840138e-49
   1.7748000e+01   2.0787216e-49
   1.7789000e+01   2.0735273e-49
   1.7830000e+01   2.0684304e-49
   1.7871000e+01   2.0633398e-49
   1.7912000e+01   2.0583462e-49
   1.7954000e+01   2.0534492e-49
   1.7995000e+01   2.0485581e-49
   1.8037000e+01   2.0437633e-49
   1.8078000e+01   2.0389740e-49
   1.8120000e+01   2.0342806e-49
   1.8162000e+01   2.0296827e-49
   1.8204000e+01   2.0250900e-49
   1.8246000e+01   2.0205924e-49
   1.8288000e+01   2.0161896e-49
   1.8330000e+01   2.0117019e-49
   1.8372000e+01   2.0073984e-49
   1.8414000e+01   2.0030995e-49
   1.8457000e+01   1.9988947e-49
   1.8499000e+01   1.9946942e-49
   1.8542000e+01   1.9904982e-49
   1.8585000e+01   1.9863958e-49
   1.8628000e+01   1.9823866e-49
   1.8671000e+01   1.9783814e-49
   1.8714000e+01   1.9744692e-49
   1.8757000e+01   1.9705609e-49
   1.8800000e+01   1.9666564e-49
   1.8844000e+01   1.9628444e-49
   1.8887000e+01   1.9591246e-49
   1.8931000e+01   1.9553200e-49
   1.8974000e+01   1.9516957e-49
   1.9018000e+01   1.9480748e-49
   1.9062000e+01   1.9444572e-49
   1.9106000e+01   1.9409311e-49
   1.9150000e+01   1.9374083e-49
   1.9194000e+01   1.9338886e-49
   1.9238000e+01   1.9304600e-49
   1.9283000e+01   1.9270344e-49
   1.9327000e+01   1.9236996e-49
   1.9372000e+01   1.9203677e-49
   1.9416000e+01   1.9171262e-49
   1.9461000e+01   1.9138000e-49
   1.9506000e+01   1.9106515e-49
   1.9551000e+01   1.9074183e-49
   1.9596000e+01   1.9042750e-49
   1.9641000e+01   1.9012216e-49
   1.9686000e+01   1.8980835e-49
   1.9732000e+01   1.8950350e-49
   1.9777000e+01   1.8920760e-49
   1.9823000e+01   1.8891193e-49
   1.9869000e+01   1.8861649e-49
   1.9915000e+01   1.8832128e-49
   1.9960000e+01   1.8803498e-49
   2.0006000e+01   1.8774889e-49
   2.0053000e+01   1.8746302e-49
   2.0099000e+01   1.8718602e-49
   2.0145000e+01   1.8690923e-49
   2.0192000e+01   1.8663264e-49
   2.0238000e+01   1.8636489e-49
   2.0285000e+01   1.8609733e-49
   2.0332000e+01   1.8582997e-49
   2.0379000e+01   1.8556279e-49
   2.0426000e+01   1.8530442e-49
   2.0473000e+01   1.8504623e-49
   2.0520000e+01   1.8479681e-49
   2.0567000e+01   1.8453898e-49
   2.0615000e+01   1.8428990e-49
   2.0662000e+01   1.8404100e-49
   2.0710000e+01   1.8380084e-49
   2.0758000e+01   1.8355226e-49
   2.0805000e+01   1.8331242e-49
   2.0853000e+01   1.8307274e-49
   2.0901000e+01   1.8284176e-49
   2.0950000e+01   1.8260238e-49
   2.0998000e+01   1.8237170e-49
   2.1046000e+01   1.8214970e-49
   2.1095000e+01   1.8191931e-49
   2.1144000e+01   1.8169759e-49
   2.1192000e+01   1.8146748e-49
   2.1241000e+01   1.8125455e-49
   2.1290000e+01   1.8103323e-49
   2.1339000e+01   1.8081205e-49
   2.1389000e+01   1.8059950e-49
   2.1438000e+01   1.8038708e-49
   2.1487000e+01   1.8017478e-49
   2.1537000e+01   1.7997109e-49
   2.1586000e+01   1.7975904e-49
   2.1636000e+01   1.7955559e-49
   2.1686000e+01   1.7935225e-49
   2.1736000e+01   1.7914903e-49
   2.1786000e+01   1.7895438e-49
   2.1837000e+01   1.7875138e-49
   2.1887000e+01   1.7855695e-49
   2.1937000e+01   1.7836263e-49
   2.1988000e+01   1.7816841e-49
   2.2039000e+01   1.7798273e-49
   2.2089000e+01   1.7778872e-49
   2.2140000e+01   1.7760324e-49
   2.2191000e+01   1.7741786e-49
   2.2243000e+01   1.7723258e-49
   2.2294000e+01   1.7704739e-49
   2.2345000e+01   1.7687071e-49
   2.2397000e+01   1.7669412e-49
   2.2449000e+01   1.7650922e-49
   2.2500000e+01   1.7633281e-49
   2.2552000e+01   1.7615648e-49
   2.2604000e+01   1.7598864e-49
   2.2656000e+01   1.7581249e-49
   2.2709000e+01   1.7564481e-49
   2.2761000e+01   1.7547721e-49
   2.2813000e+01   1.7530132e-49
   2.2866000e+01   1.7514225e-49
   2.2919000e+01   1.7497489e-49
   2.2972000e+01   1.7480761e-49
   2.3025000e+01   1.7464877e-49
   2.3078000e+01   1.7448164e-49
   2.3131000e+01   1.7432295e-49
   2.3184000e+01   1.7416433e-49
   2.3238000e+01   1.7400578e-49
   2.3291000e+01   1.7384730e-49
   2.3345000e+01   1.7369723e-49
   2.3399000e+01   1.7353890e-49
   2.3453000e+01   1.7338896e-49
   2.3507000e+01   1.7323909e-49
   2.3561000e+01   1.7308928e-49
   2.3615000e+01   1.7293954e-49
   2.3670000e+01   1.7278986e-49
   2.3724000e+01   1.7264025e-49
   2.3779000e+01   1.7249901e-49
   2.3834000e+01   1.7234952e-49
   2.3889000e+01   1.7220840e-49
   2.3944000e+01   1.7206734e-49
   2.3999000e+01   1.7191804e-49
   2.4055000e+01   1.7178538e-49
   2.4110000e+01   1.7164449e-49
   2.4166000e+01   1.7150366e-49
   2.4221000e+01   1.7136288e-49
   2.4277000e+01   1.7123044e-49
   2.4333000e+01   1.7108978e-49
   2.4389000e+01   1.7095744e-49
   2.4446000e+01   1.7082516e-49
   2.4502000e+01   1.7069292e-49
   2.4558000e+01   1.7056074e-49
   2.4615000e+01   1.7042861e-49
   2.4672000e+01   1.7029653e-49
   2.4729000e+01   1.7017275e-49
   2.4786000e+01   1.7004077e-49
   2.4843000e+01   1.6991708e-49
   2.4900000e+01   1.6978520e-49
   2.4958000e+01   1.6966161e-49
   2.5015000e+01   1.6953806e-49
   2.5073000e+01   1.6941456e-49
   2.5131000e+01   1.6929110e-49
   2.5189000e+01   1.6916769e-49
   2.5247000e+01   1.6905255e-49
   2.5305000e+01   1.6892922e-49
   2.5363000e+01   1.6880594e-49
   2.5422000e+01   1.6869092e-49
   2.5480000e+01   1.6856772e-49
   2.5539000e+01   1.6845278e-49
   2.5598000e+01   1.6833788e-49
   2.5657000e+01   1.6822302e-49
   2.5716000e+01   1.6810820e-49
   2.5776000e+01   1.6799342e-49
   2.5835000e+01   1.6787867e-49
   2.5895000e+01   1.6776397e-49
   2.5954000e+01   1.6765749e-49
   2.6014000e+01   1.6754286e-49
   2.6074000e+01   1.6742827e-49
   2.6134000e+01   1.6732190e-49
   2.6194000e+01   1.6721557e-49
   2.6255000e+01   1.6710109e-49
   2.6315000e+01   1.6699482e-49
   2.6376000e+01   1.6688859e-49
   2.6437000e+01   1.6678239e-49
   2.6498000e+01   1.6667623e-49
   2.6559000e+01   1.6657010e-49
   2.6620000e+01   1.6646400e-49
   2.6682000e+01   1.6636609e-49
   2.6743000e+01   1.6626006e-49
   2.6805000e+01   1.6615406e-49
   2.6867000e+01   1.6605625e-49
   2.6929000e+01   1.6595032e-49
   2.6991000e+01   1.6585256e-49
   2.7053000e+01   1.6575484e-49
   2.7115000e+01   1.6564900e-49
   2.7178000e+01   1.6555133e-49
   2.7241000e+01   1.6545370e-49
   2.7303000e+01   1.6535609e-49
   2.7366000e+01   1.6525851e-49
   2.7429000e+01   1.6516096e-49
   2.7493000e+01   1.6506344e-49
   2.7556000e+01   1.6497407e-49
   2.7620000e+01   1.6487660e-49
   2.7683000e+01   1.6477916e-49
   2.7747000e+01   1.6468987e-49
   2.7811000e+01   1.6459249e-49
   2.7875000e+01   1.6450325e-49
   2.7940000e+01   1.6440592e-49
   2.8004000e+01   1.6431673e-49
   2.8069000e+01   1.6422756e-49
   2.8133000e+01   1.6413842e-49
   2.8198000e+01   1.6404120e-49
   2.8263000e+01   1.6395211e-49
   2.8328000e+01   1.6386304e-49
   2.8394000e+01   1.6377400e-49
   2.8459000e+01   1.6368498e-49
   2.8525000e+01   1.6359598e-49
   2.8591000e+01   1.6351510e-49
   2.8656000e+01   1.6342615e-49
   2.8723000e+01   1.6333722e-49
   2.8789000e+01   1.6325640e-49
   2.8855000e+01   1.6316752e-49
   2.8922000e+01   1.6307867e-49
   2.8988000e+01   1.6299791e-49
   2.9055000e+01   1.6290910e-49
   2.9122000e+01   1.6282839e-49
   2.9189000e+01   1.6274770e-49
   2.9257000e+01   1.6265896e-49
   2.9324000e+01   1.6257830e-49
   2.9392000e+01   1.6249767e-49
   2.9460000e+01   1.6241706e-49
   2.9528000e+01   1.6233647e-49
   2.9596000e+01   1.6225590e-49
   2.9664000e+01   1.6217534e-49
   2.9732000e+01   1.6209481e-49
   2.9801000e+01   1.6201430e-49
   2.9870000e+01   1.6193381e-49
   2.9938000e+01   1.6185334e-49
   3.0007000e+01   1.6178093e-49
   3.0077000e+01   1.6170049e-49
   3.0146000e+01   1.6162008e-49
   3.0216000e+01   1.6154772e-49
   3.0285000e+01   1.6146735e-49
   3.0355000e+01   1.6139503e-49
   3.0425000e+01   1.6131469e-49
   3.0495000e+01   1.6124240e-49
   3.0566000e+01   1.6116210e-49
   3.0636000e+01   1.6108985e-49
   3.0707000e+01   1.6101761e-49
   3.0777000e+01   1.6093737e-49
   3.0848000e+01   1.6086517e-49
   3.0920000e+01   1.6079298e-49
   3.0991000e+01   1.6072081e-49
   3.1062000e+01   1.6064866e-49
   3.1134000e+01   1.6057652e-49
   3.1206000e+01   1.6050440e-49
   3.1278000e+01   1.6043229e-49
   3.1350000e+01   1.6036020e-49
   3.1422000e+01   1.6028813e-49
   3.1495000e+01   1.6021607e-49
   3.1567000e+01   1.6014403e-49
   3.1640000e+01   1.6008001e-49
   3.1713000e+01   1.6000800e-49
   3.1786000e+01   1.5993601e-49
   3.1859000e+01   1.5987203e-49
   3.1933000e+01   1.5980006e-49
   3.2007000e+01   1.5972812e-49
   3.2080000e+01   1.5966418e-49
   3.2154000e+01   1.5959226e-49
   3.2228000e+01   1.5952835e-49
   3.2303000e+01   1.5945646e-49
   3.2377000e+01   1.5939258e-49
   3.2452000e+01   1.5932871e-49
   3.2527000e+01   1.5925686e-49
   3.2602000e+01   1.5919302e-49
   3.2677000e+01   1.5912919e-49
   3.2752000e+01   1.5906537e-49
   3.2828000e+01   1.5899359e-49
   3.2904000e+01   1.5892980e-49
   3.2979000e+01   1.5886602e-49
   3.3055000e+01   1.5880225e-49
   3.3132000e+01   1.5873850e-49
   3.3208000e+01   1.5867476e-49
   3.3285000e+01   1.5861103e-49
   3.3361000e+01   1.5854731e-49
   3.3438000e+01   1.5848361e-49
   3.3515000e+01   1.5841992e-49
   3.3593000e+01   1.5835624e-49
   3.3670000e+01   1.5829258e-49
   3.3748000e+01   1.5823688e-49
   3.3826000e+01   1.5817324e-49
   3.3904000e+01   1.5810962e-49
   3.3982000e+01   1.5804600e-49
   3.4060000e+01   1.5799035e-49
   3.4139000e+01   1.5792676e-49
   3.4218000e+01   1.5787113e-49
   3.4296000e+01   1.5780756e-49
   3.4376000e+01   1.5774401e-49
   3.4455000e+01   1.5768841e-49
   3.4534000e+01   1.5762488e-49
   3.4614000e+01   1.5756930e-49
   3.4694000e+01   1.5750580e-49
   3.4774000e+01   1.5745024e-49
   3.4854000e+01   1.5739469e-49
   3.4934000e+01   1.5733122e-49
   3.5015000e+01   1.5727570e-49
   3.5096000e+01   1.5722018e-49
   3.5176000e+01   1.5715674e-49
   3.5258000e+01   1.5710125e-49
   3.5339000e+01   1.5704576e-49
   3.5420000e+01   1.5699029e-49
   3.5502000e+01   1.5693482e-49
   3.5584000e+01   1.5687937e-49
   3.5666000e+01   1.5681600e-49
   3.5748000e+01   1.5676056e-49
   3.5831000e+01   1.5670514e-49
   3.5913000e+01   1.5664972e-49
   3.5996000e+01   1.5659432e-49
   3.6079000e+01   1.5653892e-49
   3.6162000e+01   1.5648354e-49
   3.6246000e+01   1.5642816e-49
   3.6329000e+01   1.5638070e-49
   3.6413000e+01   1.5632534e-49
   3.6497000e+01   1.5627000e-49
   3.6581000e+01   1.5621466e-49
   3.6666000e+01   1.5615933e-49
   3.6750000e+01   1.5610401e-49
   3.6835000e+01   1.5605660e-49
   3.6920000e+01   1.5600130e-49
   3.7005000e+01   1.5594601e-49
   3.7090000e+01   1.5589863e-49
   3.7176000e+01   1.5584335e-49
   3.7262000e+01   1.5578809e-49
   3.7347000e+01   1.5574073e-49
   3.7434000e+01   1.5568548e-49
   3.7520000e+01   1.5563814e-49
   3.7606000e+01   1.5558291e-49
   3.7693000e+01   1.5553558e-49
   3.7780000e+01   1.5548038e-49
   3.7867000e+01   1.5543306e-49
   3.7955000e+01   1.5537787e-49
   3.8042000e+01   1.5533057e-49
   3.8130000e+01   1.5527540e-49
   3.8218000e+01   1.5522812e-49
   3.8306000e+01   1.5518084e-49
   3.8394000e+01   1.5512570e-49
   3.8483000e+01   1.5507844e-49
   3.8571000e+01   1.5503119e-49
   3.8660000e+01   1.5497607e-49
   3.8750000e+01   1.5492883e-49
   3.8839000e+01   1.5488160e-49
   3.8928000e+01   1.5483438e-49
   3.9018000e+01   1.5478716e-49
   3.9108000e+01   1.5473209e-49
   3.9198000e+01   1.5468489e-49
   3.9289000e+01   1.5463770e-49
   3.9379000e+01   1.5459051e-49
   3.9470000e+01   1.5454333e-49
   3.9561000e+01   1.5449616e-49
   3.9652000e+01   1.5444900e-49
   3.9744000e+01   1.5440184e-49
   3.9836000e+01   1.5435469e-49
   3.9927000e+01   1.5430755e-49
   4.0019000e+01   1.5426042e-49
   4.0112000e+01   1.5421329e-49
   4.0204000e+01   1.5416617e-49
   4.0297000e+01   1.5411906e-49
   4.0390000e+01   1.5407195e-49
   4.0483000e+01   1.5402485e-49
   4.0576000e+01   1.5398561e-49
   4.0670000e+01   1.5393852e-49
   4.0764000e+01   1.5389144e-49
   4.0858000e+01   1.5384437e-49
   4.0952000e+01   1.5379731e-49
   4.1046000e+01   1.5375809e-49
   4.1141000e+01   1.5371104e-49
   4.1236000e+01   1.5366400e-49
   4.1331000e+01   1.5362480e-49
   4.1426000e+01   1.5357777e-49
   4.1522000e+01   1.5353075e-49
   4.1618000e+01   1.5349157e-49
   4.1714000e+01   1.5344456e-49
   4.1810000e+01   1.5339756e-49
   4.1906000e+01   1.5335839e-49
   4.2003000e+01   1.5331140e-49
   4.2100000e+01   1.5327225e-49
   4.2197000e+01   1.5322527e-49
   4.2294000e+01   1.5318613e-49
   4.2392000e+01   1.5313917e-49
   4.2489000e+01   1.5310004e-49
   4.2587000e+01   1.5305309e-49
   4.2686000e+01   1.5301397e-49
   4.2784000e+01   1.5296703e-49
   4.2883000e+01   1.5292792e-49
   4.2981000e+01   1.5288100e-49
   4.3081000e+01   1.5284190e-49
   4.3180000e+01   1.5280281e-49
   4.3280000e+01   1.5275591e-49
   4.3379000e+01   1.5271682e-49
   4.3479000e+01   1.5267775e-49
   4.3580000e+01   1.5263086e-49
   4.3680000e+01   1.5259180e-49
   4.3781000e+01   1.5255274e-49
   4.3882000e+01   1.5251368e-49
   4.3983000e+01   1.5246682e-49
   4.4084000e+01   1.5242778e-49
   4.4186000e+01   1.5238874e-49
   4.4288000e+01   1.5234970e-49
   4.4390000e+01   1.5231067e-49
   4.4492000e+01   1.5226384e-49
   4.4595000e+01   1.5222483e-49
   4.4698000e+01   1.5218581e-49
   4.4801000e+01   1.5214680e-49
   4.4904000e+01   1.5210780e-49
   4.5008000e+01   1.5206880e-49
   4.5112000e+01   1.5202981e-49
   4.5216000e+01   1.5199082e-49
   4.5320000e+01   1.5195184e-49
   4.5424000e+01   1.5191286e-49
   4.5529000e+01   1.5187388e-49
   4.5634000e+01   1.5183492e-49
   4.5739000e+01   1.5179595e-49
   4.5845000e+01   1.5175699e-49
   4.5951000e+01   1.5171804e-49
   4.6057000e+01   1.5167909e-49
   4.6163000e+01   1.5164015e-49
   4.6269000e+01   1.5160121e-49
   4.6376000e+01   1.5156228e-49
   4.6483000e+01   1.5152335e-49
   4.6590000e+01   1.5149221e-49
   4.6697000e+01   1.5145329e-49
   4.6805000e+01   1.5141437e-49
   4.6913000e+01   1.5137546e-49
   4.7021000e+01   1.5133656e-49
   4.7130000e+01   1.5129766e-49
   4.7238000e+01   1.5126654e-49
   4.7347000e+01   1.5122765e-49
   4.7457000e+01   1.5118877e-49
   4.7566000e+01   1.5114989e-49
   4.7676000e+01   1.5111879e-49
   4.7786000e+01   1.5107992e-49
   4.7896000e+01   1.5104105e-49
   4.8006000e+01   1.5100996e-49
   4.8117000e+01   1.5097110e-49
   4.8228000e+01   1.5093225e-49
   4.8339000e+01   1.5090117e-49
   4.8451000e+01   1.5086233e-49
   4.8562000e+01   1.5082349e-49
   4.8674000e+01   1.5079242e-49
   4.8787000e+01   1.5075359e-49
   4.8899000e+01   1.5072253e-49
   4.9012000e+01   1.5068371e-49
   4.9125000e+01   1.5065266e-49
   4.9238000e+01   1.5061385e-49
   4.9352000e+01   1.5058280e-49
   4.9465000e+01   1.5054400e-49
   4.9579000e+01   1.5051296e-49
   4.9694000e+01   1.5047417e-49
   4.9808000e+01   1.5044314e-49
   4.9923000e+01   1.5040435e-49
   5.0038000e+01   1.5037333e-49
   5.0154000e+01   1.5033455e-49
   5.0269000e+01   1.5030354e-49
   5.0385000e+01   1.5026477e-49
   5.0502000e+01   1.5023376e-49
   5.0618000e+01   1.5020275e-49
   5.0735000e+01   1.5016400e-49
   5.0852000e+01   1.5013300e-49
   5.0969000e+01   1.5010200e-49
   5.1087000e+01   1.5006326e-49
   5.1204000e+01   1.5003228e-49
   5.1322000e+01   1.5000129e-49
   5.1441000e+01   1.4996256e-49
   5.1559000e+01   1.4993158e-49
   5.1678000e+01   1.4990061e-49
   5.1797000e+01   1.4986189e-49
   5.1917000e+01   1.4983093e-49
   5.2037000e+01   1.4979996e-49
   5.2157000e+01   1.4976900e-49
   5.2277000e+01   1.4973804e-49
   5.2397000e+01   1.4969935e-49
   5.2518000e+01   1.4966840e-49
   5.2639000e+01   1.4963745e-49
   5.2761000e+01   1.4960650e-49
   5.2882000e+01   1.4957556e-49
   5.3004000e+01   1.4954462e-49
   5.3127000e+01   1.4950596e-49
   5.3249000e+01   1.4947502e-49
   5.3372000e+01   1.4944410e-49
   5.3495000e+01   1.4941317e-49
   5.3618000e+01   1.4938225e-49
   5.3742000e+01   1.4935133e-49
   5.3866000e+01   1.4932042e-49
   5.3990000e+01   1.4928950e-49
   5.4115000e+01   1.4925860e-49
   5.4239000e+01   1.4922769e-49
   5.4365000e+01   1.4919679e-49
   5.4490000e+01   1.4916589e-49
   5.4616000e+01   1.4913499e-49
   5.4741000e+01   1.4910410e-49
   5.4868000e+01   1.4907321e-49
   5.4994000e+01   1.4904232e-49
   5.5121000e+01   1.4901144e-49
   5.5248000e+01   1.4898056e-49
   5.5376000e+01   1.4894968e-49
   5.5503000e+01   1.4891881e-49
   5.5631000e+01   1.4888794e-49
   5.5760000e+01   1.4885707e-49
   5.5888000e+01   1.4882621e-49
   5.6017000e+01   1.4879535e-49
   5.6146000e+01   1.4876449e-49
   5.6276000e+01   1.4874135e-49
   5.6405000e+01   1.4871050e-49
   5.6535000e+01   1.4867965e-49
   5.6666000e+01   1.4864880e-49
   5.6797000e+01   1.4861796e-49
   5.6928000e+01   1.4858712e-49
   5.7059000e+01   1.4856399e-49
   5.7190000e+01   1.4853316e-49
   5.7322000e+01   1.4850233e-49
   5.7454000e+01   1.4847150e-49
   5.7587000e+01   1.4844838e-49
   5.7720000e+01   1.4841756e-49
   5.7853000e+01   1.4838674e-49
   5.7986000e+01   1.4835593e-49
   5.8120000e+01   1.4833282e-49
   5.8254000e+01   1.4830201e-49
   5.8388000e+01   1.4827120e-49
   5.8523000e+01   1.4824810e-49
   5.8658000e+01   1.4821730e-49
   5.8793000e+01   1.4818650e-49
   5.8929000e+01   1.4816341e-49
   5.9065000e+01   1.4813261e-49
   5.9201000e+01   1.4810183e-49
   5.9337000e+01   1.4807874e-49
   5.9474000e+01   1.4804795e-49
   5.9611000e+01   1.4801717e-49
   5.9749000e+01   1.4799409e-49
   5.9887000e+01   1.4796332e-49
   6.0025000e+01   1.4794024e-49
   6.0163000e+01   1.4790947e-49
   6.0302000e+01   1.4787870e-49
   6.0441000e+01   1.4785563e-49
   6.0580000e+01   1.4782487e-49
   6.0720000e+01   1.4780180e-49
   6.0860000e+01   1.4777105e-49
   6.1000000e+01   1.4774798e-49
   6.1141000e+01   1.4771724e-49
   6.1282000e+01   1.4769418e-49
   6.1423000e+01   1.4766343e-49
   6.1565000e+01   1.4764038e-49
   6.1707000e+01   1.4760964e-49
   6.1849000e+01   1.4758659e-49
   6.1992000e+01   1.4755586e-49
   6.2135000e+01   1.4753281e-49
   6.2278000e+01   1.4750976e-49
   6.2422000e+01   1.4747904e-49
   6.2566000e+01   1.4745600e-49
   6.2710000e+01   1.4742528e-49
   6.2855000e+01   1.4740224e-49
   6.2999000e+01   1.4737921e-49
   6.3145000e+01   1.4734850e-49
   6.3290000e+01   1.4732547e-49
   6.3436000e+01   1.4729476e-49
   6.3583000e+01   1.4727174e-49
   6.3729000e+01   1.4724871e-49
   6.3876000e+01   1.4721802e-49
   6.4023000e+01   1.4719500e-49
   6.4171000e+01   1.4717198e-49
   6.4319000e+01   1.4714129e-49
   6.4467000e+01   1.4711827e-49
   6.4616000e+01   1.4709526e-49
   6.4765000e+01   1.4707225e-49
   6.4914000e+01   1.4704157e-49
   6.5064000e+01   1.4701856e-49
   6.5214000e+01   1.4699556e-49
   6.5365000e+01   1.4697256e-49
   6.5515000e+01   1.4694189e-49
   6.5666000e+01   1.4691889e-49
   6.5818000e+01   1.4689589e-49
   6.5970000e+01   1.4687290e-49
   6.6122000e+01   1.4684990e-49
   6.6274000e+01   1.4681925e-49
   6.6427000e+01   1.4679626e-49
   6.6580000e+01   1.4677327e-49
   6.6734000e+01   1.4675029e-49
   6.6888000e+01   1.4672730e-49
   6.7042000e+01   1.4669666e-49
   6.7196000e+01   1.4667368e-49
   6.7351000e+01   1.4665070e-49
   6.7507000e+01   1.4662773e-49
   6.7662000e+01   1.4660475e-49
   6.7818000e+01   1.4658178e-49
   6.7975000e+01   1.4655881e-49
   6.8132000e+01   1.4653584e-49
   6.8289000e+01   1.4651287e-49
   6.8446000e+01   1.4648991e-49
   6.8604000e+01   1.4645929e-49
   6.8762000e+01   1.4643633e-49
   6.8921000e+01   1.4641337e-49
   6.9080000e+01   1.4639041e-49
   6.9239000e+01   1.4636746e-49
   6.9399000e+01   1.4634450e-49
   6.9559000e+01   1.4632155e-49
   6.9719000e+01   1.4629860e-49
   6.9880000e+01   1.4627565e-49
   7.0041000e+01   1.4625270e-49
   7.0202000e+01   1.4622976e-49
   7.0364000e+01   1.4620682e-49
   7.0527000e+01   1.4618388e-49
   7.0689000e+01   1.4616094e-49
   7.0852000e+01   1.4613800e-49
   7.1016000e+01   1.4611506e-49
   7.1179000e+01   1.4609213e-49
   7.1344000e+01   1.4607684e-49
   7.1508000e+01   1.4605391e-49
   7.1673000e+01   1.4603098e-49
   7.1838000e+01   1.4600805e-49
   7.2004000e+01   1.4598513e-49
   7.2170000e+01   1.4596220e-49
   7.2336000e+01   1.4593928e-49
   7.2503000e+01   1.4591636e-49
   7.2670000e+01   1.4589344e-49
   7.2838000e+01   1.4587816e-49
   7.3006000e+01   1.4585525e-49
   7.3174000e+01   1.4583233e-49
   7.3343000e+01   1.4580942e-49
   7.3512000e+01   1.4578651e-49
   7.3682000e+01   1.4576360e-49
   7.3852000e+01   1.4574833e-49
   7.4022000e+01   1.4572543e-49
   7.4193000e+01   1.4570252e-49
   7.4364000e+01   1.4567962e-49
   7.4535000e+01   1.4565672e-49
   7.4707000e+01   1.4564146e-49
   7.4879000e+01   1.4561856e-49
   7.5052000e+01   1.4559566e-49
   7.5225000e+01   1.4557277e-49
   7.5399000e+01   1.4555751e-49
   7.5572000e+01   1.4553462e-49
   7.5747000e+01   1.4551173e-49
   7.5921000e+01   1.4548884e-49
   7.6096000e+01   1.4547359e-49
   7.6272000e+01   1.4545070e-49
   7.6448000e+01   1.4542782e-49
   7.6624000e+01   1.4541257e-49
   7.6801000e+01   1.4538969e-49
   7.6978000e+01   1.4536681e-49
   7.7155000e+01   1.4535156e-49
   7.7333000e+01   1.4532869e-49
   7.7512000e+01   1.4530582e-49
   7.7690000e+01   1.4529057e-49
   7.7870000e+01   1.4526770e-49
   7.8049000e+01   1.4524483e-49
   7.8229000e+01   1.4522959e-49
   7.8409000e+01   1.4520672e-49
   7.8590000e+01   1.4519148e-49
   7.8772000e+01   1.4516862e-49
   7.8953000e+01   1.4514576e-49
   7.9135000e+01   1.4513052e-49
   7.9318000e+01   1.4510766e-49
   7.9501000e+01   1.4509243e-49
   7.9684000e+01   1.4506957e-49
   7.9868000e+01   1.4504672e-49
   8.0052000e+01   1.4503149e-49
   8.0236000e+01   1.4500864e-49
   8.0421000e+01   1.4499341e-49
   8.0607000e+01   1.4497056e-49
   8.0793000e+01   1.4495533e-49
   8.0979000e+01   1.4493249e-49
   8.1166000e+01   1.4491726e-49
   8.1353000e+01   1.4489442e-49
   8.1541000e+01   1.4487920e-49
   8.1729000e+01   1.4485636e-49
   8.1917000e+01   1.4484114e-49
   8.2106000e+01   1.4481830e-49
   8.2295000e+01   1.4480308e-49
   8.2485000e+01   1.4478025e-49
   8.2675000e+01   1.4476503e-49
   8.2866000e+01   1.4474981e-49
   8.3057000e+01   1.4472698e-49
   8.3249000e+01   1.4471177e-49
   8.3441000e+01   1.4468894e-49
   8.3633000e+01   1.4467373e-49
   8.3826000e+01   1.4465091e-49
   8.4019000e+01   1.4463570e-49
   8.4213000e+01   1.4462048e-49
   8.4407000e+01   1.4459767e-49
   8.4602000e+01   1.4458246e-49
   8.4797000e+01   1.4456725e-49
   8.4992000e+01   1.4454444e-49
   8.5188000e+01   1.4452923e-49
   8.5385000e+01   1.4450642e-49
   8.5582000e+01   1.4449121e-49
   8.5779000e+01   1.4447601e-49
   8.5977000e+01   1.4445320e-49
   8.6175000e+01   1.4443800e-49
   8.6374000e+01   1.4442280e-49
   8.6573000e+01   1.4440760e-49
   8.6773000e+01   1.4438480e-49
   8.6973000e+01   1.4436960e-49
   8.7173000e+01   1.4435440e-49
   8.7374000e+01   1.4433161e-49
   8.7576000e+01   1.4431641e-49
   8.7778000e+01   1.4430122e-49
   8.7980000e+01   1.4428602e-49
   8.8183000e+01   1.4426323e-49
   8.8386000e+01   1.4424804e-49
   8.8590000e+01   1.4423285e-49
   8.8795000e+01   1.4421766e-49
   8.8999000e+01   1.4419487e-49
   8.9205000e+01   1.4417968e-49
   8.9410000e+01   1.4416450e-49
   8.9616000e+01   1.4414931e-49
   8.9823000e+01   1.4413412e-49
   9.0030000e+01   1.4411134e-49
   9.0238000e+01   1.4409616e-49
   9.0446000e+01   1.4408098e-49
   9.0655000e+01   1.4406579e-49
   9.0864000e+01   1.4405061e-49
   9.1073000e+01   1.4402784e-49
   9.1283000e+01   1.4401266e-49
   9.1494000e+01   1.4399748e-49
   9.1705000e+01   1.4398230e-49
   9.1916000e+01   1.4396712e-49
   9.2128000e+01   1.4395195e-49
   9.2340000e+01   1.4393677e-49
   9.2553000e+01   1.4392160e-49
   9.2767000e+01   1.4389884e-49
   9.2981000e+01   1.4388366e-49
   9.3195000e+01   1.4386849e-49
   9.3410000e+01   1.4385332e-49
   9.3625000e+01   1.4383815e-49
   9.3841000e+01   1.4382298e-49
   9.4058000e+01   1.4380781e-49
   9.4275000e+01   1.4379264e-49
   9.4492000e+01   1.4377747e-49
   9.4710000e+01   1.4376231e-49
   9.4928000e+01   1.4374714e-49
   9.5147000e+01   1.4373197e-49
   9.5367000e+01   1.4371681e-49
   9.5587000e+01   1.4370165e-49
   9.5807000e+01   1.4368648e-49
   9.6028000e+01   1.4367132e-49
   9.6249000e+01   1.4365616e-49
   9.6471000e+01   1.4364100e-49
   9.6694000e+01   1.4362584e-49
   9.6917000e+01   1.4361068e-49
   9.7140000e+01   1.4359552e-49
   9.7364000e+01   1.4358037e-49
   9.7589000e+01   1.4356521e-49
   9.7814000e+01   1.4355005e-49
   9.8039000e+01   1.4353490e-49
   9.8266000e+01   1.4351975e-49
   9.8492000e+01   1.4350459e-49
   9.8719000e+01   1.4348944e-49
   9.8947000e+01   1.4347429e-49
   9.9175000e+01   1.4345914e-49
   9.9404000e+01   1.4345156e-49
   9.9633000e+01   1.4343641e-49
   9.9863000e+01   1.4342126e-49
   1.0009000e+02   1.4340612e-49
   1.0032000e+02   1.4339097e-49
   1.0056000e+02   1.4337582e-49
   1.0079000e+02   1.4336068e-49
   1.0102000e+02   1.4334553e-49
   1.0125000e+02   1.4333796e-49
   1.0149000e+02   1.4332282e-49
   1.0172000e+02   1.4330767e-49
   1.0195000e+02   1.4329253e-49
   1.0219000e+02   1.4327739e-49
   1.0243000e+02   1.4326225e-49
   1.0266000e+02   1.4325468e-49
   1.0290000e+02   1.4323954e-49
   1.0314000e+02   1.4322440e-49
   1.0337000e+02   1.4320926e-49
   1.0361000e+02   1.4319413e-49
   1.0385000e+02   1.4318656e-49
   1.0409000e+02   1.4317142e-49
   1.0433000e+02   1.4315629e-49
   1.0457000e+02   1.4314116e-49
   1.0481000e+02   1.4313359e-49
   1.0505000e+02   1.4311846e-49
   1.0530000e+02   1.4310332e-49
   1.0554000e+02   1.4308819e-49
   1.0578000e+02   1.4308063e-49
   1.0603000e+02   1.4306550e-49
   1.0627000e+02   1.4305037e-49
   1.0652000e+02   1.4304280e-49
   1.0676000e+02   1.4302768e-49
   1.0701000e+02   1.4301255e-49
   1.0725000e+02   1.4299742e-49
   1.0750000e+02   1.4298986e-49
   1.0775000e+02   1.4297473e-49
   1.0800000e+02   1.4295961e-49
   1.0825000e+02   1.4295205e-49
   1.0850000e+02   1.4293692e-49
   1.0875000e+02   1.4292180e-49
   1.0900000e+02   1.4291424e-49
   1.0925000e+02   1.4289912e-49
   1.0950000e+02   1.4289156e-49
   1.0975000e+02   1.4287644e-49
   1.1001000e+02   1.4286132e-49
   1.1026000e+02   1.4285376e-49
   1.1051000e+02   1.4283864e-49
   1.1077000e+02   1.4283108e-49
   1.1102000e+02   1.4281597e-49
   1.1128000e+02   1.4280085e-49
   1.1154000e+02   1.4279329e-49
   1.1179000e+02   1.4277818e-49
   1.1205000e+02   1.4277062e-49
   1.1231000e+02   1.4275551e-49
   1.1257000e+02   1.4274795e-49
   1.1283000e+02   1.4273284e-49
   1.1309000e+02   1.4271773e-49
   1.1335000e+02   1.4271017e-49
   1.1361000e+02   1.4269506e-49
   1.1387000e+02   1.4268751e-49
   1.1414000e+02   1.4267240e-49
   1.1440000e+02   1.4266484e-49
   1.1466000e+02   1.4264974e-49
   1.1493000e+02   1.4264218e-49
   1.1519000e+02   1.4262708e-49
   1.1546000e+02   1.4261952e-49
   1.1572000e+02   1.4260442e-49
   1.1599000e+02   1.4259686e-49
   1.1626000e+02   1.4258931e-49
   1.1653000e+02   1.4257421e-49
   1.1680000e+02   1.4256666e-49
   1.1706000e+02   1.4255155e-49
   1.1733000e+02   1.4254400e-49
   1.1761000e+02   1.4252890e-49
   1.1788000e+02   1.4252135e-49
   1.1815000e+02   1.4251380e-49
   1.1842000e+02   1.4249870e-49
   1.1869000e+02   1.4249115e-49
   1.1897000e+02   1.4247605e-49
   1.1924000e+02   1.4246850e-49
   1.1952000e+02   1.4246095e-49
   1.1979000e+02   1.4244586e-49
   1.2007000e+02   1.4243831e-49
   1.2035000e+02   1.4243076e-49
   1.2062000e+02   1.4241566e-49
   1.2090000e+02   1.4240812e-49
   1.2118000e+02   1.4239302e-49
   1.2146000e+02   1.4238548e-49
   1.2174000e+02   1.4237793e-49
   1.2202000e+02   1.4237038e-49
   1.2230000e+02   1.4235529e-49
   1.2258000e+02   1.4234774e-49
   1.2287000e+02   1.4234020e-49
   1.2315000e+02   1.4232511e-49
   1.2343000e+02   1.4231756e-49
   1.2372000e+02   1.4231002e-49
   1.2400000e+02   1.4229493e-49
   1.2429000e+02   1.4228738e-49
   1.2458000e+02   1.4227984e-49
   1.2486000e+02   1.4227230e-49
   1.2515000e+02   1.4225721e-49
   1.2544000e+02   1.4224967e-49
   1.2573000e+02   1.4224212e-49
   1.2602000e+02   1.4223458e-49
   1.2631000e+02   1.4222704e-49
   1.2660000e+02   1.4221195e-49
   1.2689000e+02   1.4220441e-49
   1.2719000e+02   1.4219687e-49
   1.2748000e+02   1.4218933e-49
   1.2777000e+02   1.4218178e-49
   1.2807000e+02   1.4216670e-49
   1.2836000e+02   1.4215916e-49
   1.2866000e+02   1.4215162e-49
   1.2896000e+02   1.4214408e-49
   1.2925000e+02   1.4213654e-49
   1.2955000e+02   1.4212900e-49
   1.2985000e+02   1.4212146e-49
   1.3015000e+02   1.4210638e-49
   1.3045000e+02   1.4209884e-49
   1.3075000e+02   1.4209130e-49
   1.3105000e+02   1.4208376e-49
   1.3135000e+02   1.4207622e-49
   1.3166000e+02   1.4206869e-49
   1.3196000e+02   1.4206115e-49
   1.3226000e+02   1.4205361e-49
   1.3257000e+02   1.4204607e-49
   1.3288000e+02   1.4203853e-49
   1.3318000e+02   1.4202346e-49
   1.3349000e+02   1.4201592e-49
   1.3380000e+02   1.4200839e-49
   1.3411000e+02   1.4200085e-49
   1.3441000e+02   1.4199331e-49
   1.3472000e+02   1.4198578e-49
   1.3504000e+02   1.4197824e-49
   1.3535000e+02   1.4197070e-49
   1.3566000e+02   1.4196317e-49
   1.3597000e+02   1.4195563e-49
   1.3629000e+02   1.4194810e-49
   1.3660000e+02   1.4194056e-49
   1.3691000e+02   1.4193303e-49
   1.3723000e+02   1.4192549e-49
   1.3755000e+02   1.4191796e-49
   1.3786000e+02   1.4191042e-49
   1.3818000e+02   1.4190289e-49
   1.3850000e+02   1.4190289e-49
   1.3882000e+02   1.4189536e-49
   1.3914000e+02   1.4188782e-49
   1.3946000e+02   1.4188029e-49
   1.3978000e+02   1.4187276e-49
   1.4010000e+02   1.4186522e-49
   1.4043000e+02   1.4185769e-49
   1.4075000e+02   1.4185016e-49
   1.4108000e+02   1.4184262e-49
   1.4140000e+02   1.4183509e-49
   1.4173000e+02   1.4183509e-49
   1.4205000e+02   1.4182756e-49
   1.4238000e+02   1.4182003e-49
   1.4271000e+02   1.4181250e-49
   1.4304000e+02   1.4180496e-49
   1.4337000e+02   1.4179743e-49
   1.4370000e+02   1.4178990e-49
   1.4403000e+02   1.4178990e-49
   1.4436000e+02   1.4178237e-49
   1.4470000e+02   1.4177484e-49
   1.4503000e+02   1.4176731e-49
   1.4536000e+02   1.4175978e-49
   1.4570000e+02   1.4175978e-49
   1.4604000e+02   1.4175225e-49
   1.4637000e+02   1.4174472e-49
   1.4671000e+02   1.4173719e-49
   1.4705000e+02   1.4173719e-49
   1.4739000e+02   1.4172966e-49
   1.4773000e+02   1.4172213e-49
   1.4807000e+02   1.4171460e-49
   1.4841000e+02   1.4171460e-49
   1.4875000e+02   1.4170707e-49
   1.4909000e+02   1.4169954e-49
   1.4944000e+02   1.4169954e-49
   1.4978000e+02   1.4169202e-49
   1.5013000e+02   1.4168449e-49
   1.5047000e+02   1.4167696e-49
   1.5082000e+02   1.4167696e-49
   1.5117000e+02   1.4166943e-49
   1.5152000e+02   1.4166190e-49
   1.5187000e+02   1.4166190e-49
   1.5222000e+02   1.4165438e-49
   1.5257000e+02   1.4165438e-49
   1.5292000e+02   1.4164685e-49
   1.5327000e+02   1.4163932e-49
   1.5363000e+02   1.4163932e-49
   1.5398000e+02   1.4163180e-49
   1.5434000e+02   1.4163180e-49
   1.5469000e+02   1.4162427e-49
   1.5505000e+02   1.4161674e-49
   1.5541000e+02   1.4161674e-49
   1.5576000e+02   1.4160922e-49
   1.5612000e+02   1.4160922e-49
   1.5648000e+02   1.4160169e-49
   1.5684000e+02   1.4160169e-49
   1.5721000e+02   1.4159416e-49
   1.5757000e+02   1.4159416e-49
   1.5793000e+02   1.4158664e-49
   1.5830000e+02   1.4157911e-49
   1.5866000e+02   1.4157911e-49
   1.5903000e+02   1.4157159e-49
   1.5939000e+02   1.4157159e-49
   1.5976000e+02   1.4157159e-49
   1.6013000e+02   1.4156406e-49
   1.6050000e+02   1.4156406e-49
   1.6087000e+02   1.4155654e-49
   1.6124000e+02   1.4155654e-49
   1.6161000e+02   1.4154901e-49
   1.6198000e+02   1.4154901e-49
   1.6236000e+02   1.4154149e-49
   1.6273000e+02   1.4154149e-49
   1.6311000e+02   1.4154149e-49
   1.6348000e+02   1.4153396e-49
   1.6386000e+02   1.4153396e-49
   1.6424000e+02   1.4152644e-49
   1.6462000e+02   1.4152644e-49
   1.6500000e+02   1.4152644e-49
   1.6538000e+02   1.4151892e-49
   1.6576000e+02   1.4151892e-49
   1.6614000e+02   1.4151892e-49
   1.6652000e+02   1.4151139e-49
   1.6691000e+02   1.4151139e-49
   1.6729000e+02   1.4151139e-49
   1.6768000e+02   1.4150387e-49
   1.6807000e+02   1.4150387e-49
   1.6845000e+02   1.4150387e-49
   1.6884000e+02   1.4149635e-49
   1.6923000e+02   1.4149635e-49
   1.6962000e+02   1.4149635e-49
   1.7001000e+02   1.4149635e-49
   1.7040000e+02   1.4148882e-49
   1.7080000e+02   1.4148882e-49
   1.7119000e+02   1.4148882e-49
   1.7159000e+02   1.4148882e-49
   1.7198000e+02   1.4148130e-49
   1.7238000e+02   1.4148130e-49
   1.7278000e+02   1.4148130e-49
   1.7317000e+02   1.4148130e-49
   1.7357000e+02   1.4148130e-49
   1.7397000e+02   1.4148130e-49
   1.7437000e+02   1.4147378e-49
   1.7478000e+02   1.4147378e-49
   1.7518000e+02   1.4147378e-49
   1.7558000e+02   1.4147378e-49
   1.7599000e+02   1.4147378e-49
   1.7639000e+02   1.4147378e-49
   1.7680000e+02   1.4147378e-49
   1.7721000e+02   1.4146625e-49
   1.7762000e+02   1.4146625e-49
   1.7803000e+02   1.4146625e-49
   1.7844000e+02   1.4146625e-49
   1.7885000e+02   1.4146625e-49
   1.7926000e+02   1.4146625e-49
   1.7968000e+02   1.4146625e-49
   1.8009000e+02   1.4146625e-49
   1.8050000e+02   1.4146625e-49
   1.8092000e+02   1.4146625e-49
   1.8134000e+02   1.4146625e-49
   1.8176000e+02   1.4146625e-49
   1.8218000e+02   1.4146625e-49
   1.8260000e+02   1.4146625e-49
   1.8302000e+02   1.4146625e-49
   1.8344000e+02   1.4146625e-49
   1.8386000e+02   1.4146625e-49
   1.8429000e+02   1.4146625e-49
   1.8471000e+02   1.4146625e-49
   1.8514000e+02   1.4146625e-49
   1.8556000e+02   1.4146625e-49
   1.8599000e+02   1.4146625e-49
   1.8642000e+02   1.4146625e-49
   1.8685000e+02   1.4147378e-49
   1.8728000e+02   1.4147378e-49
   1.8771000e+02   1.4147378e-49
   1.8815000e+02   1.4147378e-49
   1.8858000e+02   1.4147378e-49
   1.8901000e+02   1.4147378e-49
   1.8945000e+02   1.4147378e-49
   1.8989000e+02   1.4148130e-49
   1.9033000e+02   1.4148130e-49
   1.9076000e+02   1.4148130e-49
   1.9120000e+02   1.4148130e-49
   1.9165000e+02   1.4148130e-49
   1.9209000e+02   1.4148882e-49
   1.9253000e+02   1.4148882e-49
   1.9297000e+02   1.4148882e-49
   1.9342000e+02   1.4148882e-49
   1.9387000e+02   1.4149635e-49
   1.9431000e+02   1.4149635e-49
   1.9476000e+02   1.4149635e-49
   1.9521000e+02   1.4149635e-49
   1.9566000e+02   1.4150387e-49
   1.9611000e+02   1.4150387e-49
   1.9656000e+02   1.4150387e-49
   1.9702000e+02   1.4151139e-49
   1.9747000e+02   1.4151139e-49
   1.9793000e+02   1.4151139e-49
   1.9838000e+02   1.4151892e-49
   1.9884000e+02   1.4151892e-49
   1.9930000e+02   1.4151892e-49
   1.9976000e+02   1.4152644e-49
   2.0022000e+02   1.4152644e-49
   2.0068000e+02   1.4153396e-49
   2.0114000e+02   1.4153396e-49
   2.0161000e+02   1.4154149e-49
   2.0207000e+02   1.4154149e-49
   2.0254000e+02   1.4154149e-49
   2.0300000e+02   1.4154901e-49
   2.0347000e+02   1.4154901e-49
   2.0394000e+02   1.4155654e-49
   2.0441000e+02   1.4155654e-49
   2.0488000e+02   1.4156406e-49
   2.0536000e+02   1.4156406e-49
   2.0583000e+02   1.4157159e-49
   2.0630000e+02   1.4157159e-49
   2.0678000e+02   1.4157911e-49
   2.0726000e+02   1.4158664e-49
   2.0773000e+02   1.4158664e-49
   2.0821000e+02   1.4159416e-49
   2.0869000e+02   1.4159416e-49
   2.0918000e+02   1.4160169e-49
   2.0966000e+02   1.4160922e-49
   2.1014000e+02   1.4160922e-49
   2.1063000e+02   1.4161674e-49
   2.1111000e+02   1.4161674e-49
   2.1160000e+02   1.4162427e-49
   2.1209000e+02   1.4163180e-49
   2.1258000e+02   1.4163180e-49
   2.1307000e+02   1.4163932e-49
   2.1356000e+02   1.4164685e-49
   2.1405000e+02   1.4165438e-49
   2.1454000e+02   1.4165438e-49
   2.1504000e+02   1.4166190e-49
   2.1553000e+02   1.4166943e-49
   2.1603000e+02   1.4167696e-49
   2.1653000e+02   1.4167696e-49
   2.1703000e+02   1.4168449e-49
   2.1753000e+02   1.4169202e-49
   2.1803000e+02   1.4169954e-49
   2.1853000e+02   1.4170707e-49
   2.1904000e+02   1.4170707e-49
   2.1954000e+02   1.4171460e-49
   2.2005000e+02   1.4172213e-49
   2.2056000e+02   1.4172966e-49
   2.2106000e+02   1.4173719e-49
   2.2157000e+02   1.4174472e-49
   2.2208000e+02   1.4175225e-49
   2.2260000e+02   1.4175978e-49
   2.2311000e+02   1.4176731e-49
   2.2362000e+02   1.4176731e-49
   2.2414000e+02   1.4177484e-49
   2.2466000e+02   1.4178237e-49
   2.2518000e+02   1.4178990e-49
   2.2569000e+02   1.4179743e-49
   2.2622000e+02   1.4180496e-49
   2.2674000e+02   1.4181250e-49
   2.2726000e+02   1.4182003e-49
   2.2778000e+02   1.4182756e-49
   2.2831000e+02   1.4183509e-49
   2.2884000e+02   1.4185016e-49
   2.2936000e+02   1.4185769e-49
   2.2989000e+02   1.4186522e-49
   2.3042000e+02   1.4187276e-49
   2.3095000e+02   1.4188029e-49
   2.3149000e+02   1.4188782e-49
   2.3202000e+02   1.4189536e-49
   2.3256000e+02   1.4190289e-49
   2.3309000e+02   1.4191796e-49
   2.3363000e+02   1.4192549e-49
   2.3417000e+02   1.4193303e-49
   2.3471000e+02   1.4194056e-49
   2.3525000e+02   1.4194810e-49
   2.3579000e+02   1.4196317e-49
   2.3634000e+02   1.4197070e-49
   2.3688000e+02   1.4197824e-49
   2.3743000e+02   1.4198578e-49
   2.3797000e+02   1.4200085e-49
   2.3852000e+02   1.4200839e-49
   2.3907000e+02   1.4201592e-49
   2.3962000e+02   1.4203100e-49
   2.4018000e+02   1.4203853e-49
   2.4073000e+02   1.4204607e-49
   2.4129000e+02   1.4206115e-49
   2.4184000e+02   1.4206869e-49
   2.4240000e+02   1.4208376e-49
   2.4296000e+02   1.4209130e-49
   2.4352000e+02   1.4209884e-49
   2.4408000e+02   1.4211392e-49
   2.4464000e+02   1.4212146e-49
   2.4521000e+02   1.4213654e-49
   2.4577000e+02   1.4214408e-49
   2.4634000e+02   1.4215916e-49
   2.4691000e+02   1.4216670e-49
   2.4748000e+02   1.4218178e-49
   2.4805000e+02   1.4218933e-49
   2.4862000e+02   1.4220441e-49
   2.4919000e+02   1.4221195e-49
   2.4977000e+02   1.4222704e-49
   2.5034000e+02   1.4224212e-49
   2.5092000e+02   1.4224967e-49
   2.5150000e+02   1.4226475e-49
   2.5208000e+02   1.4227984e-49
   2.5266000e+02   1.4228738e-49
   2.5324000e+02   1.4230247e-49
   2.5383000e+02   1.4231756e-49
   2.5441000e+02   1.4232511e-49
   2.5500000e+02   1.4234020e-49
   2.5559000e+02   1.4235529e-49
   2.5618000e+02   1.4236284e-49
   2.5677000e+02   1.4237793e-49
   2.5736000e+02   1.4239302e-49
   2.5795000e+02   1.4240812e-49
   2.5855000e+02   1.4242321e-49
   2.5914000e+02   1.4243076e-49
   2.5974000e+02   1.4244586e-49
   2.6034000e+02   1.4246095e-49
   2.6094000e+02   1.4247605e-49
   2.6154000e+02   1.4249115e-49
   2.6215000e+02   1.4250625e-49
   2.6275000e+02   1.4252135e-49
   2.6336000e+02   1.4253645e-49
   2.6396000e+02   1.4255155e-49
   2.6457000e+02   1.4256666e-49
   2.6518000e+02   1.4258176e-49
   2.6579000e+02   1.4259686e-49
   2.6641000e+02   1.4261197e-49
   2.6702000e+02   1.4262708e-49
   2.6764000e+02   1.4264218e-49
   2.6825000e+02   1.4265729e-49
   2.6887000e+02   1.4267240e-49
   2.6949000e+02   1.4268751e-49
   2.7011000e+02   1.4270262e-49
   2.7074000e+02   1.4271773e-49
   2.7136000e+02   1.4274040e-49
   2.7199000e+02   1.4275551e-49
   2.7261000e+02   1.4277062e-49
   2.7324000e+02   1.4278574e-49
   2.7387000e+02   1.4280085e-49
   2.7450000e+02   1.4282353e-49
   2.7514000e+02   1.4283864e-49
   2.7577000e+02   1.4285376e-49
   2.7641000e+02   1.4286888e-49
   2.7705000e+02   1.4289156e-49
   2.7768000e+02   1.4290668e-49
   2.7832000e+02   1.4292180e-49
   2.7897000e+02   1.4294449e-49
   2.7961000e+02   1.4295961e-49
   2.8025000e+02   1.4298230e-49
   2.8090000e+02   1.4299742e-49
   2.8155000e+02   1.4302011e-49
   2.8220000e+02   1.4303524e-49
   2.8285000e+02   1.4305037e-49
   2.8350000e+02   1.4307306e-49
   2.8415000e+02   1.4308819e-49
   2.8481000e+02   1.4311089e-49
   2.8547000e+02   1.4313359e-49
   2.8613000e+02   1.4314872e-49
   2.8678000e+02   1.4317142e-49
   2.8745000e+02   1.4318656e-49
   2.8811000e+02   1.4320926e-49
   2.8877000e+02   1.4323197e-49
   2.8944000e+02   1.4324711e-49
   2.9011000e+02   1.4326982e-49
   2.9078000e+02   1.4329253e-49
   2.9145000e+02   1.4330767e-49
   2.9212000e+02   1.4333039e-49
   2.9279000e+02   1.4335310e-49
   2.9347000e+02   1.4337582e-49
   2.9414000e+02   1.4339854e-49
   2.9482000e+02   1.4341369e-49
   2.9550000e+02   1.4343641e-49
   2.9618000e+02   1.4345914e-49
   2.9687000e+02   1.4348186e-49
   2.9755000e+02   1.4350459e-49
   2.9824000e+02   1.4352732e-49
   2.9892000e+02   1.4355005e-49
   2.9961000e+02   1.4357279e-49
   3.0031000e+02   1.4359552e-49
   3.0100000e+02   1.4361826e-49
   3.0169000e+02   1.4364100e-49
   3.0239000e+02   1.4366374e-49
   3.0308000e+02   1.4368648e-49
   3.0378000e+02   1.4370923e-49
   3.0448000e+02   1.4373197e-49
   3.0519000e+02   1.4375472e-49
   3.0589000e+02   1.4378506e-49
   3.0660000e+02   1.4380781e-49
   3.0730000e+02   1.4383056e-49
   3.0801000e+02   1.4385332e-49
   3.0872000e+02   1.4387608e-49
   3.0943000e+02   1.4390642e-49
   3.1015000e+02   1.4392918e-49
   3.1086000e+02   1.4395195e-49
   3.1158000e+02   1.4398230e-49
   3.1230000e+02   1.4400507e-49
   3.1302000e+02   1.4402784e-49
   3.1374000e+02   1.4405820e-49
   3.1446000e+02   1.4408098e-49
   3.1519000e+02   1.4411134e-49
   3.1591000e+02   1.4413412e-49
   3.1664000e+02   1.4416450e-49
   3.1737000e+02   1.4418728e-49
   3.1811000e+02   1.4421766e-49
   3.1884000e+02   1.4424044e-49
   3.1957000e+02   1.4427083e-49
   3.2031000e+02   1.4430122e-49
   3.2105000e+02   1.4432401e-49
   3.2179000e+02   1.4435440e-49
   3.2253000e+02   1.4438480e-49
   3.2328000e+02   1.4440760e-49
   3.2402000e+02   1.4443800e-49
   3.2477000e+02   1.4446841e-49
   3.2552000e+02   1.4449882e-49
   3.2627000e+02   1.4452923e-49
   3.2702000e+02   1.4455204e-49
   3.2777000e+02   1.4458246e-49
   3.2853000e+02   1.4461288e-49
   3.2929000e+02   1.4464330e-49
   3.3005000e+02   1.4467373e-49
   3.3081000e+02   1.4470416e-49
   3.3157000e+02   1.4473459e-49
   3.3234000e+02   1.4477264e-49
   3.3310000e+02   1.4480308e-49
   3.3387000e+02   1.4483352e-49
   3.3464000e+02   1.4487158e-49
   3.3541000e+02   1.4490204e-49
   3.3619000e+02   1.4494010e-49
   3.3696000e+02   1.4498579e-49
   3.3774000e+02   1.4503149e-49
   3.3852000e+02   1.4510005e-49
   3.3930000e+02   1.4522959e-49
   3.4008000e+02   1.4564909e-49
   3.4086000e+02   1.5530693e-49
   3.4165000e+02   1.4712594e-49
   3.4244000e+02   1.4550410e-49
   3.4323000e+02   1.4533631e-49
   3.4402000e+02   1.4531344e-49
   3.4481000e+02   1.4532106e-49
   3.4561000e+02   1.4533631e-49
   3.4640000e+02   1.4536681e-49
   3.4720000e+02   1.4539732e-49
   3.4800000e+02   1.4542782e-49
   3.4881000e+02   1.4545833e-49
   3.4961000e+02   1.4549647e-49
   3.5042000e+02   1.4552699e-49
   3.5123000e+02   1.4555751e-49
   3.5204000e+02   1.4559566e-49
   3.5285000e+02   1.4563382e-49
   3.5366000e+02   1.4566436e-49
   3.5448000e+02   1.4570252e-49
   3.5529000e+02   1.4574070e-49
   3.5611000e+02   1.4577888e-49
   3.5693000e+02   1.4581706e-49
   3.5776000e+02   1.4584761e-49
   3.5858000e+02   1.4588580e-49
   3.5941000e+02   1.4592400e-49
   3.6024000e+02   1.4596220e-49
   3.6107000e+02   1.4600041e-49
   3.6190000e+02   1.4603862e-49
   3.6274000e+02   1.4607684e-49
   3.6357000e+02   1.4611506e-49
   3.6441000e+02   1.4616094e-49
   3.6525000e+02   1.4619917e-49
   3.6609000e+02   1.4623741e-49
   3.6694000e+02   1.4627565e-49
   3.6778000e+02   1.4631390e-49
   3.6863000e+02   1.4635980e-49
   3.6948000e+02   1.4639806e-49
   3.7033000e+02   1.4643633e-49
   3.7119000e+02   1.4648225e-49
   3.7204000e+02   1.4652053e-49
   3.7290000e+02   1.4656647e-49
   3.7376000e+02   1.4660475e-49
   3.7462000e+02   1.4665070e-49
   3.7549000e+02   1.4668900e-49
   3.7635000e+02   1.4673496e-49
   3.7722000e+02   1.4677327e-49
   3.7809000e+02   1.4681925e-49
   3.7896000e+02   1.4686523e-49
   3.7984000e+02   1.4690356e-49
   3.8071000e+02   1.4694956e-49
   3.8159000e+02   1.4699556e-49
   3.8247000e+02   1.4704157e-49
   3.8335000e+02   1.4708759e-49
   3.8424000e+02   1.4713362e-49
   3.8512000e+02   1.4717965e-49
   3.8601000e+02   1.4721802e-49
   3.8690000e+02   1.4726406e-49
   3.8779000e+02   1.4731779e-49
   3.8869000e+02   1.4736385e-49
   3.8958000e+02   1.4740992e-49
   3.9048000e+02   1.4745600e-49
   3.9138000e+02   1.4750208e-49
   3.9228000e+02   1.4754817e-49
   3.9319000e+02   1.4760196e-49
   3.9410000e+02   1.4764806e-49
   3.9500000e+02   1.4769418e-49
   3.9592000e+02   1.4774030e-49
   3.9683000e+02   1.4779411e-49
   3.9774000e+02   1.4784025e-49
   3.9866000e+02   1.4789408e-49
   3.9958000e+02   1.4794024e-49
   4.0050000e+02   1.4799409e-49
   4.0143000e+02   1.4804026e-49
   4.0235000e+02   1.4809413e-49
   4.0328000e+02   1.4814801e-49
   4.0421000e+02   1.4819420e-49
   4.0514000e+02   1.4824810e-49
   4.0608000e+02   1.4830201e-49
   4.0701000e+02   1.4835593e-49
   4.0795000e+02   1.4840986e-49
   4.0889000e+02   1.4846380e-49
   4.0983000e+02   1.4851774e-49
   4.1078000e+02   1.4857170e-49
   4.1173000e+02   1.4862567e-49
   4.1268000e+02   1.4867965e-49
   4.1363000e+02   1.4873364e-49
   4.1458000e+02   1.4878763e-49
   4.1554000e+02   1.4884164e-49
   4.1650000e+02   1.4889566e-49
   4.1746000e+02   1.4895740e-49
   4.1842000e+02   1.4901144e-49
   4.1938000e+02   1.4906549e-49
   4.2035000e+02   1.4912727e-49
   4.2132000e+02   1.4918134e-49
   4.2229000e+02   1.4924314e-49
   4.2327000e+02   1.4929723e-49
   4.2424000e+02   1.4935906e-49
   4.2522000e+02   1.4941317e-49
   4.2620000e+02   1.4947502e-49
   4.2718000e+02   1.4953689e-49
   4.2817000e+02   1.4959103e-49
   4.2916000e+02   1.4965292e-49
   4.3015000e+02   1.4971482e-49
   4.3114000e+02   1.4977674e-49
   4.3213000e+02   1.4983867e-49
   4.3313000e+02   1.4990061e-49
   4.3413000e+02   1.4996256e-49
   4.3513000e+02   1.5002453e-49
   4.3613000e+02   1.5008651e-49
   4.3714000e+02   1.5014850e-49
   4.3814000e+02   1.5021050e-49
   4.3916000e+02   1.5028028e-49
   4.4017000e+02   1.5034231e-49
   4.4118000e+02   1.5040435e-49
   4.4220000e+02   1.5047417e-49
   4.4322000e+02   1.5053624e-49
   4.4424000e+02   1.5060609e-49
   4.4527000e+02   1.5066819e-49
   4.4629000e+02   1.5073806e-49
   4.4732000e+02   1.5080019e-49
   4.4835000e+02   1.5087010e-49
   4.4939000e+02   1.5094002e-49
   4.5042000e+02   1.5100996e-49
   4.5146000e+02   1.5107992e-49
   4.5250000e+02   1.5114211e-49
   4.5355000e+02   1.5121210e-49
   4.5459000e+02   1.5128210e-49
   4.5564000e+02   1.5135212e-49
   4.5669000e+02   1.5142216e-49
   4.5775000e+02   1.5149999e-49
   4.5880000e+02   1.5157006e-49
   4.5986000e+02   1.5164015e-49
   4.6092000e+02   1.5171025e-49
   4.6198000e+02   1.5178816e-49
   4.6305000e+02   1.5185830e-49
   4.6412000e+02   1.5193624e-49
   4.6519000e+02   1.5200641e-49
   4.6626000e+02   1.5208440e-49
   4.6733000e+02   1.5215460e-49
   4.6841000e+02   1.5223263e-49
   4.6949000e+02   1.5231067e-49
   4.7057000e+02   1.5238093e-49
   4.7166000e+02   1.5245901e-49
   4.7275000e+02   1.5253711e-49
   4.7384000e+02   1.5261524e-49
   4.7493000e+02   1.5269338e-49
   4.7602000e+02   1.5277154e-49
   4.7712000e+02   1.5284972e-49
   4.7822000e+02   1.5293574e-49
   4.7933000e+02   1.5301397e-49
   4.8043000e+02   1.5309221e-49
   4.8154000e+02   1.5317048e-49
   4.8265000e+02   1.5325659e-49
   4.8376000e+02   1.5333490e-49
   4.8488000e+02   1.5342106e-49
   4.8600000e+02   1.5349940e-49
   4.8712000e+02   1.5358561e-49
   4.8824000e+02   1.5367184e-49
   4.8937000e+02   1.5375809e-49
   4.9049000e+02   1.5383653e-49
   4.9163000e+02   1.5392283e-49
   4.9276000e+02   1.5400915e-49
   4.9390000e+02   1.5409550e-49
   4.9503000e+02   1.5418188e-49
   4.9618000e+02   1.5426827e-49
   4.9732000e+02   1.5436255e-49
   4.9847000e+02   1.5444900e-49
   4.9962000e+02   1.5453547e-49
   5.0077000e+02   1.5462983e-49
   5.0192000e+02   1.5471636e-49
   5.0308000e+02   1.5481077e-49
   5.0424000e+02   1.5489734e-49
   5.0540000e+02   1.5499182e-49
   5.0657000e+02   1.5508632e-49
   5.0774000e+02   1.5517297e-49
   5.0891000e+02   1.5526752e-49
   5.1008000e+02   1.5536211e-49
   5.1126000e+02   1.5545672e-49
   5.1244000e+02   1.5555136e-49
   5.1362000e+02   1.5564603e-49
   5.1480000e+02   1.5574073e-49
   5.1599000e+02   1.5584335e-49
   5.1718000e+02   1.5593811e-49
   5.1837000e+02   1.5603290e-49
   5.1957000e+02   1.5613562e-49
   5.2077000e+02   1.5623047e-49
   5.2197000e+02   1.5633325e-49
   5.2317000e+02   1.5643607e-49
   5.2438000e+02   1.5653101e-49
   5.2559000e+02   1.5663389e-49
   5.2680000e+02   1.5673681e-49
   5.2801000e+02   1.5683976e-49
   5.2923000e+02   1.5694275e-49
   5.3045000e+02   1.5704576e-49
   5.3167000e+02   1.5714882e-49
   5.3290000e+02   1.5725983e-49
   5.3413000e+02   1.5736296e-49
   5.3536000e+02   1.5746611e-49
   5.3660000e+02   1.5757724e-49
   5.3783000e+02   1.5768047e-49
   5.3907000e+02   1.5779167e-49
   5.4032000e+02   1.5790292e-49
   5.4156000e+02   1.5800625e-49
   5.4281000e+02   1.5811757e-49
   5.4406000e+02   1.5822893e-49
   5.4532000e+02   1.5834033e-49
   5.4657000e+02   1.5845176e-49
   5.4784000e+02   1.5857120e-49
   5.4910000e+02   1.5868272e-49
   5.5036000e+02   1.5879428e-49
   5.5163000e+02   1.5891385e-49
   5.5291000e+02   1.5902549e-49
   5.5418000e+02   1.5914514e-49
   5.5546000e+02   1.5925686e-49
   5.5674000e+02   1.5937661e-49
   5.5802000e+02   1.5949640e-49
   5.5931000e+02   1.5961623e-49
   5.6060000e+02   1.5973611e-49
   5.6189000e+02   1.5985603e-49
   5.6319000e+02   1.5997600e-49
   5.6449000e+02   1.6009601e-49
   5.6579000e+02   1.6022408e-49
   5.6709000e+02   1.6034418e-49
   5.6840000e+02   1.6046434e-49
   5.6971000e+02   1.6059255e-49
   5.7103000e+02   1.6072081e-49
   5.7234000e+02   1.6084110e-49
   5.7366000e+02   1.6096946e-49
   5.7499000e+02   1.6109788e-49
   5.7631000e+02   1.6122634e-49
   5.7764000e+02   1.6135486e-49
   5.7897000e+02   1.6149146e-49
   5.8031000e+02   1.6162008e-49
   5.8165000e+02   1.6174875e-49
   5.8299000e+02   1.6188552e-49
   5.8433000e+02   1.6201430e-49
   5.8568000e+02   1.6215118e-49
   5.8703000e+02   1.6228812e-49
   5.8838000e+02   1.6242512e-49
   5.8974000e+02   1.6256218e-49
   5.9110000e+02   1.6269929e-49
   5.9246000e+02   1.6283646e-49
   5.9383000e+02   1.6297369e-49
   5.9520000e+02   1.6311098e-49
   5.9657000e+02   1.6325640e-49
   5.9795000e+02   1.6339381e-49
   5.9933000e+02   1.6353936e-49
   6.0071000e+02   1.6368498e-49
   6.0209000e+02   1.6383066e-49
   6.0348000e+02   1.6397640e-49
   6.0487000e+02   1.6412221e-49
   6.0627000e+02   1.6426809e-49
   6.0767000e+02   1.6441403e-49
   6.0907000e+02   1.6456004e-49
   6.1047000e+02   1.6471422e-49
   6.1188000e+02   1.6486036e-49
   6.1329000e+02   1.6501469e-49
   6.1470000e+02   1.6516909e-49
   6.1612000e+02   1.6532356e-49
   6.1754000e+02   1.6547810e-49
   6.1897000e+02   1.6563272e-49
   6.2039000e+02   1.6578741e-49
   6.2183000e+02   1.6594217e-49
   6.2326000e+02   1.6610515e-49
   6.2470000e+02   1.6626006e-49
   6.2614000e+02   1.6642320e-49
   6.2758000e+02   1.6657826e-49
   6.2903000e+02   1.6674156e-49
   6.3048000e+02   1.6690493e-49
   6.3193000e+02   1.6706839e-49
   6.3339000e+02   1.6723192e-49
   6.3485000e+02   1.6740372e-49
   6.3631000e+02   1.6756742e-49
   6.3778000e+02   1.6773939e-49
   6.3925000e+02   1.6790326e-49
   6.4073000e+02   1.6807540e-49
   6.4220000e+02   1.6824763e-49
   6.4368000e+02   1.6841995e-49
   6.4517000e+02   1.6859236e-49
   6.4666000e+02   1.6876486e-49
   6.4815000e+02   1.6894566e-49
   6.4964000e+02   1.6911834e-49
   6.5114000e+02   1.6929933e-49
   6.5264000e+02   1.6947219e-49
   6.5415000e+02   1.6965337e-49
   6.5566000e+02   1.6983465e-49
   6.5717000e+02   1.7001603e-49
   6.5868000e+02   1.7019750e-49
   6.6020000e+02   1.7038733e-49
   6.6172000e+02   1.7056900e-49
   6.6325000e+02   1.7075903e-49
   6.6478000e+02   1.7094917e-49
   6.6631000e+02   1.7113114e-49
   6.6785000e+02   1.7132149e-49
   6.6939000e+02   1.7152022e-49
   6.7093000e+02   1.7171078e-49
   6.7248000e+02   1.7190145e-49
   6.7403000e+02   1.7210052e-49
   6.7559000e+02   1.7229141e-49
   6.7714000e+02   1.7249070e-49
   6.7870000e+02   1.7269842e-49
   6.8027000e+02   1.7291459e-49
   6.8184000e+02   1.7371390e-49
   6.8341000e+02   1.7334732e-49
   6.8499000e+02   1.7350557e-49
   6.8657000e+02   1.7370557e-49
   6.8815000e+02   1.7390568e-49
   6.8974000e+02   1.7411425e-49
   6.9133000e+02   1.7432295e-49
   6.9292000e+02   1.7453177e-49
   6.9452000e+02   1.7474908e-49
   6.9612000e+02   1.7495816e-49
   6.9773000e+02   1.7517573e-49
   6.9933000e+02   1.7538506e-49
   7.0095000e+02   1.7560290e-49
   7.0256000e+02   1.7582088e-49
   7.0418000e+02   1.7603898e-49
   7.0581000e+02   1.7626563e-49
   7.0744000e+02   1.7648401e-49
   7.0907000e+02   1.7671094e-49
   7.1070000e+02   1.7693801e-49
   7.1234000e+02   1.7715681e-49
   7.1398000e+02   1.7739259e-49
   7.1563000e+02   1.7762010e-49
   7.1728000e+02   1.7784776e-49
   7.1893000e+02   1.7808400e-49
   7.2059000e+02   1.7831195e-49
   7.2225000e+02   1.7854850e-49
   7.2392000e+02   1.7878521e-49
   7.2559000e+02   1.7902207e-49
   7.2726000e+02   1.7926756e-49
   7.2894000e+02   1.7950474e-49
   7.3062000e+02   1.7975056e-49
   7.3230000e+02   1.7999655e-49
   7.3399000e+02   1.8024270e-49
   7.3569000e+02   1.8048903e-49
   7.3738000e+02   1.8073552e-49
   7.3908000e+02   1.8099068e-49
   7.4079000e+02   1.8123752e-49
   7.4250000e+02   1.8149304e-49
   7.4421000e+02   1.8174874e-49
   7.4592000e+02   1.8200462e-49
   7.4764000e+02   1.8226922e-49
   7.4937000e+02   1.8252547e-49
   7.5110000e+02   1.8279045e-49
   7.5283000e+02   1.8305562e-49
   7.5456000e+02   1.8332099e-49
   7.5630000e+02   1.8358654e-49
   7.5805000e+02   1.8385229e-49
   7.5980000e+02   1.8412681e-49
   7.6155000e+02   1.8440154e-49
   7.6330000e+02   1.8467647e-49
   7.6506000e+02   1.8495160e-49
   7.6683000e+02   1.8522694e-49
   7.6860000e+02   1.8551110e-49
   7.7037000e+02   1.8578686e-49
   7.7215000e+02   1.8607145e-49
   7.7393000e+02   1.8635626e-49
   7.7571000e+02   1.8664128e-49
   7.7750000e+02   1.8693517e-49
   7.7929000e+02   1.8722064e-49
   7.8109000e+02   1.8751498e-49
   7.8289000e+02   1.8780956e-49
   7.8470000e+02   1.8810436e-49
   7.8651000e+02   1.8840808e-49
   7.8832000e+02   1.8870336e-49
   7.9014000e+02   1.8900756e-49
   7.9196000e+02   1.8931201e-49
   7.9379000e+02   1.8961670e-49
   7.9562000e+02   1.8993036e-49
   7.9745000e+02   1.9023555e-49
   7.9929000e+02   1.9054971e-49
   8.0113000e+02   1.9086413e-49
   8.0298000e+02   1.9118756e-49
   8.0483000e+02   1.9150251e-49
   8.0669000e+02   1.9182648e-49
   8.0855000e+02   1.9214196e-49
   8.1041000e+02   1.9247524e-49
   8.1228000e+02   1.9280003e-49
   8.1416000e+02   1.9312509e-49
   8.1603000e+02   1.9345923e-49
   8.1791000e+02   1.9379365e-49
   8.1980000e+02   1.9412836e-49
   8.2169000e+02   1.9446336e-49
   8.2359000e+02   1.9480748e-49
   8.2549000e+02   1.9515190e-49
   8.2739000e+02   1.9549662e-49
   8.2930000e+02   1.9584165e-49
   8.3121000e+02   1.9619584e-49
   8.3313000e+02   1.9654149e-49
   8.3505000e+02   1.9689631e-49
   8.3697000e+02   1.9726034e-49
   8.3890000e+02   1.9761581e-49
   8.4084000e+02   1.9798050e-49
   8.4278000e+02   1.9833662e-49
   8.4472000e+02   1.9871089e-49
   8.4667000e+02   1.9907659e-49
   8.4862000e+02   1.9944263e-49
   8.5058000e+02   1.9981794e-49
   8.5254000e+02   2.0019360e-49
   8.5450000e+02   2.0057858e-49
   8.5647000e+02   2.0095496e-49
   8.5845000e+02   2.0134066e-49
   8.6043000e+02   2.0172674e-49
   8.6241000e+02   2.0211318e-49
   8.6440000e+02   2.0250900e-49
   8.6640000e+02   2.0290520e-49
   8.6839000e+02   2.0330179e-49
   8.7040000e+02   2.0369877e-49
   8.7240000e+02   2.0410517e-49
   8.7441000e+02   2.0451197e-49
   8.7643000e+02   2.0491918e-49
   8.7845000e+02   2.0532680e-49
   8.8048000e+02   2.0574389e-49
   8.8251000e+02   2.0616140e-49
   8.8454000e+02   2.0657934e-49
   8.8658000e+02   2.0699770e-49
   8.8863000e+02   2.0742559e-49
   8.9068000e+02   2.0785393e-49
   8.9273000e+02   2.0828270e-49
   8.9479000e+02   2.0871192e-49
   8.9685000e+02   2.0915073e-49
   8.9892000e+02   2.0959000e-49
   9.0099000e+02   2.1003889e-49
   9.0307000e+02   2.1047909e-49
   9.0515000e+02   2.1092893e-49
   9.0724000e+02   2.1137926e-49
   9.0933000e+02   2.1183927e-49
   9.1143000e+02   2.1229978e-49
   9.1353000e+02   2.1276079e-49
   9.1564000e+02   2.1322230e-49
   9.1775000e+02   2.1369355e-49
   9.1987000e+02   2.1415607e-49
   9.2199000e+02   2.1463762e-49
   9.2411000e+02   2.1511044e-49
   9.2625000e+02   2.1559306e-49
   9.2838000e+02   2.1607623e-49
   9.3052000e+02   2.1656924e-49
   9.3267000e+02   2.1705349e-49
   9.3482000e+02   2.1754762e-49
   9.3697000e+02   2.1805164e-49
   9.3913000e+02   2.1854690e-49
   9.4130000e+02   2.1905208e-49
   9.4347000e+02   2.1956722e-49
   9.4565000e+02   2.2007357e-49
   9.4783000e+02   2.2058991e-49
   9.5001000e+02   2.2110685e-49
   9.5220000e+02   2.2163381e-49
   9.5440000e+02   2.2216140e-49
   9.5660000e+02   2.2268961e-49
   9.5881000e+02   2.2322790e-49
   9.6102000e+02   2.2375738e-49
   9.6323000e+02   2.2430643e-49
   9.6545000e+02   2.2484667e-49
   9.6768000e+02   2.2539706e-49
   9.6991000e+02   2.2594812e-49
   9.7215000e+02   2.2650936e-49
   9.7439000e+02   2.2707131e-49
   9.7664000e+02   2.2763395e-49
   9.7889000e+02   2.2819729e-49
   9.8115000e+02   2.2877089e-49
   9.8341000e+02   2.2935479e-49
   9.8568000e+02   2.2992984e-49
   9.8795000e+02   2.3051521e-49
   9.9023000e+02   2.3111095e-49
   9.9251000e+02   2.3169782e-49
   9.9480000e+02   2.3229508e-49
   9.9710000e+02   2.3290276e-49
   9.9939000e+02   2.3351123e-49
   1.0017000e+03   2.3412050e-49
   1.0040000e+03   2.3473056e-49
   1.0063000e+03   2.3535112e-49
   1.0086000e+03   2.3597249e-49
   1.0110000e+03   2.3660442e-49
   1.0133000e+03   2.3723718e-49
   1.0156000e+03   2.3788055e-49
   1.0180000e+03   2.3851502e-49
   1.0203000e+03   2.3916990e-49
   1.0227000e+03   2.3989424e-49
   1.0250000e+03   2.4048235e-49
   1.0274000e+03   2.4113992e-49
   1.0298000e+03   2.4179839e-49
   1.0321000e+03   2.4246761e-49
   1.0345000e+03   2.4314761e-49
   1.0369000e+03   2.4382856e-49
   1.0393000e+03   2.4451047e-49
   1.0417000e+03   2.4520323e-49
   1.0441000e+03   2.4589697e-49
   1.0465000e+03   2.4660163e-49
   1.0489000e+03   2.4730729e-49
   1.0513000e+03   2.4801396e-49
   1.0538000e+03   2.4873161e-49
   1.0562000e+03   2.4945030e-49
   1.0586000e+03   2.5018003e-49
   1.0611000e+03   2.5091083e-49
   1.0635000e+03   2.5164269e-49
   1.0660000e+03   2.5238566e-49
   1.0684000e+03   2.5313980e-49
   1.0709000e+03   2.5389505e-49
   1.0734000e+03   2.5465144e-49
   1.0758000e+03   2.5540894e-49
   1.0783000e+03   2.5618782e-49
   1.0808000e+03   2.5695775e-49
   1.0833000e+03   2.5773898e-49
   1.0858000e+03   2.5853157e-49
   1.0883000e+03   2.5932538e-49
   1.0908000e+03   2.6012040e-49
   1.0933000e+03   2.6092686e-49
   1.0958000e+03   2.6173456e-49
   1.0984000e+03   2.6255376e-49
   1.1009000e+03   2.6337424e-49
   1.1034000e+03   2.6420628e-49
   1.1060000e+03   2.6503963e-49
   1.1085000e+03   2.6588461e-49
   1.1111000e+03   2.6673093e-49
   1.1137000e+03   2.6758894e-49
   1.1162000e+03   2.6844833e-49
   1.1188000e+03   2.6931948e-49
   1.1214000e+03   2.7019204e-49
   1.1240000e+03   2.7107642e-49
   1.1266000e+03   2.7196225e-49
   1.1292000e+03   2.7284952e-49
   1.1318000e+03   2.7374870e-49
   1.1344000e+03   2.7465985e-49
   1.1370000e+03   2.7557250e-49
   1.1396000e+03   2.7649719e-49
   1.1422000e+03   2.7742342e-49
   1.1449000e+03   2.7836176e-49
   1.1475000e+03   2.7930168e-49
   1.1502000e+03   2.8025377e-49
   1.1528000e+03   2.8120748e-49
   1.1555000e+03   2.8217344e-49
   1.1581000e+03   2.8314105e-49
   1.1608000e+03   2.8412098e-49
   1.1635000e+03   2.8510260e-49
   1.1662000e+03   2.8609661e-49
   1.1689000e+03   2.8710307e-49
   1.1715000e+03   2.8811130e-49
   1.1742000e+03   2.8913204e-49
   1.1770000e+03   2.9015460e-49
   1.1797000e+03   2.9117895e-49
   1.1824000e+03   2.9222674e-49
   1.1851000e+03   2.9327640e-49
   1.1879000e+03   2.9432795e-49
   1.1906000e+03   2.9539225e-49
   1.1933000e+03   2.9646936e-49
   1.1961000e+03   2.9754843e-49
   1.1988000e+03   2.9864039e-49
   1.2016000e+03   2.9973435e-49
   1.2044000e+03   3.0084128e-49
   1.2072000e+03   3.0195025e-49
   1.2099000e+03   3.0307227e-49
   1.2127000e+03   3.0420740e-49
   1.2155000e+03   3.0535571e-49
   1.2183000e+03   3.0649510e-49
   1.2211000e+03   3.0765881e-49
   1.2240000e+03   3.0882472e-49
   1.2268000e+03   3.1000397e-49
   1.2296000e+03   3.1118547e-49
   1.2324000e+03   3.1238039e-49
   1.2353000e+03   3.1358880e-49
   1.2381000e+03   3.1479954e-49
   1.2410000e+03   3.1602387e-49
   1.2439000e+03   3.1726183e-49
   1.2467000e+03   3.1850221e-49
   1.2496000e+03   3.1975632e-49
   1.2525000e+03   3.2102423e-49
   1.2554000e+03   3.2229464e-49
   1.2583000e+03   3.2357895e-49
   1.2612000e+03   3.2486580e-49
   1.2641000e+03   3.2617805e-49
   1.2670000e+03   3.2748151e-49
   1.2699000e+03   3.2881050e-49
   1.2728000e+03   3.3014218e-49
   1.2758000e+03   3.3148806e-49
   1.2787000e+03   3.3284822e-49
   1.2817000e+03   3.3421117e-49
   1.2846000e+03   3.3558849e-49
   1.2876000e+03   3.3698025e-49
   1.2905000e+03   3.3837489e-49
   1.2935000e+03   3.3978407e-49
   1.2965000e+03   3.4120786e-49
   1.2995000e+03   3.4264633e-49
   1.3025000e+03   3.4408783e-49
   1.3055000e+03   3.4554411e-49
   1.3085000e+03   3.4701525e-49
   1.3115000e+03   3.4848951e-49
   1.3145000e+03   3.4999056e-49
   1.3176000e+03   3.5149484e-49
   1.3206000e+03   3.5300234e-49
   1.3237000e+03   3.5453688e-49
   1.3267000e+03   3.5607476e-49
   1.3298000e+03   3.5762792e-49
   1.3328000e+03   3.5919645e-49
   1.3359000e+03   3.6076841e-49
   1.3390000e+03   3.6236788e-49
   1.3421000e+03   3.6397089e-49
   1.3452000e+03   3.6558953e-49
   1.3483000e+03   3.6722388e-49
   1.3514000e+03   3.6886188e-49
   1.3545000e+03   3.7051569e-49
   1.3576000e+03   3.7219761e-49
   1.3608000e+03   3.7388333e-49
   1.3639000e+03   3.7565867e-49
   1.3670000e+03   3.7729078e-49
   1.3702000e+03   3.7901261e-49
   1.3734000e+03   3.8075070e-49
   1.3765000e+03   3.8250514e-49
   1.3797000e+03   3.8427601e-49
   1.3829000e+03   3.8606340e-49
   1.3861000e+03   3.8786738e-49
   1.3893000e+03   3.8967558e-49
   1.3925000e+03   3.9150049e-49
   1.3957000e+03   3.9335475e-49
   1.3989000e+03   3.9521340e-49
   1.4021000e+03   3.9708902e-49
   1.4054000e+03   3.9896909e-49
   1.4086000e+03   4.0087892e-49
   1.4118000e+03   4.0280601e-49
   1.4151000e+03   4.0473772e-49
   1.4184000e+03   4.0669955e-49
   1.4216000e+03   4.0866613e-49
   1.4249000e+03   4.1065027e-49
   1.4282000e+03   4.1265206e-49
   1.4315000e+03   4.1467160e-49
   1.4348000e+03   4.1670898e-49
   1.4381000e+03   4.1876429e-49
   1.4414000e+03   4.2083764e-49
   1.4447000e+03   4.2292911e-49
   1.4481000e+03   4.2503880e-49
   1.4514000e+03   4.2716682e-49
   1.4548000e+03   4.2930014e-49
   1.4581000e+03   4.3146506e-49
   1.4615000e+03   4.3364859e-49
   1.4648000e+03   4.3585084e-49
   1.4682000e+03   4.3805866e-49
   1.4716000e+03   4.4029860e-49
   1.4750000e+03   4.4255756e-49
   1.4784000e+03   4.4482230e-49
   1.4818000e+03   4.4711957e-49
   1.4852000e+03   4.4943616e-49
   1.4887000e+03   4.5175874e-49
   1.4921000e+03   4.5411425e-49
   1.4955000e+03   4.5648941e-49
   1.4990000e+03   4.5888431e-49
   1.5024000e+03   4.6129906e-49
   1.5059000e+03   4.6373376e-49
   1.5094000e+03   4.6618853e-49
   1.5129000e+03   4.6866347e-49
   1.5163000e+03   4.7115869e-49
   1.5198000e+03   4.7367430e-49
   1.5233000e+03   4.7622421e-49
   1.5269000e+03   4.7878096e-49
   1.5304000e+03   4.8137232e-49
   1.5339000e+03   4.8398458e-49
   1.5374000e+03   4.8660390e-49
   1.5410000e+03   4.8925828e-49
   1.5445000e+03   4.9193390e-49
   1.5481000e+03   4.9464496e-49
   1.5517000e+03   4.9736346e-49
   1.5553000e+03   5.0011770e-49
   1.5588000e+03   5.0287954e-49
   1.5624000e+03   5.0567743e-49
   1.5660000e+03   5.0849735e-49
   1.5696000e+03   5.1135371e-49
   1.5733000e+03   5.1421807e-49
   1.5769000e+03   5.1711919e-49
   1.5805000e+03   5.2002848e-49
   1.5842000e+03   5.2297485e-49
   1.5878000e+03   5.2595855e-49
   1.5915000e+03   5.2895074e-49
   1.5952000e+03   5.3198060e-49
   1.5988000e+03   5.3503373e-49
   1.6025000e+03   5.3811027e-49
   1.6062000e+03   5.4122506e-49
   1.6099000e+03   5.4436360e-49
   1.6136000e+03   5.4752600e-49
   1.6174000e+03   5.5071241e-49
   1.6211000e+03   5.5393783e-49
   1.6248000e+03   5.5718760e-49
   1.6286000e+03   5.6046185e-49
   1.6323000e+03   5.6377572e-49
   1.6361000e+03   5.6709936e-49
   1.6399000e+03   5.7047809e-49
   1.6436000e+03   5.7386685e-49
   1.6474000e+03   5.7729604e-49
   1.6512000e+03   5.8076593e-49
   1.6550000e+03   5.8424621e-49
   1.6589000e+03   5.8776756e-49
   1.6627000e+03   5.9133024e-49
   1.6665000e+03   5.9491912e-49
   1.6704000e+03   5.9853432e-49
   1.6742000e+03   6.0219152e-49
   1.6781000e+03   6.0587542e-49
   1.6819000e+03   6.0958618e-49
   1.6858000e+03   6.1333959e-49
   1.6897000e+03   6.1713594e-49
   1.6936000e+03   6.2095976e-49
   1.6975000e+03   6.2481120e-49
   1.7014000e+03   6.2870627e-49
   1.7054000e+03   6.3568729e-49
   1.7093000e+03   6.3659654e-49
   1.7132000e+03   6.4060814e-49
   1.7172000e+03   6.4463235e-49
   1.7211000e+03   6.4871748e-49
   1.7251000e+03   6.5283168e-49
   1.7291000e+03   6.5697509e-49
   1.7331000e+03   6.6116413e-49
   1.7371000e+03   6.6539912e-49
   1.7411000e+03   6.6966399e-49
   1.7451000e+03   6.7397532e-49
   1.7491000e+03   6.7833343e-49
   1.7531000e+03   6.8272211e-49
   1.7572000e+03   6.8714152e-49
   1.7612000e+03   6.9162509e-49
   1.7653000e+03   6.9613992e-49
   1.7694000e+03   7.0068618e-49
   1.7735000e+03   7.0529763e-49
   1.7775000e+03   7.0994106e-49
   1.7816000e+03   7.1461662e-49
   1.7858000e+03   7.1935842e-49
   1.7899000e+03   7.2413292e-49
   1.7940000e+03   7.2895736e-49
   1.7981000e+03   7.3381496e-49
   1.8023000e+03   7.3874025e-49
   1.8064000e+03   7.4369926e-49
   1.8106000e+03   7.4870948e-49
   1.8148000e+03   7.5375388e-49
   1.8190000e+03   7.5886748e-49
   1.8232000e+03   7.6401585e-49
   1.8274000e+03   7.6921670e-49
   1.8316000e+03   7.7447040e-49
   1.8358000e+03   7.7977730e-49
   1.8400000e+03   7.8512004e-49
   1.8443000e+03   7.9053437e-49
   1.8485000e+03   7.9598515e-49
   1.8528000e+03   8.0150837e-49
   1.8571000e+03   8.0706866e-49
   1.8613000e+03   8.1268422e-49
   1.8656000e+03   8.1835544e-49
   1.8699000e+03   8.2408268e-49
   1.8743000e+03   8.2986634e-49
   1.8786000e+03   8.3570679e-49
   1.8829000e+03   8.4160441e-49
   1.8872000e+03   8.4755960e-49
   1.8916000e+03   8.5359121e-49
   1.8960000e+03   8.5966275e-49
   1.9003000e+03   8.6579303e-49
   1.9047000e+03   8.7198244e-49
   1.9091000e+03   8.7823138e-49
   1.9135000e+03   8.8455906e-49
   1.9179000e+03   8.9092833e-49
   1.9223000e+03   8.9737729e-49
   1.9268000e+03   9.0388753e-49
   1.9312000e+03   9.1045947e-49
   1.9357000e+03   9.1709352e-49
   1.9401000e+03   9.2379010e-49
   1.9446000e+03   9.3056892e-49
   1.9491000e+03   9.3741124e-49
   1.9536000e+03   9.4431750e-49
   1.9581000e+03   9.5128812e-49
   1.9626000e+03   9.5832352e-49
   1.9671000e+03   9.6544380e-49
   1.9717000e+03   9.7262989e-49
   1.9762000e+03   9.7990201e-49
   1.9808000e+03   9.8724096e-49
   1.9853000e+03   9.9464718e-49
   1.9899000e+03   1.0022012e-48
   1.9945000e+03   1.0096230e-48
   1.9991000e+03   1.0172740e-48
   2.0037000e+03   1.0249538e-48
   2.0083000e+03   1.0328657e-48
   2.0130000e+03   1.0408080e-48
   2.0176000e+03   1.0485760e-48
   2.0223000e+03   1.0567840e-48
   2.0269000e+03   1.0648176e-48
   2.0316000e+03   1.0730888e-48
   2.0363000e+03   1.0813920e-48
   2.0410000e+03   1.0897272e-48
   2.0457000e+03   1.0980944e-48
   2.0504000e+03   1.1067040e-48
   2.0551000e+03   1.1153472e-48
   2.0599000e+03   1.1240240e-48
   2.0646000e+03   1.1329474e-48
   2.0694000e+03   1.1419060e-48
   2.0742000e+03   1.1508998e-48
   2.0789000e+03   1.1599290e-48
   2.0837000e+03   1.1692097e-48
   2.0885000e+03   1.1783102e-48
   2.0934000e+03   1.1878820e-48
   2.0982000e+03   1.1972736e-48
   2.1030000e+03   1.2069220e-48
   2.1079000e+03   1.2166090e-48
   2.1127000e+03   1.2263348e-48
   2.1176000e+03   1.2363216e-48
   2.1225000e+03   1.2463490e-48
   2.1274000e+03   1.2564168e-48
   2.1323000e+03   1.2665252e-48
   2.1372000e+03   1.2769000e-48
   2.1421000e+03   1.2873172e-48
   2.1471000e+03   1.2980045e-48
   2.1520000e+03   1.3087360e-48
   2.1570000e+03   1.3195117e-48
   2.1620000e+03   1.3303316e-48
   2.1670000e+03   1.3414272e-48
   2.1719000e+03   1.3525690e-48
   2.1770000e+03   1.3637568e-48
   2.1820000e+03   1.3752253e-48
   2.1870000e+03   1.3865063e-48
   2.1921000e+03   1.3983063e-48
   2.1971000e+03   1.4099188e-48
   2.2022000e+03   1.4218178e-48
   2.2073000e+03   1.4340063e-48
   2.2123000e+03   1.4460062e-48
   2.2174000e+03   1.4582978e-48
   2.2226000e+03   1.4708838e-48
   2.2277000e+03   1.4832804e-48
   2.2328000e+03   1.4959736e-48
   2.2380000e+03   1.5089666e-48
   2.2431000e+03   1.5220157e-48
   2.2483000e+03   1.5351210e-48
   2.2535000e+03   1.5482825e-48
   2.2587000e+03   1.5617501e-48
   2.2639000e+03   1.5752760e-48
   2.2691000e+03   1.5891124e-48
   2.2743000e+03   1.6030092e-48
   2.2796000e+03   1.6169666e-48
   2.2848000e+03   1.6312398e-48
   2.2901000e+03   1.6455758e-48
   2.2954000e+03   1.6602322e-48
   2.3007000e+03   1.6746948e-48
   2.3060000e+03   1.6897400e-48
   2.3113000e+03   1.7045914e-48
   2.3166000e+03   1.7200322e-48
   2.3220000e+03   1.7352793e-48
   2.3273000e+03   1.7508582e-48
   2.3327000e+03   1.7665068e-48
   2.3381000e+03   1.7824920e-48
   2.3435000e+03   1.7985492e-48
   2.3489000e+03   1.8149478e-48
   2.3543000e+03   1.8314209e-48
   2.3597000e+03   1.8479684e-48
   2.3652000e+03   1.8648634e-48
   2.3706000e+03   1.8821096e-48
   2.3761000e+03   1.8994352e-48
   2.3816000e+03   1.9168403e-48
   2.3871000e+03   1.9371072e-48
   2.3926000e+03   1.9524473e-48
   2.3981000e+03   1.9703737e-48
   2.4036000e+03   1.9886640e-48
   2.4092000e+03   2.0073222e-48
   2.4147000e+03   2.0260676e-48
   2.4203000e+03   2.0449000e-48
   2.4259000e+03   2.0641069e-48
   2.4315000e+03   2.0836923e-48
   2.4371000e+03   2.1033701e-48
   2.4427000e+03   2.1231404e-48
   2.4483000e+03   2.1432960e-48
   2.4540000e+03   2.1638410e-48
   2.4596000e+03   2.1844840e-48
   2.4653000e+03   2.2052250e-48
   2.4710000e+03   2.2263624e-48
   2.4767000e+03   2.2476006e-48
   2.4824000e+03   2.2695423e-48
   2.4881000e+03   2.2912877e-48
   2.4938000e+03   2.3134410e-48
   2.4996000e+03   2.3360066e-48
   2.5054000e+03   2.3586816e-48
   2.5111000e+03   2.3817749e-48
   2.5169000e+03   2.4049806e-48
   2.5227000e+03   2.4286106e-48
   2.5285000e+03   2.4523560e-48
   2.5344000e+03   2.4765317e-48
   2.5402000e+03   2.5011423e-48
   2.5461000e+03   2.5258745e-48
   2.5520000e+03   2.5507284e-48
   2.5578000e+03   2.5763460e-48
   2.5637000e+03   2.6017690e-48
   2.5696000e+03   2.6279652e-48
   2.5756000e+03   2.6542926e-48
   2.5815000e+03   2.6810788e-48
   2.5875000e+03   2.7079994e-48
   2.5934000e+03   2.7522810e-48
   2.5994000e+03   2.7629088e-48
   2.6054000e+03   2.7909044e-48
   2.6114000e+03   2.8193768e-48
   2.6174000e+03   2.8483313e-48
   2.6235000e+03   2.8774337e-48
   2.6295000e+03   2.9066840e-48
   2.6356000e+03   2.9364250e-48
   2.6417000e+03   2.9666618e-48
   2.6478000e+03   2.9973997e-48
   2.6539000e+03   3.0282960e-48
   2.6600000e+03   3.0597006e-48
   2.6661000e+03   3.0916189e-48
   2.6723000e+03   3.1237028e-48
   2.6784000e+03   3.1563076e-48
   2.6846000e+03   3.1894388e-48
   2.6908000e+03   3.2227430e-48
   2.6970000e+03   3.2565812e-48
   2.7032000e+03   3.2909588e-48
   2.7095000e+03   3.3255170e-48
   2.7157000e+03   3.3606222e-48
   2.7220000e+03   3.3962804e-48
   2.7282000e+03   3.4324973e-48
   2.7345000e+03   3.4689063e-48
   2.7408000e+03   3.5058818e-48
   2.7472000e+03   3.5434298e-48
   2.7535000e+03   3.5811778e-48
   2.7598000e+03   3.6195062e-48
   2.7662000e+03   3.6584213e-48
   2.7726000e+03   3.6979290e-48
   2.7790000e+03   3.7376489e-48
   2.7854000e+03   3.7779697e-48
   2.7918000e+03   3.8188976e-48
   2.7982000e+03   3.8600461e-48
   2.8047000e+03   3.9018101e-48
   2.8112000e+03   3.9441960e-48
   2.8176000e+03   3.9872102e-48
   2.8241000e+03   4.0308593e-48
   2.8307000e+03   4.0747460e-48
   2.8372000e+03   4.1192762e-48
   2.8437000e+03   4.1640484e-48
   2.8503000e+03   4.2098832e-48
   2.8569000e+03   4.2559690e-48
   2.8634000e+03   4.3023056e-48
   2.8701000e+03   4.3497274e-48
   2.8767000e+03   4.3974090e-48
   2.8833000e+03   4.4457722e-48
   2.8900000e+03   4.4944000e-48
   2.8966000e+03   4.5437186e-48
   2.9033000e+03   4.5937349e-48
   2.9100000e+03   4.6444560e-48
   2.9167000e+03   4.6954556e-48
   2.9234000e+03   4.7471694e-48
   2.9302000e+03   4.7991665e-48
   2.9369000e+03   4.8518873e-48
   2.9437000e+03   4.9053390e-48
   2.9505000e+03   4.9590836e-48
   2.9573000e+03   5.0135688e-48
   2.9641000e+03   5.0683517e-48
   2.9709000e+03   5.1238850e-48
   2.9778000e+03   5.1801760e-48
   2.9847000e+03   5.2363169e-48
   2.9915000e+03   5.2936806e-48
   2.9984000e+03   5.3508942e-48
   3.0054000e+03   5.4088805e-48
   3.0123000e+03   5.4676469e-48
   3.0192000e+03   5.5267308e-48
   3.0262000e+03   5.5861322e-48
   3.0332000e+03   5.6458512e-48
   3.0402000e+03   5.7058877e-48
   3.0472000e+03   5.7667220e-48
   3.0542000e+03   5.8278788e-48
   3.0613000e+03   5.8888729e-48
   3.0683000e+03   5.9511603e-48
   3.0754000e+03   6.0127944e-48
   3.0825000e+03   6.0752390e-48
   3.0896000e+03   6.1375108e-48
   3.0967000e+03   6.2005980e-48
   3.1039000e+03   6.2635073e-48
   3.1110000e+03   6.3262310e-48
   3.1182000e+03   6.3892673e-48
   3.1254000e+03   6.4526160e-48
   3.1326000e+03   6.5157668e-48
   3.1398000e+03   6.5792250e-48
   3.1470000e+03   6.6419598e-48
   3.1543000e+03   6.7049924e-48
   3.1616000e+03   6.7678022e-48
   3.1689000e+03   6.8298596e-48
   3.1762000e+03   6.8922001e-48
   3.1835000e+03   6.9537690e-48
   3.1908000e+03   7.0150820e-48
   3.1982000e+03   7.0756000e-48
   3.2056000e+03   7.1353094e-48
   3.2130000e+03   7.1947333e-48
   3.2204000e+03   7.2533262e-48
   3.2278000e+03   7.3105344e-48
   3.2352000e+03   7.3674245e-48
   3.2427000e+03   7.4229003e-48
   3.2502000e+03   7.4769434e-48
   3.2577000e+03   7.5300848e-48
   3.2652000e+03   7.5812116e-48
   3.2727000e+03   7.6314062e-48
   3.2803000e+03   7.6795494e-48
   3.2878000e+03   7.7261762e-48
   3.2954000e+03   7.7712713e-48
   3.3030000e+03   7.8137021e-48
   3.3106000e+03   7.8545668e-48
   3.3183000e+03   7.8927284e-48
   3.3259000e+03   7.9287296e-48
   3.3336000e+03   7.9619909e-48
   3.3413000e+03   7.9930598e-48
   3.3490000e+03   8.0207904e-48
   3.3567000e+03   8.0462996e-48
   3.3644000e+03   8.0678722e-48
   3.3722000e+03   8.0871984e-48
   3.3800000e+03   8.1025623e-48
   3.3878000e+03   8.1145220e-48
   3.3956000e+03   8.1236400e-48
   3.4034000e+03   8.1282010e-48
   3.4113000e+03   8.1299117e-48
   3.4191000e+03   8.1270606e-48
   3.4270000e+03   8.1202202e-48
   3.4349000e+03   8.1099648e-48
   3.4428000e+03   8.0951630e-48
   3.4508000e+03   8.0758272e-48
   3.4587000e+03   8.0531088e-48
   3.4667000e+03   8.0253224e-48
   3.4747000e+03   7.9936253e-48
   3.4827000e+03   7.9569126e-48
   3.4907000e+03   7.9163450e-48
   3.4988000e+03   7.8713914e-48
   3.5069000e+03   7.8215309e-48
   3.5149000e+03   7.7679264e-48
   3.5231000e+03   7.7095076e-48
   3.5312000e+03   7.6468841e-48
   3.5393000e+03   7.5801102e-48
   3.5475000e+03   7.5092441e-48
   3.5557000e+03   7.4343476e-48
   3.5639000e+03   7.3549440e-48
   3.5721000e+03   7.2721909e-48
   3.5803000e+03   7.1856164e-48
   3.5886000e+03   7.0958304e-48
   3.5968000e+03   7.0023744e-48
   3.6051000e+03   6.9053328e-48
   3.6135000e+03   6.8058374e-48
   3.6218000e+03   6.7029210e-48
   3.6301000e+03   6.5977060e-48
   3.6385000e+03   6.4897562e-48
   3.6469000e+03   6.3796656e-48
   3.6553000e+03   6.2670116e-48
   3.6637000e+03   6.1528803e-48
   3.6722000e+03   6.0373404e-48
   3.6807000e+03   5.9199756e-48
   3.6891000e+03   5.8013540e-48
   3.6977000e+03   5.6820257e-48
   3.7062000e+03   5.5620506e-48
   3.7147000e+03   5.4410228e-48
   3.7233000e+03   5.3199423e-48
   3.7319000e+03   5.1988560e-48
   3.7405000e+03   5.0773609e-48
   3.7491000e+03   4.9564117e-48
   3.7578000e+03   4.8360408e-48
   3.7664000e+03   4.7162809e-48
   3.7751000e+03   4.5971648e-48
   3.7838000e+03   4.4791490e-48
   3.7925000e+03   4.3618323e-48
   3.8013000e+03   4.2464845e-48
   3.8100000e+03   4.1318693e-48
   3.8188000e+03   4.0192230e-48
   3.8276000e+03   3.9081336e-48
   3.8365000e+03   3.7989908e-48
   3.8453000e+03   3.6917780e-48
   3.8542000e+03   3.5864784e-48
   3.8631000e+03   3.4830757e-48
   3.8720000e+03   3.3819210e-48
   3.8809000e+03   3.2829816e-48
   3.8899000e+03   3.1865820e-48
   3.8988000e+03   3.0923222e-48
   3.9078000e+03   3.0005168e-48
   3.9168000e+03   2.9111184e-48
   3.9259000e+03   2.8244164e-48
   3.9349000e+03   2.7400181e-48
   3.9440000e+03   2.6585303e-48
   3.9531000e+03   2.5792360e-48
   3.9622000e+03   2.5024076e-48
   3.9713000e+03   2.4282989e-48
   3.9805000e+03   2.3568390e-48
   3.9897000e+03   2.2879588e-48
   3.9989000e+03   2.2215902e-48
   4.0081000e+03   2.1579610e-48
   4.0173000e+03   2.0967040e-48
   4.0266000e+03   2.0380418e-48
   4.0359000e+03   1.9816193e-48
   4.0452000e+03   1.9279323e-48
   4.0545000e+03   1.8766260e-48
   4.0639000e+03   1.8279040e-48
   4.0732000e+03   1.7814241e-48
   4.0826000e+03   1.7373876e-48
   4.0921000e+03   1.6954644e-48
   4.1015000e+03   1.6561116e-48
   4.1109000e+03   1.6190018e-48
   4.1204000e+03   1.5840740e-48
   4.1299000e+03   1.5512703e-48
   4.1395000e+03   1.5207822e-48
   4.1490000e+03   1.4925509e-48
   4.1586000e+03   1.4662788e-48
   4.1682000e+03   1.4419206e-48
   4.1778000e+03   1.4196722e-48
   4.1874000e+03   1.3994890e-48
   4.1971000e+03   1.3813301e-48
   4.2067000e+03   1.3649249e-48
   4.2164000e+03   1.3504764e-48
   4.2262000e+03   1.3379549e-48
   4.2359000e+03   1.3271040e-48
   4.2457000e+03   1.3181336e-48
   4.2555000e+03   1.3110250e-48
   4.2653000e+03   1.3053062e-48
   4.2751000e+03   1.3016528e-48
   4.2850000e+03   1.2993720e-48
   4.2948000e+03   1.2989161e-48
   4.3048000e+03   1.2998280e-48
   4.3147000e+03   1.3025657e-48
   4.3246000e+03   1.3066776e-48
   4.3346000e+03   1.3121702e-48
   4.3446000e+03   1.3192820e-48
   4.3546000e+03   1.3280258e-48
   4.3647000e+03   1.3379549e-48
   4.3747000e+03   1.3493146e-48
   4.3848000e+03   1.3621224e-48
   4.3949000e+03   1.3763982e-48
   4.4051000e+03   1.3919280e-48
   4.4152000e+03   1.4087316e-48
   4.4254000e+03   1.4268303e-48
   4.4356000e+03   1.4462468e-48
   4.4458000e+03   1.4667632e-48
   4.4561000e+03   1.4886440e-48
   4.4664000e+03   1.5116702e-48
   4.4767000e+03   1.5361124e-48
   4.4870000e+03   1.5615002e-48
   4.4973000e+03   1.5881040e-48
   4.5077000e+03   1.6159494e-48
   4.5181000e+03   1.6448062e-48
   4.5285000e+03   1.6749536e-48
   4.5390000e+03   1.7058972e-48
   4.5494000e+03   1.7381786e-48
   4.5599000e+03   1.7715610e-48
   4.5704000e+03   1.8060672e-48
   4.5810000e+03   1.8414490e-48
   4.5915000e+03   1.8779962e-48
   4.6021000e+03   1.9154560e-48
   4.6127000e+03   1.9541244e-48
   4.6234000e+03   1.9937440e-48
   4.6340000e+03   2.0343317e-48
   4.6447000e+03   2.0759046e-48
   4.6554000e+03   2.1187714e-48
   4.6662000e+03   2.1623702e-48
   4.6769000e+03   2.2070074e-48
   4.6877000e+03   2.2524006e-48
   4.6985000e+03   2.2991657e-48
   4.7094000e+03   2.3467176e-48
   4.7202000e+03   2.3950658e-48
   4.7311000e+03   2.4445323e-48
   4.7420000e+03   2.4951362e-48
   4.7529000e+03   2.5462585e-48
   4.7639000e+03   2.5988664e-48
   4.7749000e+03   2.6520123e-48
   4.7859000e+03   2.7063540e-48
   4.7969000e+03   2.7612469e-48
   4.8080000e+03   2.8173623e-48
   4.8191000e+03   2.8743812e-48
   4.8302000e+03   2.9326562e-48
   4.8413000e+03   2.9915162e-48
   4.8525000e+03   3.0513102e-48
   4.8637000e+03   3.1120488e-48
   4.8749000e+03   3.1737422e-48
   4.8861000e+03   3.2364010e-48
   4.8974000e+03   3.3000356e-48
   4.9087000e+03   3.3646565e-48
   4.9200000e+03   3.4302744e-48
   4.9314000e+03   3.4965260e-48
   4.9427000e+03   3.5641664e-48
   4.9541000e+03   3.6324548e-48
   4.9656000e+03   3.7017760e-48
   4.9770000e+03   3.7721408e-48
   4.9885000e+03   3.8431682e-48
   5.0000000e+03   3.9152537e-48
