   5.0000000e+00   2.0980483e-46
   5.0381876e+00   1.9505955e-46
   5.0766670e+00   1.8161233e-46
   5.1154401e+00   1.6932230e-46
   5.1545095e+00   1.5806629e-46
   5.1938772e+00   1.4773634e-46
   5.2335456e+00   1.3823770e-46
   5.2735169e+00   1.2948705e-46
   5.3137936e+00   1.2141095e-46
   5.3543778e+00   1.1394459e-46
   5.3952720e+00   1.0703060e-46
   5.4364786e+00   1.0061817e-46
   5.4779999e+00   9.4662112e-47
   5.5198382e+00   8.9122239e-47
   5.5619962e+00   8.3962676e-47
   5.6044761e+00   7.9151352e-47
   5.6472804e+00   7.4659527e-47
   5.6904117e+00   7.0461391e-47
   5.7338724e+00   6.6533710e-47
   5.7776650e+00   6.2855528e-47
   5.8217921e+00   5.9407897e-47
   5.8662562e+00   5.6173650e-47
   5.9110599e+00   5.3095333e-47
   5.9562058e+00   5.0184238e-47
   6.0016965e+00   4.7451797e-47
   6.0475346e+00   4.4885384e-47
   6.0937228e+00   4.2473443e-47
   6.1402638e+00   4.0205380e-47
   6.1871603e+00   3.8071466e-47
   6.2344149e+00   3.6062751e-47
   6.2820304e+00   3.4170990e-47
   6.3300096e+00   3.2388574e-47
   6.3783552e+00   3.0708472e-47
   6.4270701e+00   2.9124178e-47
   6.4761570e+00   2.7629661e-47
   6.5256189e+00   2.6219329e-47
   6.5754585e+00   2.4887985e-47
   6.6256787e+00   2.3630796e-47
   6.6762826e+00   2.2430321e-47
   6.7272729e+00   2.1291637e-47
   6.7786526e+00   2.0216095e-47
   6.8304248e+00   1.9199930e-47
   6.8825923e+00   1.8239627e-47
   6.9351583e+00   1.7331896e-47
   6.9881258e+00   1.6473659e-47
   7.0414978e+00   1.5662033e-47
   7.0952775e+00   1.4894319e-47
   7.1494679e+00   1.4167983e-47
   7.2040721e+00   1.3480651e-47
   7.2590934e+00   1.2830092e-47
   7.3145350e+00   1.2214214e-47
   7.3703999e+00   1.1631050e-47
   7.4266916e+00   1.1078752e-47
   7.4834132e+00   1.0555583e-47
   7.5405680e+00   1.0059909e-47
   7.5981593e+00   9.5901950e-48
   7.6561904e+00   9.1449933e-48
   7.7146648e+00   8.7229434e-48
   7.7735858e+00   8.3227640e-48
   7.8329568e+00   7.9432482e-48
   7.8927812e+00   7.5832595e-48
   7.9530626e+00   7.2417269e-48
   8.0138043e+00   6.9176414e-48
   8.0750100e+00   6.6100517e-48
   8.1366831e+00   6.3180613e-48
   8.1988272e+00   6.0408247e-48
   8.2614460e+00   5.7775446e-48
   8.3245431e+00   5.5274691e-48
   8.3881220e+00   5.2898888e-48
   8.4521865e+00   5.0641344e-48
   8.5167404e+00   4.8495743e-48
   8.5817872e+00   4.6456124e-48
   8.6473309e+00   4.4516860e-48
   8.7133751e+00   4.2672640e-48
   8.7799238e+00   4.0918447e-48
   8.8469807e+00   3.9249545e-48
   8.9145498e+00   3.7661461e-48
   8.9826349e+00   3.6149968e-48
   9.0512400e+00   3.4711074e-48
   9.1203691e+00   3.3341006e-48
   9.1900262e+00   3.2036199e-48
   9.2602153e+00   3.0793283e-48
   9.3309405e+00   2.9609073e-48
   9.4022058e+00   2.8480556e-48
   9.4740154e+00   2.7404884e-48
   9.5463735e+00   2.6379364e-48
   9.6192842e+00   2.5401449e-48
   9.6927518e+00   2.4468727e-48
   9.7667805e+00   2.3578918e-48
   9.8413745e+00   2.2729864e-48
   9.9165383e+00   2.1919522e-48
   9.9922762e+00   2.1145958e-48
   1.0068592e+01   2.0430029e-48
   1.0145492e+01   1.9747526e-48
   1.0222978e+01   1.9094300e-48
   1.0301056e+01   1.8468966e-48
   1.0379731e+01   1.7870215e-48
   1.0459007e+01   1.7296799e-48
   1.0538888e+01   1.6747537e-48
   1.0619379e+01   1.6221303e-48
   1.0700484e+01   1.5717032e-48
   1.0782210e+01   1.5233708e-48
   1.0864559e+01   1.4770367e-48
   1.0947537e+01   1.4326093e-48
   1.1031150e+01   1.3900014e-48
   1.1115400e+01   1.3491302e-48
   1.1200295e+01   1.3099169e-48
   1.1285837e+01   1.2722866e-48
   1.1372033e+01   1.2361680e-48
   1.1458887e+01   1.2014933e-48
   1.1546405e+01   1.1681978e-48
   1.1634591e+01   1.1362202e-48
   1.1723450e+01   1.1055018e-48
   1.1812989e+01   1.0759871e-48
   1.1903211e+01   1.0476230e-48
   1.1994122e+01   1.0203589e-48
   1.2085727e+01   9.9414666e-49
   1.2178032e+01   9.6894048e-49
   1.2271042e+01   9.4469661e-49
   1.2364763e+01   9.2137340e-49
   1.2459199e+01   8.9893111e-49
   1.2554357e+01   8.7733189e-49
   1.2650241e+01   8.5653962e-49
   1.2746857e+01   8.3651985e-49
   1.2844212e+01   8.1723972e-49
   1.2942310e+01   7.9866788e-49
   1.3041157e+01   7.8077442e-49
   1.3140759e+01   7.6353077e-49
   1.3241122e+01   7.4690970e-49
   1.3342252e+01   7.3088518e-49
   1.3444154e+01   7.1543235e-49
   1.3546834e+01   7.0052751e-49
   1.3650298e+01   6.8614797e-49
   1.3754553e+01   6.7227209e-49
   1.3859603e+01   6.5887918e-49
   1.3965457e+01   6.4594948e-49
   1.4072118e+01   6.3346410e-49
   1.4179594e+01   6.2140497e-49
   1.4287891e+01   6.0975483e-49
   1.4397016e+01   5.9849719e-49
   1.4506973e+01   5.8761624e-49
   1.4617771e+01   5.7709689e-49
   1.4729414e+01   5.6692471e-49
   1.4841911e+01   5.5708588e-49
   1.4955266e+01   5.4756718e-49
   1.5069487e+01   5.3835595e-49
   1.5184581e+01   5.2944010e-49
   1.5300554e+01   5.2080804e-49
   1.5417412e+01   5.1244867e-49
   1.5535163e+01   5.0435137e-49
   1.5653813e+01   4.9650597e-49
   1.5773370e+01   4.8890274e-49
   1.5893839e+01   4.8153233e-49
   1.6015229e+01   4.7438583e-49
   1.6137546e+01   4.6745466e-49
   1.6260797e+01   4.6073062e-49
   1.6384989e+01   4.5420585e-49
   1.6510130e+01   4.4787283e-49
   1.6636227e+01   4.4172432e-49
   1.6763286e+01   4.3575341e-49
   1.6891316e+01   4.2995346e-49
   1.7020324e+01   4.2431811e-49
   1.7150318e+01   4.1884126e-49
   1.7281304e+01   4.1351705e-49
   1.7413290e+01   4.0833988e-49
   1.7546285e+01   4.0330435e-49
   1.7680295e+01   3.9840532e-49
   1.7815329e+01   3.9363781e-49
   1.7951394e+01   3.8899708e-49
   1.8088498e+01   3.8447856e-49
   1.8226649e+01   3.8007788e-49
   1.8365856e+01   3.7579082e-49
   1.8506126e+01   3.7161336e-49
   1.8647467e+01   3.6754162e-49
   1.8789887e+01   3.6357187e-49
   1.8933396e+01   3.5970055e-49
   1.9078000e+01   3.5592423e-49
   1.9223709e+01   3.5223961e-49
   1.9370531e+01   3.4864352e-49
   1.9518474e+01   3.4513293e-49
   1.9667546e+01   3.4170490e-49
   1.9817758e+01   3.3835664e-49
   1.9969117e+01   3.3508545e-49
   2.0121631e+01   3.3188873e-49
   2.0275311e+01   3.2876398e-49
   2.0430164e+01   3.2570883e-49
   2.0586200e+01   3.2272095e-49
   2.0743428e+01   3.1979813e-49
   2.0901856e+01   3.1693825e-49
   2.1061495e+01   3.1413926e-49
   2.1222353e+01   3.1139918e-49
   2.1384439e+01   3.0871612e-49
   2.1547763e+01   3.0608826e-49
   2.1712335e+01   3.0351385e-49
   2.1878164e+01   3.0099119e-49
   2.2045259e+01   2.9851865e-49
   2.2213630e+01   2.9609469e-49
   2.2383287e+01   2.9371778e-49
   2.2554240e+01   2.9138649e-49
   2.2726499e+01   2.8909942e-49
   2.2900073e+01   2.8685522e-49
   2.3074973e+01   2.8465260e-49
   2.3251209e+01   2.8249031e-49
   2.3428791e+01   2.8036716e-49
   2.3607729e+01   2.7828198e-49
   2.3788034e+01   2.7623367e-49
   2.3969715e+01   2.7422115e-49
   2.4152785e+01   2.7224339e-49
   2.4337252e+01   2.7029938e-49
   2.4523129e+01   2.6838818e-49
   2.4710425e+01   2.6650884e-49
   2.4899152e+01   2.6466048e-49
   2.5089320e+01   2.6284224e-49
   2.5280940e+01   2.6105328e-49
   2.5474024e+01   2.5929280e-49
   2.5668582e+01   2.5756003e-49
   2.5864627e+01   2.5585423e-49
   2.6062169e+01   2.5417467e-49
   2.6261219e+01   2.5252066e-49
   2.6461790e+01   2.5089152e-49
   2.6663893e+01   2.4928662e-49
   2.6867539e+01   2.4770532e-49
   2.7072741e+01   2.4614702e-49
   2.7279510e+01   2.4461115e-49
   2.7487858e+01   2.4309712e-49
   2.7697797e+01   2.4160441e-49
   2.7909340e+01   2.4013249e-49
   2.8122498e+01   2.3868084e-49
   2.8337285e+01   2.3724898e-49
   2.8553711e+01   2.3583643e-49
   2.8771791e+01   2.3444274e-49
   2.8991537e+01   2.3306745e-49
   2.9212960e+01   2.3171015e-49
   2.9436075e+01   2.3037041e-49
   2.9660894e+01   2.2904783e-49
   2.9887430e+01   2.2774203e-49
   3.0115696e+01   2.2645263e-49
   3.0345706e+01   2.2517927e-49
   3.0577472e+01   2.2392159e-49
   3.0811008e+01   2.2267925e-49
   3.1046328e+01   2.2145193e-49
   3.1283445e+01   2.2023929e-49
   3.1522374e+01   2.1904104e-49
   3.1763127e+01   2.1785688e-49
   3.2005718e+01   2.1668650e-49
   3.2250163e+01   2.1552964e-49
   3.2496475e+01   2.1438601e-49
   3.2744667e+01   2.1325536e-49
   3.2994756e+01   2.1213741e-49
   3.3246754e+01   2.1103194e-49
   3.3500677e+01   2.0993869e-49
   3.3756540e+01   2.0885743e-49
   3.4014356e+01   2.0778793e-49
   3.4274142e+01   2.0672997e-49
   3.4535912e+01   2.0568334e-49
   3.4799681e+01   2.0464782e-49
   3.5065464e+01   2.0362322e-49
   3.5333278e+01   2.0260935e-49
   3.5603137e+01   2.0160600e-49
   3.5875057e+01   2.0061299e-49
   3.6149053e+01   1.9963015e-49
   3.6425143e+01   1.9865730e-49
   3.6703341e+01   1.9769427e-49
   3.6983664e+01   1.9674088e-49
   3.7266128e+01   1.9579699e-49
   3.7550749e+01   1.9486244e-49
   3.7837544e+01   1.9393706e-49
   3.8126529e+01   1.9302073e-49
   3.8417722e+01   1.9211328e-49
   3.8711138e+01   1.9121458e-49
   3.9006795e+01   1.9032449e-49
   3.9304711e+01   1.8944288e-49
   3.9604902e+01   1.8856962e-49
   3.9907386e+01   1.8770458e-49
   4.0212179e+01   1.8684764e-49
   4.0519301e+01   1.8599868e-49
   4.0828768e+01   1.8515758e-49
   4.1140599e+01   1.8432422e-49
   4.1454812e+01   1.8349851e-49
   4.1771424e+01   1.8268032e-49
   4.2090455e+01   1.8186955e-49
   4.2411922e+01   1.8106610e-49
   4.2735844e+01   1.8026986e-49
   4.3062240e+01   1.7948074e-49
   4.3391129e+01   1.7869865e-49
   4.3722530e+01   1.7792348e-49
   4.4056463e+01   1.7715514e-49
   4.4392945e+01   1.7639355e-49
   4.4731997e+01   1.7563862e-49
   4.5073639e+01   1.7489026e-49
   4.5417891e+01   1.7414839e-49
   4.5764771e+01   1.7341293e-49
   4.6114301e+01   1.7268378e-49
   4.6466500e+01   1.7196089e-49
   4.6821389e+01   1.7124417e-49
   4.7178989e+01   1.7053354e-49
   4.7539320e+01   1.6982894e-49
   4.7902403e+01   1.6913028e-49
   4.8268259e+01   1.6843751e-49
   4.8636909e+01   1.6775054e-49
   4.9008375e+01   1.6706932e-49
   4.9382678e+01   1.6639377e-49
   4.9759840e+01   1.6572384e-49
   5.0139882e+01   1.6505946e-49
   5.0522827e+01   1.6440056e-49
   5.0908696e+01   1.6374708e-49
   5.1297513e+01   1.6309898e-49
   5.1689299e+01   1.6245617e-49
   5.2084078e+01   1.6181862e-49
   5.2481871e+01   1.6118626e-49
   5.2882703e+01   1.6055904e-49
   5.3286596e+01   1.5993690e-49
   5.3693574e+01   1.5931979e-49
   5.4103661e+01   1.5870765e-49
   5.4516879e+01   1.5810045e-49
   5.4933253e+01   1.5749811e-49
   5.5352807e+01   1.5690060e-49
   5.5775566e+01   1.5630787e-49
   5.6201554e+01   1.5571987e-49
   5.6630795e+01   1.5513655e-49
   5.7063314e+01   1.5455787e-49
   5.7499137e+01   1.5398378e-49
   5.7938288e+01   1.5341423e-49
   5.8380793e+01   1.5284919e-49
   5.8826678e+01   1.5228861e-49
   5.9275969e+01   1.5173244e-49
   5.9728691e+01   1.5118065e-49
   6.0184870e+01   1.5063319e-49
   6.0644534e+01   1.5009003e-49
   6.1107709e+01   1.4955112e-49
   6.1574421e+01   1.4901642e-49
   6.2044697e+01   1.4848591e-49
   6.2518565e+01   1.4795953e-49
   6.2996052e+01   1.4743726e-49
   6.3477187e+01   1.4691905e-49
   6.3961996e+01   1.4640487e-49
   6.4450507e+01   1.4589469e-49
   6.4942750e+01   1.4538846e-49
   6.5438752e+01   1.4488616e-49
   6.5938542e+01   1.4438775e-49
   6.6442150e+01   1.4389321e-49
   6.6949604e+01   1.4340248e-49
   6.7460933e+01   1.4291555e-49
   6.7976168e+01   1.4243238e-49
   6.8495338e+01   1.4195294e-49
   6.9018473e+01   1.4147720e-49
   6.9545604e+01   1.4100513e-49
   7.0076760e+01   1.4053670e-49
   7.0611974e+01   1.4007188e-49
   7.1151275e+01   1.3961064e-49
   7.1694695e+01   1.3915295e-49
   7.2242265e+01   1.3869878e-49
   7.2794017e+01   1.3824811e-49
   7.3349984e+01   1.3780091e-49
   7.3910197e+01   1.3735715e-49
   7.4474688e+01   1.3691680e-49
   7.5043490e+01   1.3647984e-49
   7.5616637e+01   1.3604625e-49
   7.6194162e+01   1.3561599e-49
   7.6776097e+01   1.3518905e-49
   7.7362476e+01   1.3476539e-49
   7.7953335e+01   1.3434499e-49
   7.8548705e+01   1.3392783e-49
   7.9148623e+01   1.3351389e-49
   7.9753123e+01   1.3310314e-49
   8.0362240e+01   1.3269556e-49
   8.0976009e+01   1.3229112e-49
   8.1594466e+01   1.3188981e-49
   8.2217646e+01   1.3149159e-49
   8.2845586e+01   1.3109646e-49
   8.3478321e+01   1.3070439e-49
   8.4115889e+01   1.3031535e-49
   8.4758327e+01   1.2992932e-49
   8.5405671e+01   1.2954629e-49
   8.6057959e+01   1.2916624e-49
   8.6715230e+01   1.2878914e-49
   8.7377520e+01   1.2841498e-49
   8.8044868e+01   1.2804373e-49
   8.8717313e+01   1.2767538e-49
   8.9394894e+01   1.2730991e-49
   9.0077650e+01   1.2694729e-49
   9.0765621e+01   1.2658752e-49
   9.1458846e+01   1.2623057e-49
   9.2157366e+01   1.2587642e-49
   9.2861220e+01   1.2552506e-49
   9.3570451e+01   1.2517647e-49
   9.4285098e+01   1.2483064e-49
   9.5005203e+01   1.2448754e-49
   9.5730808e+01   1.2414716e-49
   9.6461955e+01   1.2380948e-49
   9.7198686e+01   1.2347449e-49
   9.7941044e+01   1.2314217e-49
   9.8689071e+01   1.2281251e-49
   9.9442812e+01   1.2248549e-49
   1.0020231e+02   1.2216109e-49
   1.0096761e+02   1.2183930e-49
   1.0173875e+02   1.2152012e-49
   1.0251578e+02   1.2120351e-49
   1.0329875e+02   1.2088947e-49
   1.0408770e+02   1.2057798e-49
   1.0488267e+02   1.2026904e-49
   1.0568371e+02   1.1996262e-49
   1.0649088e+02   1.1965872e-49
   1.0730420e+02   1.1935732e-49
   1.0812374e+02   1.1905840e-49
   1.0894954e+02   1.1876196e-49
   1.0978165e+02   1.1846799e-49
   1.1062011e+02   1.1817646e-49
   1.1146497e+02   1.1788738e-49
   1.1231629e+02   1.1760072e-49
   1.1317411e+02   1.1731649e-49
   1.1403848e+02   1.1703465e-49
   1.1490945e+02   1.1675521e-49
   1.1578707e+02   1.1647816e-49
   1.1667140e+02   1.1620348e-49
   1.1756248e+02   1.1593116e-49
   1.1846037e+02   1.1566119e-49
   1.1936511e+02   1.1539357e-49
   1.2027677e+02   1.1512829e-49
   1.2119539e+02   1.1486532e-49
   1.2212102e+02   1.1460468e-49
   1.2305372e+02   1.1434634e-49
   1.2399355e+02   1.1409029e-49
   1.2494055e+02   1.1383654e-49
   1.2589479e+02   1.1358507e-49
   1.2685632e+02   1.1333587e-49
   1.2782518e+02   1.1308894e-49
   1.2880145e+02   1.1284427e-49
   1.2978518e+02   1.1260184e-49
   1.3077642e+02   1.1236167e-49
   1.3177522e+02   1.1212372e-49
   1.3278166e+02   1.1188801e-49
   1.3379579e+02   1.1165453e-49
   1.3481766e+02   1.1142326e-49
   1.3584733e+02   1.1119420e-49
   1.3688487e+02   1.1096735e-49
   1.3793033e+02   1.1074271e-49
   1.3898378e+02   1.1052026e-49
   1.4004527e+02   1.1030000e-49
   1.4111487e+02   1.1008194e-49
   1.4219264e+02   1.0986605e-49
   1.4327864e+02   1.0965235e-49
   1.4437293e+02   1.0944082e-49
   1.4547559e+02   1.0923148e-49
   1.4658666e+02   1.0902430e-49
   1.4770622e+02   1.0881929e-49
   1.4883433e+02   1.0861646e-49
   1.4997106e+02   1.0841579e-49
   1.5111646e+02   1.0821729e-49
   1.5227062e+02   1.0802096e-49
   1.5343359e+02   1.0782681e-49
   1.5460545e+02   1.0763483e-49
   1.5578625e+02   1.0744503e-49
   1.5697607e+02   1.0725741e-49
   1.5817498e+02   1.0707199e-49
   1.5938305e+02   1.0688877e-49
   1.6060034e+02   1.0670777e-49
   1.6182693e+02   1.0652900e-49
   1.6306289e+02   1.0635250e-49
   1.6430828e+02   1.0617828e-49
   1.6556319e+02   1.0600640e-49
   1.6682769e+02   1.0583690e-49
   1.6810184e+02   1.0566987e-49
   1.6938572e+02   1.0550540e-49
   1.7067941e+02   1.0534366e-49
   1.7198298e+02   1.0518485e-49
   1.7329650e+02   1.0502933e-49
   1.7462006e+02   1.0487761e-49
   1.7595373e+02   1.0473058e-49
   1.7729758e+02   1.0458979e-49
   1.7865169e+02   1.0445818e-49
   1.8001615e+02   1.0434193e-49
   1.8139103e+02   1.0425594e-49
   1.8277641e+02   1.0424445e-49
   1.8417237e+02   1.0449325e-49
   1.8557899e+02   1.0668171e-49
   1.8699636e+02   3.5565360e-49
   1.8842455e+02   1.0529872e-49
   1.8986364e+02   1.0374789e-49
   1.9131373e+02   1.0333110e-49
   1.9277490e+02   1.0309923e-49
   1.9424722e+02   1.0292388e-49
   1.9573079e+02   1.0277233e-49
   1.9722569e+02   1.0263319e-49
   1.9873201e+02   1.0250169e-49
   2.0024983e+02   1.0237555e-49
   2.0177924e+02   1.0225355e-49
   2.0332034e+02   1.0213502e-49
   2.0487320e+02   1.0201957e-49
   2.0643793e+02   1.0190694e-49
   2.0801460e+02   1.0179696e-49
   2.0960332e+02   1.0168955e-49
   2.1120417e+02   1.0158462e-49
   2.1281725e+02   1.0148213e-49
   2.1444265e+02   1.0138205e-49
   2.1608046e+02   1.0128436e-49
   2.1773078e+02   1.0118904e-49
   2.1939371e+02   1.0109609e-49
   2.2106933e+02   1.0100550e-49
   2.2275776e+02   1.0091728e-49
   2.2445908e+02   1.0083143e-49
   2.2617339e+02   1.0074796e-49
   2.2790079e+02   1.0066686e-49
   2.2964139e+02   1.0058816e-49
   2.3139529e+02   1.0051185e-49
   2.3316257e+02   1.0043795e-49
   2.3494336e+02   1.0036646e-49
   2.3673775e+02   1.0029741e-49
   2.3854584e+02   1.0023080e-49
   2.4036774e+02   1.0016665e-49
   2.4220355e+02   1.0010497e-49
   2.4405339e+02   1.0004577e-49
   2.4591736e+02   9.9989063e-50
   2.4779556e+02   9.9934875e-50
   2.4968810e+02   9.9883217e-50
   2.5159510e+02   9.9834104e-50
   2.5351667e+02   9.9787554e-50
   2.5545291e+02   9.9743584e-50
   2.5740394e+02   9.9702211e-50
   2.5936987e+02   9.9663454e-50
   2.6135081e+02   9.9627332e-50
   2.6334689e+02   9.9593863e-50
   2.6535821e+02   9.9563067e-50
   2.6738489e+02   9.9534964e-50
   2.6942705e+02   9.9509576e-50
   2.7148481e+02   9.9486922e-50
   2.7355828e+02   9.9467025e-50
   2.7564759e+02   9.9449906e-50
   2.7775285e+02   9.9435589e-50
   2.7987420e+02   9.9424095e-50
   2.8201175e+02   9.9415450e-50
   2.8416562e+02   9.9409676e-50
   2.8633594e+02   9.9406798e-50
   2.8852284e+02   9.9406842e-50
   2.9072644e+02   9.9409834e-50
   2.9294688e+02   9.9415798e-50
   2.9518427e+02   9.9424763e-50
   2.9743874e+02   9.9436755e-50
   2.9971044e+02   9.9451802e-50
   3.0199949e+02   9.9469933e-50
   3.0430602e+02   9.9491177e-50
   3.0663017e+02   9.9515563e-50
   3.0897206e+02   9.9543121e-50
   3.1133185e+02   9.9573883e-50
   3.1370965e+02   9.9607880e-50
   3.1610562e+02   9.9645144e-50
   3.1851988e+02   9.9685707e-50
   3.2095259e+02   9.9729604e-50
   3.2340387e+02   9.9776869e-50
   3.2587388e+02   9.9827536e-50
   3.2836275e+02   9.9881642e-50
   3.3087063e+02   9.9939224e-50
   3.3339767e+02   1.0000032e-49
   3.3594400e+02   1.0006497e-49
   3.3850978e+02   1.0013321e-49
   3.4109516e+02   1.0020509e-49
   3.4370028e+02   1.0028065e-49
   3.4632531e+02   1.0035994e-49
   3.4897038e+02   1.0044302e-49
   3.5163565e+02   1.0052996e-49
   3.5432127e+02   1.0062084e-49
   3.5702741e+02   1.0071579e-49
   3.5975422e+02   1.0081503e-49
   3.6250185e+02   1.0091903e-49
   3.6527047e+02   1.0102906e-49
   3.6806024e+02   1.0115007e-49
   3.7087131e+02   1.0132147e-49
   3.7370385e+02   4.0913864e-47
   3.7655802e+02   1.0155789e-49
   3.7943399e+02   1.0162988e-49
   3.8233193e+02   1.0175108e-49
   3.8525200e+02   1.0188316e-49
   3.8819438e+02   1.0202148e-49
   3.9115922e+02   1.0216497e-49
   3.9414671e+02   1.0231328e-49
   3.9715702e+02   1.0246632e-49
   4.0019032e+02   1.0262407e-49
   4.0324678e+02   1.0278653e-49
   4.0632659e+02   1.0295374e-49
   4.0942992e+02   1.0312576e-49
   4.1255696e+02   1.0330262e-49
   4.1570787e+02   1.0348439e-49
   4.1888285e+02   1.0367112e-49
   4.2208208e+02   1.0386287e-49
   4.2530575e+02   1.0405970e-49
   4.2855403e+02   1.0426168e-49
   4.3182713e+02   1.0446887e-49
   4.3512522e+02   1.0468133e-49
   4.3844850e+02   1.0489913e-49
   4.4179717e+02   1.0512235e-49
   4.4517140e+02   1.0535104e-49
   4.4857141e+02   1.0558528e-49
   4.5199739e+02   1.0582514e-49
   4.5544953e+02   1.0607069e-49
   4.5892804e+02   1.0632201e-49
   4.6243312e+02   1.0657917e-49
   4.6596497e+02   1.0684225e-49
   4.6952379e+02   1.0711133e-49
   4.7310979e+02   1.0738648e-49
   4.7672318e+02   1.0766779e-49
   4.8036417e+02   1.0795534e-49
   4.8403296e+02   1.0824920e-49
   4.8772978e+02   1.0854947e-49
   4.9145483e+02   1.0885623e-49
   4.9520833e+02   1.0916957e-49
   4.9899050e+02   1.0948956e-49
   5.0280155e+02   1.0981632e-49
   5.0664171e+02   1.1014992e-49
   5.1051120e+02   1.1049046e-49
   5.1441025e+02   1.1083803e-49
   5.1833907e+02   1.1119273e-49
   5.2229790e+02   1.1155466e-49
   5.2628697e+02   1.1192392e-49
   5.3030650e+02   1.1230062e-49
   5.3435673e+02   1.1268486e-49
   5.3843789e+02   1.1307676e-49
   5.4255023e+02   1.1347648e-49
   5.4669397e+02   1.1388424e-49
   5.5086936e+02   1.1430055e-49
   5.5507664e+02   1.1472803e-49
   5.5931606e+02   1.1527133e-49
   5.6358785e+02   1.1561191e-49
   5.6789227e+02   1.1604448e-49
   5.7222956e+02   1.1649925e-49
   5.7659998e+02   1.1696399e-49
   5.8100378e+02   1.1743781e-49
   5.8544122e+02   1.1792061e-49
   5.8991254e+02   1.1841246e-49
   5.9441802e+02   1.1891345e-49
   5.9895790e+02   1.1942370e-49
   6.0353246e+02   1.1994333e-49
   6.0814196e+02   1.2047247e-49
   6.1278666e+02   1.2101125e-49
   6.1746683e+02   1.2155981e-49
   6.2218275e+02   1.2211827e-49
   6.2693469e+02   1.2268679e-49
   6.3172293e+02   1.2326550e-49
   6.3654773e+02   1.2385454e-49
   6.4140938e+02   1.2445405e-49
   6.4630816e+02   1.2506420e-49
   6.5124436e+02   1.2568512e-49
   6.5621826e+02   1.2631697e-49
   6.6123014e+02   1.2695990e-49
   6.6628031e+02   1.2761407e-49
   6.7136904e+02   1.2827964e-49
   6.7649665e+02   1.2895677e-49
   6.8166341e+02   1.2964563e-49
   6.8686963e+02   1.3034637e-49
   6.9211562e+02   1.3105917e-49
   6.9740167e+02   1.3178420e-49
   7.0272810e+02   1.3252163e-49
   7.0809520e+02   1.3327165e-49
   7.1350330e+02   1.3403442e-49
   7.1895270e+02   1.3481015e-49
   7.2444373e+02   1.3559902e-49
   7.2997669e+02   1.3640125e-49
   7.3555191e+02   1.3721716e-49
   7.4116970e+02   1.3804789e-49
   7.4683041e+02   1.3914403e-49
   7.5253435e+02   1.3974901e-49
   7.5828185e+02   1.4061846e-49
   7.6407325e+02   1.4150415e-49
   7.6990888e+02   1.4240475e-49
   7.7578909e+02   1.4332031e-49
   7.8171420e+02   1.4425100e-49
   7.8768456e+02   1.4519702e-49
   7.9370053e+02   1.4615861e-49
   7.9976244e+02   1.4713591e-49
   8.0587065e+02   1.4812923e-49
   8.1202551e+02   1.4913875e-49
   8.1822738e+02   1.5016472e-49
   8.2447661e+02   1.5120736e-49
   8.3077357e+02   1.5226692e-49
   8.3711863e+02   1.5334362e-49
   8.4351215e+02   1.5443771e-49
   8.4995450e+02   1.5554944e-49
   8.5644605e+02   1.5667906e-49
   8.6298718e+02   1.5782683e-49
   8.6957827e+02   1.5899299e-49
   8.7621970e+02   1.6017780e-49
   8.8291186e+02   1.6138154e-49
   8.8965512e+02   1.6260447e-49
   8.9644989e+02   1.6384686e-49
   9.0329655e+02   1.6510898e-49
   9.1019550e+02   1.6639113e-49
   9.1714715e+02   1.6769361e-49
   9.2415189e+02   1.6901685e-49
   9.3121012e+02   1.7036462e-49
   9.3832227e+02   1.7172741e-49
   9.4548873e+02   1.7311205e-49
   9.5270993e+02   1.7452009e-49
   9.5998628e+02   1.7595032e-49
   9.6731820e+02   1.7740294e-49
   9.7470612e+02   1.7887825e-49
   9.8215047e+02   1.8037655e-49
   9.8965167e+02   1.8189818e-49
   9.9721017e+02   1.8344344e-49
   1.0048264e+03   1.8501266e-49
   1.0125008e+03   1.8660619e-49
   1.0202338e+03   1.8822435e-49
   1.0280259e+03   1.8986749e-49
   1.0358774e+03   1.9153594e-49
   1.0437890e+03   1.9323006e-49
   1.0517609e+03   1.9495020e-49
   1.0597938e+03   1.9669672e-49
   1.0678880e+03   1.9846999e-49
   1.0760440e+03   2.0027035e-49
   1.0842623e+03   2.0209820e-49
   1.0925434e+03   2.0395390e-49
   1.1008878e+03   2.0583784e-49
   1.1092958e+03   2.0775048e-49
   1.1177681e+03   2.0969396e-49
   1.1263051e+03   2.1166346e-49
   1.1349073e+03   2.1366355e-49
   1.1435752e+03   2.1569438e-49
   1.1523093e+03   2.1775584e-49
   1.1611101e+03   2.1984832e-49
   1.1699781e+03   2.2197222e-49
   1.1789138e+03   2.2412795e-49
   1.1879178e+03   2.2631594e-49
   1.1969906e+03   2.2853661e-49
   1.2061326e+03   2.3079040e-49
   1.2153445e+03   2.3307775e-49
   1.2246267e+03   2.3539908e-49
   1.2339798e+03   2.3775485e-49
   1.2434044e+03   2.4014551e-49
   1.2529009e+03   2.4257150e-49
   1.2624700e+03   2.4503329e-49
   1.2721121e+03   2.4753135e-49
   1.2818279e+03   2.5006613e-49
   1.2916179e+03   2.5263814e-49
   1.3014827e+03   2.5524807e-49
   1.3114228e+03   2.5789641e-49
   1.3214388e+03   2.6058199e-49
   1.3315314e+03   2.6330748e-49
   1.3417010e+03   2.6607262e-49
   1.3519483e+03   2.6887786e-49
   1.3622738e+03   2.7172371e-49
   1.3726782e+03   2.7461066e-49
   1.3831621e+03   2.7753923e-49
   1.3937260e+03   2.8050991e-49
   1.4043706e+03   2.8352323e-49
   1.4150966e+03   2.8657969e-49
   1.4259044e+03   2.8967982e-49
   1.4367948e+03   2.9282414e-49
   1.4477684e+03   2.9601318e-49
   1.4588257e+03   2.9924746e-49
   1.4699676e+03   3.0252752e-49
   1.4811945e+03   3.0585392e-49
   1.4925071e+03   3.0922948e-49
   1.5039062e+03   3.1264776e-49
   1.5153923e+03   3.1611621e-49
   1.5269662e+03   3.1963318e-49
   1.5386284e+03   3.2319917e-49
   1.5503798e+03   3.2681472e-49
   1.5622208e+03   3.3048037e-49
   1.5741523e+03   3.3419668e-49
   1.5861750e+03   3.3796418e-49
   1.5982894e+03   3.4178344e-49
   1.6104964e+03   3.4565499e-49
   1.6227966e+03   3.4957939e-49
   1.6351908e+03   3.5355719e-49
   1.6476796e+03   3.5758893e-49
   1.6602638e+03   3.6167517e-49
   1.6729441e+03   3.6581652e-49
   1.6857213e+03   3.7001354e-49
   1.6985960e+03   3.7426628e-49
   1.7115691e+03   3.7857592e-49
   1.7246413e+03   3.8294276e-49
   1.7378132e+03   3.8736735e-49
   1.7510858e+03   3.9185019e-49
   1.7644598e+03   3.9639183e-49
   1.7779359e+03   4.0099278e-49
   1.7915150e+03   4.0565355e-49
   1.8051977e+03   4.1037467e-49
   1.8189850e+03   4.1515662e-49
   1.8328775e+03   4.1999990e-49
   1.8468762e+03   4.2490502e-49
   1.8609817e+03   4.2987251e-49
   1.8751950e+03   4.3490267e-49
   1.8895169e+03   4.3999603e-49
   1.9039481e+03   4.4515313e-49
   1.9184896e+03   4.5037436e-49
   1.9331421e+03   4.5566015e-49
   1.9479066e+03   4.6101091e-49
   1.9627837e+03   4.6642704e-49
   1.9777746e+03   4.7190892e-49
   1.9928799e+03   4.7745694e-49
   2.0081006e+03   4.8307144e-49
   2.0234375e+03   4.8875277e-49
   2.0388915e+03   4.9450124e-49
   2.0544636e+03   5.0038869e-49
   2.0701547e+03   5.0620077e-49
   2.0859655e+03   5.1215237e-49
   2.1018972e+03   5.1817218e-49
   2.1179505e+03   5.2426042e-49
   2.1341264e+03   5.3041726e-49
   2.1504258e+03   5.3664287e-49
   2.1668498e+03   5.4293737e-49
   2.1833991e+03   5.4930086e-49
   2.2000749e+03   5.5573340e-49
   2.2168780e+03   5.6223505e-49
   2.2338095e+03   5.6880583e-49
   2.2508703e+03   5.7544560e-49
   2.2680614e+03   5.8215437e-49
   2.2853838e+03   5.8893202e-49
   2.3028385e+03   5.9577840e-49
   2.3204265e+03   6.0269331e-49
   2.3381488e+03   6.0967649e-49
   2.3560065e+03   6.1672767e-49
   2.3740005e+03   6.2384650e-49
   2.3921320e+03   6.3103259e-49
   2.4104020e+03   6.3828551e-49
   2.4288115e+03   6.4560543e-49
   2.4473616e+03   6.5298974e-49
   2.4660534e+03   6.6043988e-49
   2.4848880e+03   6.6795448e-49
   2.5038664e+03   6.7553280e-49
   2.5229898e+03   6.8317402e-49
   2.5422592e+03   6.9087726e-49
   2.5616757e+03   6.9864155e-49
   2.5812406e+03   7.0646586e-49
   2.6009549e+03   7.1434908e-49
   2.6208198e+03   7.2229001e-49
   2.6408364e+03   7.3028733e-49
   2.6610058e+03   7.3833971e-49
   2.6813293e+03   7.4644569e-49
   2.7018081e+03   7.5460368e-49
   2.7224432e+03   7.6281205e-49
   2.7432360e+03   7.7106902e-49
   2.7641875e+03   7.7937274e-49
   2.7852991e+03   7.8772122e-49
   2.8065719e+03   7.9611240e-49
   2.8280071e+03   8.0454402e-49
   2.8496061e+03   8.1301382e-49
   2.8713701e+03   8.2151932e-49
   2.8933002e+03   8.3005795e-49
   2.9153979e+03   8.3862700e-49
   2.9376643e+03   8.4722363e-49
   2.9601008e+03   8.5584486e-49
   2.9827087e+03   8.6448761e-49
   3.0054892e+03   8.7314843e-49
   3.0284437e+03   8.8182407e-49
   3.0515736e+03   8.9051088e-49
   3.0748801e+03   8.9920512e-49
   3.0983645e+03   9.0790286e-49
   3.1220284e+03   9.1660004e-49
   3.1458730e+03   9.2529238e-49
   3.1698997e+03   9.3397552e-49
   3.1941099e+03   9.4264462e-49
   3.2185050e+03   9.5129510e-49
   3.2430864e+03   9.5992189e-49
   3.2678556e+03   9.6851978e-49
   3.2928139e+03   9.7708337e-49
   3.3179629e+03   9.8560708e-49
   3.3433039e+03   9.9408508e-49
   3.3688385e+03   1.0025114e-48
   3.3945681e+03   1.0108797e-48
   3.4204942e+03   1.0191836e-48
   3.4466183e+03   1.0274163e-48
   3.4729420e+03   1.0355711e-48
   3.4994667e+03   1.0436407e-48
   3.5261940e+03   1.0516177e-48
   3.5531254e+03   1.0594946e-48
   3.5802625e+03   1.0672635e-48
   3.6076068e+03   1.0749163e-48
   3.6351600e+03   1.0824446e-48
   3.6629237e+03   1.0898398e-48
   3.6908994e+03   1.0970933e-48
   3.7190887e+03   1.1041957e-48
   3.7474934e+03   1.1111379e-48
   3.7761149e+03   1.1179101e-48
   3.8049551e+03   1.1245027e-48
   3.8340156e+03   1.1309055e-48
   3.8632980e+03   1.1371082e-48
   3.8928040e+03   1.1431002e-48
   3.9225355e+03   1.1488707e-48
   3.9524939e+03   1.1544086e-48
   3.9826812e+03   1.1597026e-48
   4.0130991e+03   1.1647413e-48
   4.0437492e+03   1.1695129e-48
   4.0746335e+03   1.1740054e-48
   4.1057536e+03   1.1782066e-48
   4.1371114e+03   1.1821042e-48
   4.1687087e+03   1.1856855e-48
   4.2005474e+03   1.1889380e-48
   4.2326292e+03   1.1918485e-48
   4.2649560e+03   1.1944040e-48
   4.2975297e+03   1.1965914e-48
   4.3303522e+03   1.1983972e-48
   4.3634254e+03   1.1998080e-48
   4.3967512e+03   1.2008102e-48
   4.4303315e+03   1.2013903e-48
   4.4641683e+03   1.2015345e-48
   4.4982635e+03   1.2012292e-48
   4.5326192e+03   1.2004606e-48
   4.5672372e+03   1.1992151e-48
   4.6021196e+03   1.1974790e-48
   4.6372684e+03   1.1952389e-48
   4.6726857e+03   1.1924813e-48
   4.7083734e+03   1.1891930e-48
   4.7443338e+03   1.1853609e-48
   4.7805688e+03   1.1809722e-48
   4.8170805e+03   1.1760143e-48
   4.8538711e+03   1.1704751e-48
   4.8909427e+03   1.1643427e-48
   4.9282974e+03   1.1576056e-48
   4.9659374e+03   1.1502528e-48
   5.0038649e+03   1.1422740e-48
   5.0420821e+03   1.1336593e-48
   5.0805911e+03   1.1243995e-48
   5.1193943e+03   1.1144860e-48
   5.1584938e+03   1.1039112e-48
   5.1978920e+03   1.0926681e-48
   5.2375910e+03   1.0807508e-48
   5.2775933e+03   1.0681543e-48
   5.3179010e+03   1.0548746e-48
   5.3585167e+03   1.0409091e-48
   5.3994425e+03   1.0262562e-48
   5.4406809e+03   1.0109155e-48
   5.4822342e+03   9.9488843e-49
   5.5241050e+03   9.7817751e-49
   5.5662955e+03   9.6078702e-49
   5.6088082e+03   9.4272289e-49
   5.6516457e+03   9.2399284e-49
   5.6948103e+03   9.0460645e-49
   5.7383046e+03   8.8457528e-49
   5.7821310e+03   8.6391296e-49
   5.8262922e+03   8.4263532e-49
   5.8707907e+03   8.2076045e-49
   5.9156290e+03   7.9830885e-49
   5.9608098e+03   7.7530363e-49
   6.0063357e+03   7.5176999e-49
   6.0522092e+03   7.2773659e-49
   6.0984332e+03   7.0323438e-49
   6.1450101e+03   6.7829736e-49
   6.1919428e+03   6.5296248e-49
   6.2392340e+03   6.2726986e-49
   6.2868863e+03   6.0126276e-49
   6.3349026e+03   5.7498771e-49
   6.3832856e+03   5.4849460e-49
   6.4320381e+03   5.2183678e-49
   6.4811630e+03   4.9507108e-49
   6.5306631e+03   4.6825789e-49
   6.5805412e+03   4.4146123e-49
   6.6308003e+03   4.1474877e-49
   6.6814432e+03   3.8819189e-49
   6.7324729e+03   3.6186568e-49
   6.7838924e+03   3.3584896e-49
   6.8357045e+03   3.1022425e-49
   6.8879124e+03   2.8507780e-49
   6.9405191e+03   2.6049946e-49
   6.9935275e+03   2.3658278e-49
   7.0469408e+03   2.1342478e-49
   7.1007620e+03   1.9112592e-49
   7.1549943e+03   1.6978999e-49
   7.2096407e+03   1.4952395e-49
   7.2647046e+03   1.3043777e-49
   7.3201890e+03   1.1264425e-49
   7.3760971e+03   9.6258753e-50
   7.4324323e+03   8.1399028e-50
   7.4891977e+03   6.8184864e-50
   7.5463967e+03   5.6737807e-50
   7.6040325e+03   4.7180805e-50
   7.6621085e+03   3.9637828e-50
   7.7206281e+03   3.4233451e-50
   7.7795946e+03   3.1092393e-50
   7.8390115e+03   3.0339031e-50
   7.8988822e+03   3.2096865e-50
   7.9592101e+03   3.6487944e-50
   8.0199988e+03   4.3632258e-50
   8.0812518e+03   5.3647084e-50
   8.1429726e+03   6.6646295e-50
   8.2051648e+03   8.2739626e-50
   8.2678320e+03   1.0203191e-49
   8.3309778e+03   1.2462224e-49
   8.3946059e+03   1.5060317e-49
   8.4587199e+03   1.8005979e-49
   8.5233236e+03   2.1306881e-49
   8.5884208e+03   2.4969764e-49
   8.6540151e+03   2.9000338e-49
   8.7201104e+03   3.3403184e-49
   8.7867105e+03   3.8181650e-49
   8.8538192e+03   4.3337748e-49
   8.9214405e+03   4.8872047e-49
   8.9895783e+03   5.4783569e-49
   9.0582365e+03   6.1069683e-49
   9.1274190e+03   6.7725999e-49
   9.1971299e+03   7.4746266e-49
   9.2673733e+03   8.2122268e-49
   9.3381531e+03   8.9843732e-49
   9.4094735e+03   9.7898226e-49
   9.4813387e+03   1.0627108e-48
   9.5537527e+03   1.1494530e-48
   9.6267197e+03   1.2390150e-48
   9.7002441e+03   1.3311781e-48
   9.7743300e+03   1.4256988e-48
   9.8489817e+03   1.5223078e-48
   9.9242036e+03   1.6207099e-48
   1.0000000e+04   1.7205841e-48