   5.0000000e+00   1.3637568e-44
   5.0115000e+00   1.2891332e-44
   5.0231000e+00   1.2185952e-44
   5.0347000e+00   1.1521876e-44
   5.0463000e+00   1.0895184e-44
   5.0579000e+00   1.0306310e-44
   5.0696000e+00   9.7493901e-45
   5.0813000e+00   9.2246420e-45
   5.0930000e+00   8.7293518e-45
   5.1047000e+00   8.2619010e-45
   5.1165000e+00   7.8209261e-45
   5.1283000e+00   7.4044304e-45
   5.1401000e+00   7.0112153e-45
   5.1520000e+00   6.6398052e-45
   5.1639000e+00   6.2891244e-45
   5.1758000e+00   5.9576786e-45
   5.1877000e+00   5.6446672e-45
   5.1997000e+00   5.3487282e-45
   5.2117000e+00   5.0688704e-45
   5.2237000e+00   4.8044306e-45
   5.2357000e+00   4.5543602e-45
   5.2478000e+00   4.3179355e-45
   5.2599000e+00   4.0942082e-45
   5.2720000e+00   3.8825361e-45
   5.2842000e+00   3.6823051e-45
   5.2964000e+00   3.4929282e-45
   5.3086000e+00   3.3134990e-45
   5.3208000e+00   3.1438449e-45
   5.3331000e+00   2.9831259e-45
   5.3454000e+00   2.8308784e-45
   5.3577000e+00   2.6867636e-45
   5.3701000e+00   2.5503510e-45
   5.3825000e+00   2.4210336e-45
   5.3949000e+00   2.2985312e-45
   5.4073000e+00   2.1824781e-45
   5.4198000e+00   2.0725256e-45
   5.4323000e+00   1.9682532e-45
   5.4448000e+00   1.8694382e-45
   5.4574000e+00   1.7757796e-45
   5.4699000e+00   1.6869913e-45
   5.4826000e+00   1.6028012e-45
   5.4952000e+00   1.5229506e-45
   5.5079000e+00   1.4471938e-45
   5.5206000e+00   1.3753714e-45
   5.5333000e+00   1.3071840e-45
   5.5461000e+00   1.2425625e-45
   5.5589000e+00   1.1812282e-45
   5.5717000e+00   1.1229871e-45
   5.5845000e+00   1.0677210e-45
   5.5974000e+00   1.0153145e-45
   5.6103000e+00   9.6553133e-46
   5.6232000e+00   9.1827181e-46
   5.6362000e+00   8.7337981e-46
   5.6492000e+00   8.3076533e-46
   5.6622000e+00   7.9028454e-46
   5.6753000e+00   7.5185640e-46
   5.6884000e+00   7.1540201e-46
   5.7015000e+00   6.8068810e-46
   5.7146000e+00   6.4775340e-46
   5.7278000e+00   6.1647924e-46
   5.7410000e+00   5.8675373e-46
   5.7543000e+00   5.5847142e-46
   5.7675000e+00   5.3162525e-46
   5.7808000e+00   5.0611501e-46
   5.7942000e+00   4.8184640e-46
   5.8075000e+00   4.5877356e-46
   5.8209000e+00   4.3685180e-46
   5.8343000e+00   4.1603761e-46
   5.8478000e+00   3.9620902e-46
   5.8613000e+00   3.7736948e-46
   5.8748000e+00   3.5944368e-46
   5.8884000e+00   3.4239802e-46
   5.9019000e+00   3.2619972e-46
   5.9155000e+00   3.1078164e-46
   5.9292000e+00   2.9611526e-46
   5.9429000e+00   2.8213921e-46
   5.9566000e+00   2.6886161e-46
   5.9703000e+00   2.5622405e-46
   5.9841000e+00   2.4420313e-46
   5.9979000e+00   2.3277605e-46
   6.0117000e+00   2.2189082e-46
   6.0256000e+00   2.1152794e-46
   6.0394000e+00   2.0166840e-46
   6.0534000e+00   1.9226596e-46
   6.0673000e+00   1.8333160e-46
   6.0813000e+00   1.7482128e-46
   6.0954000e+00   1.6671974e-46
   6.1094000e+00   1.5901210e-46
   6.1235000e+00   1.5165922e-46
   6.1376000e+00   1.4464873e-46
   6.1518000e+00   1.3799201e-46
   6.1660000e+00   1.3165268e-46
   6.1802000e+00   1.2559685e-46
   6.1944000e+00   1.1983681e-46
   6.2087000e+00   1.1436164e-46
   6.2230000e+00   1.0913981e-46
   6.2374000e+00   1.0414203e-46
   6.2518000e+00   9.9406882e-47
   6.2662000e+00   9.4887081e-47
   6.2806000e+00   9.0577096e-47
   6.2951000e+00   8.6471401e-47
   6.3096000e+00   8.2559030e-47
   6.3242000e+00   7.8827762e-47
   6.3388000e+00   7.5272976e-47
   6.3534000e+00   7.1883267e-47
   6.3680000e+00   6.8652824e-47
   6.3827000e+00   6.5572745e-47
   6.3974000e+00   6.2636144e-47
   6.4122000e+00   5.9836413e-47
   6.4270000e+00   5.7165697e-47
   6.4418000e+00   5.4619490e-47
   6.4566000e+00   5.2190510e-47
   6.4715000e+00   4.9874669e-47
   6.4865000e+00   4.7665216e-47
   6.5014000e+00   4.5558450e-47
   6.5164000e+00   4.3549441e-47
   6.5314000e+00   4.1630885e-47
   6.5465000e+00   3.9802219e-47
   6.5616000e+00   3.8056561e-47
   6.5767000e+00   3.6392263e-47
   6.5919000e+00   3.4802920e-47
   6.6071000e+00   3.3285976e-47
   6.6223000e+00   3.1838935e-47
   6.6376000e+00   3.0458257e-47
   6.6529000e+00   2.9140563e-47
   6.6682000e+00   2.7882624e-47
   6.6836000e+00   2.6681357e-47
   6.6990000e+00   2.5534830e-47
   6.7145000e+00   2.4440170e-47
   6.7300000e+00   2.3395602e-47
   6.7455000e+00   2.2397503e-47
   6.7610000e+00   2.1445235e-47
   6.7766000e+00   2.0535399e-47
   6.7923000e+00   1.9666564e-47
   6.8079000e+00   1.8837336e-47
   6.8236000e+00   1.8044654e-47
   6.8394000e+00   1.7287301e-47
   6.8551000e+00   1.6564900e-47
   6.8709000e+00   1.5873850e-47
   6.8868000e+00   1.5213900e-47
   6.9027000e+00   1.4583233e-47
   6.9186000e+00   1.3980869e-47
   6.9345000e+00   1.3405850e-47
   6.9505000e+00   1.2855810e-47
   6.9666000e+00   1.2329930e-47
   6.9826000e+00   1.1827409e-47
   6.9987000e+00   1.1347466e-47
   7.0149000e+00   1.0888020e-47
   7.0310000e+00   1.0449056e-47
   7.0473000e+00   1.0029889e-47
   7.0635000e+00   9.6286090e-48
   7.0798000e+00   9.2452484e-48
   7.0961000e+00   8.8786121e-48
   7.1125000e+00   8.5275680e-48
   7.1289000e+00   8.1921888e-48
   7.1453000e+00   7.8713914e-48
   7.1618000e+00   7.5647002e-48
   7.1783000e+00   7.2711123e-48
   7.1949000e+00   6.9902072e-48
   7.2115000e+00   6.7215748e-48
   7.2281000e+00   6.4643062e-48
   7.2448000e+00   6.2185397e-48
   7.2615000e+00   5.9829160e-48
   7.2782000e+00   5.7576003e-48
   7.2950000e+00   5.5417868e-48
   7.3118000e+00   5.3356380e-48
   7.3287000e+00   5.1379289e-48
   7.3456000e+00   4.9484003e-48
   7.3625000e+00   4.7672356e-48
   7.3795000e+00   4.5937349e-48
   7.3965000e+00   4.4276576e-48
   7.4136000e+00   4.2683560e-48
   7.4307000e+00   4.1160294e-48
   7.4478000e+00   3.9696578e-48
   7.4650000e+00   3.8298490e-48
   7.4822000e+00   3.6956218e-48
   7.4994000e+00   3.5671877e-48
   7.5167000e+00   3.4439936e-48
   7.5341000e+00   3.3258817e-48
   7.5514000e+00   3.2126978e-48
   7.5689000e+00   3.1039392e-48
   7.5863000e+00   3.0001704e-48
   7.6038000e+00   2.9002090e-48
   7.6213000e+00   2.8046201e-48
   7.6389000e+00   2.7126090e-48
   7.6565000e+00   2.6247240e-48
   7.6742000e+00   2.5401984e-48
   7.6919000e+00   2.4589376e-48
   7.7096000e+00   2.3811576e-48
   7.7274000e+00   2.3064497e-48
   7.7452000e+00   2.2347260e-48
   7.7631000e+00   2.1659009e-48
   7.7810000e+00   2.0996010e-48
   7.7989000e+00   2.0360436e-48
   7.8169000e+00   1.9751492e-48
   7.8349000e+00   1.9165634e-48
   7.8530000e+00   1.8602232e-48
   7.8711000e+00   1.8060672e-48
   7.8893000e+00   1.7540354e-48
   7.9074000e+00   1.7040692e-48
   7.9257000e+00   1.6558542e-48
   7.9440000e+00   1.6095997e-48
   7.9623000e+00   1.5652512e-48
   7.9806000e+00   1.5222624e-48
   7.9990000e+00   1.4810890e-48
   8.0175000e+00   1.4416805e-48
   8.0360000e+00   1.4035141e-48
   8.0545000e+00   1.3667948e-48
   8.0731000e+00   1.3312544e-48
   8.0917000e+00   1.2973210e-48
   8.1104000e+00   1.2645003e-48
   8.1291000e+00   1.2327661e-48
   8.1478000e+00   1.2023122e-48
   8.1666000e+00   1.1728890e-48
   8.1854000e+00   1.1446860e-48
   8.2043000e+00   1.1172490e-48
   8.2232000e+00   1.0909803e-48
   8.2422000e+00   1.0656433e-48
   8.2612000e+00   1.0410121e-48
   8.2802000e+00   1.0172740e-48
   8.2993000e+00   9.9448762e-49
   8.3185000e+00   9.7239321e-49
   8.3377000e+00   9.5107355e-49
   8.3569000e+00   9.3045316e-49
   8.3762000e+00   9.1053581e-49
   8.3955000e+00   8.9128705e-49
   8.4148000e+00   8.7267359e-49
   8.4342000e+00   8.5466327e-49
   8.4537000e+00   8.3724330e-49
   8.4732000e+00   8.2038306e-49
   8.4927000e+00   8.0407089e-49
   8.5123000e+00   7.8825987e-49
   8.5319000e+00   7.7295747e-49
   8.5516000e+00   7.5813590e-49
   8.5713000e+00   7.4376826e-49
   8.5911000e+00   7.2984558e-49
   8.6109000e+00   7.1634218e-49
   8.6308000e+00   7.0323319e-49
   8.6507000e+00   6.9052776e-49
   8.6706000e+00   6.7820166e-49
   8.6906000e+00   6.6623141e-49
   8.7106000e+00   6.5461045e-49
   8.7307000e+00   6.4333233e-49
   8.7509000e+00   6.3235894e-49
   8.7710000e+00   6.2170071e-49
   8.7913000e+00   6.1133633e-49
   8.8115000e+00   6.0126067e-49
   8.8319000e+00   5.9145328e-49
   8.8522000e+00   5.8192487e-49
   8.8726000e+00   5.7264029e-49
   8.8931000e+00   5.6361055e-49
   8.9136000e+00   5.5480152e-49
   8.9342000e+00   5.4622446e-49
   8.9548000e+00   5.3787556e-49
   8.9754000e+00   5.2973651e-49
   8.9961000e+00   5.2178952e-49
   9.0169000e+00   5.1404598e-49
   9.0377000e+00   5.0648842e-49
   9.0585000e+00   4.9911399e-49
   9.0794000e+00   4.9191988e-49
   9.1003000e+00   4.8488940e-49
   9.1213000e+00   4.7803396e-49
   9.1423000e+00   4.7132344e-49
   9.1634000e+00   4.6476943e-49
   9.1846000e+00   4.5835608e-49
   9.2057000e+00   4.5209486e-49
   9.2270000e+00   4.4597020e-49
   9.2482000e+00   4.3998016e-49
   9.2696000e+00   4.3410968e-49
   9.2909000e+00   4.2837025e-49
   9.3124000e+00   4.2274704e-49
   9.3338000e+00   4.1725140e-49
   9.3554000e+00   4.1185590e-49
   9.3769000e+00   4.0657202e-49
   9.3986000e+00   4.0138560e-49
   9.4202000e+00   3.9632061e-49
   9.4420000e+00   3.9133782e-49
   9.4637000e+00   3.8646116e-49
   9.4856000e+00   3.8166448e-49
   9.5074000e+00   3.7697144e-49
   9.5294000e+00   3.7235624e-49
   9.5513000e+00   3.6783012e-49
   9.5734000e+00   3.6339195e-49
   9.5954000e+00   3.5902866e-49
   9.6176000e+00   3.5473936e-49
   9.6397000e+00   3.5053504e-49
   9.6620000e+00   3.4640287e-49
   9.6842000e+00   3.4233031e-49
   9.7066000e+00   3.3833999e-49
   9.7290000e+00   3.3440776e-49
   9.7514000e+00   3.3055600e-49
   9.7739000e+00   3.2674942e-49
   9.7964000e+00   3.2302172e-49
   9.8190000e+00   3.1934931e-49
   9.8417000e+00   3.1573161e-49
   9.8643000e+00   3.1217921e-49
   9.8871000e+00   3.0866914e-49
   9.9099000e+00   3.0523415e-49
   9.9327000e+00   3.0184036e-49
   9.9557000e+00   2.9849832e-49
   9.9786000e+00   2.9521836e-49
   1.0002000e+01   2.9197812e-49
   1.0025000e+01   2.8878801e-49
   1.0048000e+01   2.8564749e-49
   1.0071000e+01   2.8255603e-49
   1.0094000e+01   2.7951312e-49
   1.0117000e+01   2.7651822e-49
   1.0141000e+01   2.7356038e-49
   1.0164000e+01   2.7064966e-49
   1.0188000e+01   2.6778555e-49
   1.0211000e+01   2.6495727e-49
   1.0235000e+01   2.6216448e-49
   1.0258000e+01   2.5941705e-49
   1.0282000e+01   2.5671449e-49
   1.0306000e+01   2.5404624e-49
   1.0329000e+01   2.5142202e-49
   1.0353000e+01   2.4882139e-49
   1.0377000e+01   2.4626406e-49
   1.0401000e+01   2.4374956e-49
   1.0425000e+01   2.4125779e-49
   1.0449000e+01   2.3880814e-49
   1.0473000e+01   2.3639044e-49
   1.0497000e+01   2.3401406e-49
   1.0522000e+01   2.3165932e-49
   1.0546000e+01   2.2934521e-49
   1.0570000e+01   2.2705225e-49
   1.0594000e+01   2.2479926e-49
   1.0619000e+01   2.2257637e-49
   1.0643000e+01   2.2038330e-49
   1.0668000e+01   2.1821978e-49
   1.0693000e+01   2.1608552e-49
   1.0717000e+01   2.1398026e-49
   1.0742000e+01   2.1190371e-49
   1.0767000e+01   2.0985561e-49
   1.0791000e+01   2.0783569e-49
   1.0816000e+01   2.0584369e-49
   1.0841000e+01   2.0387934e-49
   1.0866000e+01   2.0194238e-49
   1.0891000e+01   2.0003256e-49
   1.0916000e+01   1.9814072e-49
   1.0942000e+01   1.9628444e-49
   1.0967000e+01   1.9444572e-49
   1.0992000e+01   1.9263321e-49
   1.1018000e+01   1.9084666e-49
   1.1043000e+01   1.8908583e-49
   1.1068000e+01   1.8735047e-49
   1.1094000e+01   1.8564034e-49
   1.1120000e+01   1.8394663e-49
   1.1145000e+01   1.8227776e-49
   1.1171000e+01   1.8063350e-49
   1.1197000e+01   1.7901361e-49
   1.1222000e+01   1.7740944e-49
   1.1248000e+01   1.7582926e-49
   1.1274000e+01   1.7427285e-49
   1.1300000e+01   1.7273998e-49
   1.1326000e+01   1.7122216e-49
   1.1352000e+01   1.6972752e-49
   1.1379000e+01   1.6825584e-49
   1.1405000e+01   1.6679873e-49
   1.1431000e+01   1.6536422e-49
   1.1458000e+01   1.6395211e-49
   1.1484000e+01   1.6255411e-49
   1.1510000e+01   1.6117816e-49
   1.1537000e+01   1.5982405e-49
   1.1564000e+01   1.5848361e-49
   1.1590000e+01   1.5716467e-49
   1.1617000e+01   1.5586704e-49
   1.1644000e+01   1.5458265e-49
   1.1671000e+01   1.5331140e-49
   1.1697000e+01   1.5206880e-49
   1.1724000e+01   1.5083126e-49
   1.1752000e+01   1.4962198e-49
   1.1779000e+01   1.4842527e-49
   1.1806000e+01   1.4724104e-49
   1.1833000e+01   1.4607684e-49
   1.1860000e+01   1.4492488e-49
   1.1888000e+01   1.4379264e-49
   1.1915000e+01   1.4267240e-49
   1.1943000e+01   1.4157159e-49
   1.1970000e+01   1.4048254e-49
   1.1998000e+01   1.3941262e-49
   1.2025000e+01   1.3835424e-49
   1.2053000e+01   1.3731471e-49
   1.2081000e+01   1.3628649e-49
   1.2109000e+01   1.3526948e-49
   1.2137000e+01   1.3427094e-49
   1.2165000e+01   1.3328341e-49
   1.2193000e+01   1.3230679e-49
   1.2221000e+01   1.3134826e-49
   1.2249000e+01   1.3040043e-49
   1.2277000e+01   1.2946324e-49
   1.2306000e+01   1.2854376e-49
   1.2334000e+01   1.2763471e-49
   1.2362000e+01   1.2674312e-49
   1.2391000e+01   1.2585466e-49
   1.2419000e+01   1.2498346e-49
   1.2448000e+01   1.2412234e-49
   1.2477000e+01   1.2327121e-49
   1.2506000e+01   1.2243701e-49
   1.2534000e+01   1.2161261e-49
   1.2563000e+01   1.2079795e-49
   1.2592000e+01   1.1999296e-49
   1.2621000e+01   1.1919756e-49
   1.2650000e+01   1.1841857e-49
   1.2680000e+01   1.1764214e-49
   1.2709000e+01   1.1688193e-49
   1.2738000e+01   1.1613101e-49
   1.2767000e+01   1.1538930e-49
   1.2797000e+01   1.1465673e-49
   1.2826000e+01   1.1394000e-49
   1.2856000e+01   1.1322552e-49
   1.2886000e+01   1.1251999e-49
   1.2915000e+01   1.1183005e-49
   1.2945000e+01   1.1114222e-49
   1.2975000e+01   1.1046982e-49
   1.3005000e+01   1.0979945e-49
   1.3035000e+01   1.0914434e-49
   1.3065000e+01   1.0849777e-49
   1.3095000e+01   1.0785313e-49
   1.3125000e+01   1.0722350e-49
   1.3156000e+01   1.0659572e-49
   1.3186000e+01   1.0598280e-49
   1.3216000e+01   1.0537165e-49
   1.3247000e+01   1.0477522e-49
   1.3277000e+01   1.0418047e-49
   1.3308000e+01   1.0359386e-49
   1.3339000e+01   1.0301532e-49
   1.3369000e+01   1.0244480e-49
   1.3400000e+01   1.0188226e-49
   1.3431000e+01   1.0132762e-49
   1.3462000e+01   1.0078085e-49
   1.3493000e+01   1.0023556e-49
   1.3524000e+01   9.9704378e-50
   1.3555000e+01   9.9174606e-50
   1.3587000e+01   9.8652528e-50
   1.3618000e+01   9.8138093e-50
   1.3649000e+01   9.7631252e-50
   1.3681000e+01   9.7125722e-50
   1.3712000e+01   9.6627723e-50
   1.3744000e+01   9.6137204e-50
   1.3776000e+01   9.5654118e-50
   1.3808000e+01   9.5178420e-50
   1.3839000e+01   9.4703908e-50
   1.3871000e+01   9.4236720e-50
   1.3903000e+01   9.3776813e-50
   1.3935000e+01   9.3324140e-50
   1.3968000e+01   9.2872563e-50
   1.4000000e+01   9.2428160e-50
   1.4032000e+01   9.1990890e-50
   1.4064000e+01   9.1554656e-50
   1.4097000e+01   9.1125497e-50
   1.4129000e+01   9.0703369e-50
   1.4162000e+01   9.0288230e-50
   1.4195000e+01   8.9874044e-50
   1.4227000e+01   8.9466792e-50
   1.4260000e+01   8.9060465e-50
   1.4293000e+01   8.8661018e-50
   1.4326000e+01   8.8268410e-50
   1.4359000e+01   8.7876674e-50
   1.4392000e+01   8.7491724e-50
   1.4425000e+01   8.7113522e-50
   1.4459000e+01   8.6736140e-50
   1.4492000e+01   8.6365454e-50
   1.4525000e+01   8.5995562e-50
   1.4559000e+01   8.5632317e-50
   1.4592000e+01   8.5275680e-50
   1.4626000e+01   8.4919788e-50
   1.4660000e+01   8.4570456e-50
   1.4694000e+01   8.4221844e-50
   1.4727000e+01   8.3879744e-50
   1.4761000e+01   8.3538341e-50
   1.4795000e+01   8.3203403e-50
   1.4830000e+01   8.2874894e-50
   1.4864000e+01   8.2547036e-50
   1.4898000e+01   8.2225563e-50
   1.4932000e+01   8.1904716e-50
   1.4967000e+01   8.1584497e-50
   1.5001000e+01   8.1270606e-50
   1.5036000e+01   8.0963012e-50
   1.5071000e+01   8.0656000e-50
   1.5105000e+01   8.0355241e-50
   1.5140000e+01   8.0055044e-50
   1.5175000e+01   7.9755408e-50
   1.5210000e+01   7.9461972e-50
   1.5245000e+01   7.9174704e-50
   1.5280000e+01   7.8887957e-50
   1.5316000e+01   7.8601730e-50
   1.5351000e+01   7.8321620e-50
   1.5386000e+01   7.8042010e-50
   1.5422000e+01   7.7768477e-50
   1.5457000e+01   7.7495424e-50
   1.5493000e+01   7.7228410e-50
   1.5529000e+01   7.6961856e-50
   1.5564000e+01   7.6701302e-50
   1.5600000e+01   7.6441190e-50
   1.5636000e+01   7.6181520e-50
   1.5672000e+01   7.5927803e-50
   1.5709000e+01   7.5674508e-50
   1.5745000e+01   7.5421637e-50
   1.5781000e+01   7.5174672e-50
   1.5817000e+01   7.4933588e-50
   1.5854000e+01   7.4692890e-50
   1.5890000e+01   7.4452580e-50
   1.5927000e+01   7.4212656e-50
   1.5964000e+01   7.3978560e-50
   1.6001000e+01   7.3744834e-50
   1.6038000e+01   7.3516900e-50
   1.6075000e+01   7.3289318e-50
   1.6112000e+01   7.3067496e-50
   1.6149000e+01   7.2840612e-50
   1.6186000e+01   7.2624860e-50
   1.6223000e+01   7.2404046e-50
   1.6261000e+01   7.2188942e-50
   1.6298000e+01   7.1974158e-50
   1.6336000e+01   7.1759694e-50
   1.6374000e+01   7.1550900e-50
   1.6411000e+01   7.1347752e-50
   1.6449000e+01   7.1139558e-50
   1.6487000e+01   7.0936996e-50
   1.6525000e+01   7.0734722e-50
   1.6563000e+01   7.0538048e-50
   1.6601000e+01   7.0336344e-50
   1.6640000e+01   7.0140226e-50
   1.6678000e+01   6.9949670e-50
   1.6716000e+01   6.9759374e-50
   1.6755000e+01   6.9569338e-50
   1.6794000e+01   6.9379560e-50
   1.6832000e+01   6.9195302e-50
   1.6871000e+01   6.9011290e-50
   1.6910000e+01   6.8827522e-50
   1.6949000e+01   6.8644000e-50
   1.6988000e+01   6.8465956e-50
   1.7027000e+01   6.8288142e-50
   1.7067000e+01   6.8115780e-50
   1.7106000e+01   6.7938422e-50
   1.7145000e+01   6.7766502e-50
   1.7185000e+01   6.7600000e-50
   1.7225000e+01   6.7428509e-50
   1.7264000e+01   6.7262422e-50
   1.7304000e+01   6.7096541e-50
   1.7344000e+01   6.6930864e-50
   1.7384000e+01   6.6770560e-50
   1.7424000e+01   6.6605286e-50
   1.7464000e+01   6.6445373e-50
   1.7505000e+01   6.6290801e-50
   1.7545000e+01   6.6131266e-50
   1.7585000e+01   6.5977060e-50
   1.7626000e+01   6.5823034e-50
   1.7667000e+01   6.5669188e-50
   1.7707000e+01   6.5520641e-50
   1.7748000e+01   6.5372262e-50
   1.7789000e+01   6.5224052e-50
   1.7830000e+01   6.5076010e-50
   1.7871000e+01   6.4928136e-50
   1.7912000e+01   6.4785521e-50
   1.7954000e+01   6.4643063e-50
   1.7995000e+01   6.4500761e-50
   1.8037000e+01   6.4358616e-50
   1.8078000e+01   6.4221696e-50
   1.8120000e+01   6.4084923e-50
   1.8162000e+01   6.3948294e-50
   1.8204000e+01   6.3811812e-50
   1.8246000e+01   6.3680523e-50
   1.8288000e+01   6.3544326e-50
   1.8330000e+01   6.3413312e-50
   1.8372000e+01   6.3282434e-50
   1.8414000e+01   6.3151690e-50
   1.8457000e+01   6.3026102e-50
   1.8499000e+01   6.2895624e-50
   1.8542000e+01   6.2770292e-50
   1.8585000e+01   6.2645084e-50
   1.8628000e+01   6.2525002e-50
   1.8671000e+01   6.2400040e-50
   1.8714000e+01   6.2280194e-50
   1.8757000e+01   6.2160462e-50
   1.8800000e+01   6.2040846e-50
   1.8844000e+01   6.1921346e-50
   1.8887000e+01   6.1801960e-50
   1.8931000e+01   6.1687657e-50
   1.8974000e+01   6.1568497e-50
   1.9018000e+01   6.1454410e-50
   1.9062000e+01   6.1340429e-50
   1.9106000e+01   6.1231502e-50
   1.9150000e+01   6.1117728e-50
   1.9194000e+01   6.1009000e-50
   1.9238000e+01   6.0900368e-50
   1.9283000e+01   6.0786902e-50
   1.9327000e+01   6.0683396e-50
   1.9372000e+01   6.0575054e-50
   1.9416000e+01   6.0466810e-50
   1.9461000e+01   6.0363576e-50
   1.9506000e+01   6.0260430e-50
   1.9551000e+01   6.0157373e-50
   1.9596000e+01   6.0054404e-50
   1.9641000e+01   5.9951522e-50
   1.9686000e+01   5.9848730e-50
   1.9732000e+01   5.9750914e-50
   1.9777000e+01   5.9653178e-50
   1.9823000e+01   5.9550641e-50
   1.9869000e+01   5.9453069e-50
   1.9915000e+01   5.9360450e-50
   1.9960000e+01   5.9263034e-50
   2.0006000e+01   5.9165698e-50
   2.0053000e+01   5.9073302e-50
   2.0099000e+01   5.8980980e-50
   2.0145000e+01   5.8888729e-50
   2.0192000e+01   5.8796550e-50
   2.0238000e+01   5.8704444e-50
   2.0285000e+01   5.8612410e-50
   2.0332000e+01   5.8520448e-50
   2.0379000e+01   5.8433393e-50
   2.0426000e+01   5.8346402e-50
   2.0473000e+01   5.8259477e-50
   2.0520000e+01   5.8167792e-50
   2.0567000e+01   5.8085820e-50
   2.0615000e+01   5.7999089e-50
   2.0662000e+01   5.7912423e-50
   2.0710000e+01   5.7830630e-50
   2.0758000e+01   5.7744090e-50
   2.0805000e+01   5.7662417e-50
   2.0853000e+01   5.7580802e-50
   2.0901000e+01   5.7499244e-50
   2.0950000e+01   5.7417744e-50
   2.0998000e+01   5.7336303e-50
   2.1046000e+01   5.7254918e-50
   2.1095000e+01   5.7178374e-50
   2.1144000e+01   5.7097103e-50
   2.1192000e+01   5.7020664e-50
   2.1241000e+01   5.6944277e-50
   2.1290000e+01   5.6867941e-50
   2.1339000e+01   5.6791656e-50
   2.1389000e+01   5.6715423e-50
   2.1438000e+01   5.6639240e-50
   2.1487000e+01   5.6563109e-50
   2.1537000e+01   5.6491782e-50
   2.1586000e+01   5.6420501e-50
   2.1636000e+01   5.6344517e-50
   2.1686000e+01   5.6273328e-50
   2.1736000e+01   5.6202185e-50
   2.1786000e+01   5.6131086e-50
   2.1837000e+01   5.6060033e-50
   2.1887000e+01   5.5989024e-50
   2.1937000e+01   5.5918061e-50
   2.1988000e+01   5.5851869e-50
   2.2039000e+01   5.5780992e-50
   2.2089000e+01   5.5714882e-50
   2.2140000e+01   5.5648810e-50
   2.2191000e+01   5.5578063e-50
   2.2243000e+01   5.5512072e-50
   2.2294000e+01   5.5446121e-50
   2.2345000e+01   5.5380209e-50
   2.2397000e+01   5.5319040e-50
   2.2449000e+01   5.5253204e-50
   2.2500000e+01   5.5187406e-50
   2.2552000e+01   5.5126344e-50
   2.2604000e+01   5.5060622e-50
   2.2656000e+01   5.4999630e-50
   2.2709000e+01   5.4938672e-50
   2.2761000e+01   5.4873062e-50
   2.2813000e+01   5.4812174e-50
   2.2866000e+01   5.4751320e-50
   2.2919000e+01   5.4690500e-50
   2.2972000e+01   5.4634388e-50
   2.3025000e+01   5.4573632e-50
   2.3078000e+01   5.4512910e-50
   2.3131000e+01   5.4456890e-50
   2.3184000e+01   5.4396233e-50
   2.3238000e+01   5.4340272e-50
   2.3291000e+01   5.4279680e-50
   2.3345000e+01   5.4223780e-50
   2.3399000e+01   5.4167908e-50
   2.3453000e+01   5.4112064e-50
   2.3507000e+01   5.4056250e-50
   2.3561000e+01   5.4000464e-50
   2.3615000e+01   5.3944708e-50
   2.3670000e+01   5.3888980e-50
   2.3724000e+01   5.3837921e-50
   2.3779000e+01   5.3782248e-50
   2.3834000e+01   5.3726604e-50
   2.3889000e+01   5.3675622e-50
   2.3944000e+01   5.3624665e-50
   2.3999000e+01   5.3569102e-50
   2.4055000e+01   5.3518196e-50
   2.4110000e+01   5.3467313e-50
   2.4166000e+01   5.3416454e-50
   2.4221000e+01   5.3365620e-50
   2.4277000e+01   5.3314810e-50
   2.4333000e+01   5.3264024e-50
   2.4389000e+01   5.3213262e-50
   2.4446000e+01   5.3162525e-50
   2.4502000e+01   5.3111812e-50
   2.4558000e+01   5.3065730e-50
   2.4615000e+01   5.3015062e-50
   2.4672000e+01   5.2969022e-50
   2.4729000e+01   5.2918402e-50
   2.4786000e+01   5.2872404e-50
   2.4843000e+01   5.2826426e-50
   2.4900000e+01   5.2775873e-50
   2.4958000e+01   5.2729937e-50
   2.5015000e+01   5.2684021e-50
   2.5073000e+01   5.2638125e-50
   2.5131000e+01   5.2592249e-50
   2.5189000e+01   5.2546393e-50
   2.5247000e+01   5.2500557e-50
   2.5305000e+01   5.2459322e-50
   2.5363000e+01   5.2413524e-50
   2.5422000e+01   5.2367746e-50
   2.5480000e+01   5.2326563e-50
   2.5539000e+01   5.2280822e-50
   2.5598000e+01   5.2235102e-50
   2.5657000e+01   5.2193972e-50
   2.5716000e+01   5.2152857e-50
   2.5776000e+01   5.2107193e-50
   2.5835000e+01   5.2066112e-50
   2.5895000e+01   5.2025048e-50
   2.5954000e+01   5.1984000e-50
   2.6014000e+01   5.1942968e-50
   2.6074000e+01   5.1901952e-50
   2.6134000e+01   5.1860953e-50
   2.6194000e+01   5.1819970e-50
   2.6255000e+01   5.1779003e-50
   2.6315000e+01   5.1738052e-50
   2.6376000e+01   5.1697117e-50
   2.6437000e+01   5.1656198e-50
   2.6498000e+01   5.1619840e-50
   2.6559000e+01   5.1578952e-50
   2.6620000e+01   5.1542621e-50
   2.6682000e+01   5.1501764e-50
   2.6743000e+01   5.1465460e-50
   2.6805000e+01   5.1424633e-50
   2.6867000e+01   5.1388356e-50
   2.6929000e+01   5.1352092e-50
   2.6991000e+01   5.1311310e-50
   2.7053000e+01   5.1275074e-50
   2.7115000e+01   5.1238850e-50
   2.7178000e+01   5.1202638e-50
   2.7241000e+01   5.1166440e-50
   2.7303000e+01   5.1130254e-50
   2.7366000e+01   5.1094082e-50
   2.7429000e+01   5.1057922e-50
   2.7493000e+01   5.1021774e-50
   2.7556000e+01   5.0985640e-50
   2.7620000e+01   5.0949518e-50
   2.7683000e+01   5.0917923e-50
   2.7747000e+01   5.0881825e-50
   2.7811000e+01   5.0845740e-50
   2.7875000e+01   5.0814176e-50
   2.7940000e+01   5.0778116e-50
   2.8004000e+01   5.0742068e-50
   2.8069000e+01   5.0710536e-50
   2.8133000e+01   5.0679014e-50
   2.8198000e+01   5.0643002e-50
   2.8263000e+01   5.0611501e-50
   2.8328000e+01   5.0575512e-50
   2.8394000e+01   5.0544032e-50
   2.8459000e+01   5.0512562e-50
   2.8525000e+01   5.0481102e-50
   2.8591000e+01   5.0449652e-50
   2.8656000e+01   5.0418212e-50
   2.8723000e+01   5.0386781e-50
   2.8789000e+01   5.0350872e-50
   2.8855000e+01   5.0323949e-50
   2.8922000e+01   5.0292548e-50
   2.8988000e+01   5.0261156e-50
   2.9055000e+01   5.0229774e-50
   2.9122000e+01   5.0198403e-50
   2.9189000e+01   5.0167040e-50
   2.9257000e+01   5.0135688e-50
   2.9324000e+01   5.0108823e-50
   2.9392000e+01   5.0077488e-50
   2.9460000e+01   5.0046164e-50
   2.9528000e+01   5.0019322e-50
   2.9596000e+01   4.9988016e-50
   2.9664000e+01   4.9961190e-50
   2.9732000e+01   4.9929903e-50
   2.9801000e+01   4.9903092e-50
   2.9870000e+01   4.9871822e-50
   2.9938000e+01   4.9845028e-50
   3.0007000e+01   4.9818240e-50
   3.0077000e+01   4.9786997e-50
   3.0146000e+01   4.9760225e-50
   3.0216000e+01   4.9733460e-50
   3.0285000e+01   4.9706703e-50
   3.0355000e+01   4.9675494e-50
   3.0425000e+01   4.9648752e-50
   3.0495000e+01   4.9622018e-50
   3.0566000e+01   4.9595290e-50
   3.0636000e+01   4.9568570e-50
   3.0707000e+01   4.9541856e-50
   3.0777000e+01   4.9515150e-50
   3.0848000e+01   4.9488452e-50
   3.0920000e+01   4.9461760e-50
   3.0991000e+01   4.9435076e-50
   3.1062000e+01   4.9408398e-50
   3.1134000e+01   4.9386173e-50
   3.1206000e+01   4.9359509e-50
   3.1278000e+01   4.9332852e-50
   3.1350000e+01   4.9306203e-50
   3.1422000e+01   4.9284000e-50
   3.1495000e+01   4.9257364e-50
   3.1567000e+01   4.9230734e-50
   3.1640000e+01   4.9208549e-50
   3.1713000e+01   4.9181933e-50
   3.1786000e+01   4.9159758e-50
   3.1859000e+01   4.9133156e-50
   3.1933000e+01   4.9110992e-50
   3.2007000e+01   4.9084403e-50
   3.2080000e+01   4.9062250e-50
   3.2154000e+01   4.9035674e-50
   3.2228000e+01   4.9013532e-50
   3.2303000e+01   4.8991396e-50
   3.2377000e+01   4.8964838e-50
   3.2452000e+01   4.8942713e-50
   3.2527000e+01   4.8920592e-50
   3.2602000e+01   4.8898477e-50
   3.2677000e+01   4.8871945e-50
   3.2752000e+01   4.8849840e-50
   3.2828000e+01   4.8827741e-50
   3.2904000e+01   4.8805646e-50
   3.2979000e+01   4.8783557e-50
   3.3055000e+01   4.8761472e-50
   3.3132000e+01   4.8739393e-50
   3.3208000e+01   4.8717318e-50
   3.3285000e+01   4.8695249e-50
   3.3361000e+01   4.8673184e-50
   3.3438000e+01   4.8651125e-50
   3.3515000e+01   4.8629070e-50
   3.3593000e+01   4.8607021e-50
   3.3670000e+01   4.8584976e-50
   3.3748000e+01   4.8562937e-50
   3.3826000e+01   4.8545309e-50
   3.3904000e+01   4.8523278e-50
   3.3982000e+01   4.8501253e-50
   3.4060000e+01   4.8479232e-50
   3.4139000e+01   4.8461620e-50
   3.4218000e+01   4.8439608e-50
   3.4296000e+01   4.8417602e-50
   3.4376000e+01   4.8400000e-50
   3.4455000e+01   4.8378003e-50
   3.4534000e+01   4.8356010e-50
   3.4614000e+01   4.8338420e-50
   3.4694000e+01   4.8316436e-50
   3.4774000e+01   4.8298853e-50
   3.4854000e+01   4.8276878e-50
   3.4934000e+01   4.8259302e-50
   3.5015000e+01   4.8237337e-50
   3.5096000e+01   4.8219768e-50
   3.5176000e+01   4.8202203e-50
   3.5258000e+01   4.8180250e-50
   3.5339000e+01   4.8162692e-50
   3.5420000e+01   4.8140748e-50
   3.5502000e+01   4.8123197e-50
   3.5584000e+01   4.8105649e-50
   3.5666000e+01   4.8088104e-50
   3.5748000e+01   4.8066178e-50
   3.5831000e+01   4.8048640e-50
   3.5913000e+01   4.8031106e-50
   3.5996000e+01   4.8013574e-50
   3.6079000e+01   4.7996046e-50
   3.6162000e+01   4.7974141e-50
   3.6246000e+01   4.7956620e-50
   3.6329000e+01   4.7939103e-50
   3.6413000e+01   4.7921588e-50
   3.6497000e+01   4.7904077e-50
   3.6581000e+01   4.7886569e-50
   3.6666000e+01   4.7869064e-50
   3.6750000e+01   4.7851562e-50
   3.6835000e+01   4.7834064e-50
   3.6920000e+01   4.7816569e-50
   3.7005000e+01   4.7799077e-50
   3.7090000e+01   4.7781588e-50
   3.7176000e+01   4.7764102e-50
   3.7262000e+01   4.7746620e-50
   3.7347000e+01   4.7729141e-50
   3.7434000e+01   4.7716034e-50
   3.7520000e+01   4.7698560e-50
   3.7606000e+01   4.7681090e-50
   3.7693000e+01   4.7663622e-50
   3.7780000e+01   4.7646158e-50
   3.7867000e+01   4.7633062e-50
   3.7955000e+01   4.7615604e-50
   3.8042000e+01   4.7598149e-50
   3.8130000e+01   4.7580697e-50
   3.8218000e+01   4.7567610e-50
   3.8306000e+01   4.7550164e-50
   3.8394000e+01   4.7532720e-50
   3.8483000e+01   4.7519640e-50
   3.8571000e+01   4.7502202e-50
   3.8660000e+01   4.7489126e-50
   3.8750000e+01   4.7471694e-50
   3.8839000e+01   4.7454266e-50
   3.8928000e+01   4.7441196e-50
   3.9018000e+01   4.7423773e-50
   3.9108000e+01   4.7410708e-50
   3.9198000e+01   4.7393290e-50
   3.9289000e+01   4.7380229e-50
   3.9379000e+01   4.7362817e-50
   3.9470000e+01   4.7349760e-50
   3.9561000e+01   4.7332354e-50
   3.9652000e+01   4.7319301e-50
   3.9744000e+01   4.7306250e-50
   3.9836000e+01   4.7288852e-50
   3.9927000e+01   4.7275805e-50
   4.0019000e+01   4.7262760e-50
   4.0112000e+01   4.7245370e-50
   4.0204000e+01   4.7232329e-50
   4.0297000e+01   4.7219290e-50
   4.0390000e+01   4.7201908e-50
   4.0483000e+01   4.7188873e-50
   4.0576000e+01   4.7175840e-50
   4.0670000e+01   4.7162809e-50
   4.0764000e+01   4.7145437e-50
   4.0858000e+01   4.7132410e-50
   4.0952000e+01   4.7119385e-50
   4.1046000e+01   4.7106362e-50
   4.1141000e+01   4.7093340e-50
   4.1236000e+01   4.7075981e-50
   4.1331000e+01   4.7062964e-50
   4.1426000e+01   4.7049948e-50
   4.1522000e+01   4.7036934e-50
   4.1618000e+01   4.7023922e-50
   4.1714000e+01   4.7010912e-50
   4.1810000e+01   4.6997904e-50
   4.1906000e+01   4.6984898e-50
   4.2003000e+01   4.6971893e-50
   4.2100000e+01   4.6958890e-50
   4.2197000e+01   4.6945889e-50
   4.2294000e+01   4.6932890e-50
   4.2392000e+01   4.6919892e-50
   4.2489000e+01   4.6906896e-50
   4.2587000e+01   4.6893902e-50
   4.2686000e+01   4.6880910e-50
   4.2784000e+01   4.6867920e-50
   4.2883000e+01   4.6854932e-50
   4.2981000e+01   4.6841945e-50
   4.3081000e+01   4.6828960e-50
   4.3180000e+01   4.6815977e-50
   4.3280000e+01   4.6807322e-50
   4.3379000e+01   4.6794342e-50
   4.3479000e+01   4.6781364e-50
   4.3580000e+01   4.6768388e-50
   4.3680000e+01   4.6755413e-50
   4.3781000e+01   4.6746764e-50
   4.3882000e+01   4.6733792e-50
   4.3983000e+01   4.6720822e-50
   4.4084000e+01   4.6707854e-50
   4.4186000e+01   4.6694888e-50
   4.4288000e+01   4.6686245e-50
   4.4390000e+01   4.6673282e-50
   4.4492000e+01   4.6660320e-50
   4.4595000e+01   4.6651680e-50
   4.4698000e+01   4.6638722e-50
   4.4801000e+01   4.6625765e-50
   4.4904000e+01   4.6617128e-50
   4.5008000e+01   4.6604174e-50
   4.5112000e+01   4.6591222e-50
   4.5216000e+01   4.6582589e-50
   4.5320000e+01   4.6569640e-50
   4.5424000e+01   4.6561008e-50
   4.5529000e+01   4.6548062e-50
   4.5634000e+01   4.6535118e-50
   4.5739000e+01   4.6526490e-50
   4.5845000e+01   4.6513549e-50
   4.5951000e+01   4.6504922e-50
   4.6057000e+01   4.6491984e-50
   4.6163000e+01   4.6483360e-50
   4.6269000e+01   4.6470425e-50
   4.6376000e+01   4.6461802e-50
   4.6483000e+01   4.6448870e-50
   4.6590000e+01   4.6440250e-50
   4.6697000e+01   4.6427321e-50
   4.6805000e+01   4.6418702e-50
   4.6913000e+01   4.6405776e-50
   4.7021000e+01   4.6397160e-50
   4.7130000e+01   4.6388544e-50
   4.7238000e+01   4.6375622e-50
   4.7347000e+01   4.6367009e-50
   4.7457000e+01   4.6354090e-50
   4.7566000e+01   4.6345478e-50
   4.7676000e+01   4.6336868e-50
   4.7786000e+01   4.6323953e-50
   4.7896000e+01   4.6315344e-50
   4.8006000e+01   4.6306736e-50
   4.8117000e+01   4.6293826e-50
   4.8228000e+01   4.6285220e-50
   4.8339000e+01   4.6276614e-50
   4.8451000e+01   4.6268010e-50
   4.8562000e+01   4.6255105e-50
   4.8674000e+01   4.6246502e-50
   4.8787000e+01   4.6237901e-50
   4.8899000e+01   4.6225000e-50
   4.9012000e+01   4.6216400e-50
   4.9125000e+01   4.6207802e-50
   4.9238000e+01   4.6199204e-50
   4.9352000e+01   4.6190606e-50
   4.9465000e+01   4.6177712e-50
   4.9579000e+01   4.6169117e-50
   4.9694000e+01   4.6160522e-50
   4.9808000e+01   4.6151929e-50
   4.9923000e+01   4.6143336e-50
   5.0038000e+01   4.6134744e-50
   5.0154000e+01   4.6121858e-50
   5.0269000e+01   4.6113268e-50
   5.0385000e+01   4.6104678e-50
   5.0502000e+01   4.6096090e-50
   5.0618000e+01   4.6087502e-50
   5.0735000e+01   4.6078916e-50
   5.0852000e+01   4.6070330e-50
   5.0969000e+01   4.6061744e-50
   5.1087000e+01   4.6053160e-50
   5.1204000e+01   4.6044576e-50
   5.1322000e+01   4.6035994e-50
   5.1441000e+01   4.6027412e-50
   5.1559000e+01   4.6018830e-50
   5.1678000e+01   4.6005960e-50
   5.1797000e+01   4.5997381e-50
   5.1917000e+01   4.5988802e-50
   5.2037000e+01   4.5980225e-50
   5.2157000e+01   4.5975936e-50
   5.2277000e+01   4.5967360e-50
   5.2397000e+01   4.5958784e-50
   5.2518000e+01   4.5950210e-50
   5.2639000e+01   4.5941636e-50
   5.2761000e+01   4.5933062e-50
   5.2882000e+01   4.5924490e-50
   5.3004000e+01   4.5915918e-50
   5.3127000e+01   4.5907348e-50
   5.3249000e+01   4.5898778e-50
   5.3372000e+01   4.5890208e-50
   5.3495000e+01   4.5881640e-50
   5.3618000e+01   4.5873072e-50
   5.3742000e+01   4.5868789e-50
   5.3866000e+01   4.5860222e-50
   5.3990000e+01   4.5851657e-50
   5.4115000e+01   4.5843092e-50
   5.4239000e+01   4.5834528e-50
   5.4365000e+01   4.5825965e-50
   5.4490000e+01   4.5817402e-50
   5.4616000e+01   4.5813122e-50
   5.4741000e+01   4.5804560e-50
   5.4868000e+01   4.5796000e-50
   5.4994000e+01   4.5787440e-50
   5.5121000e+01   4.5778882e-50
   5.5248000e+01   4.5774603e-50
   5.5376000e+01   4.5766045e-50
   5.5503000e+01   4.5757488e-50
   5.5631000e+01   4.5748932e-50
   5.5760000e+01   4.5744654e-50
   5.5888000e+01   4.5736100e-50
   5.6017000e+01   4.5727546e-50
   5.6146000e+01   4.5723269e-50
   5.6276000e+01   4.5714716e-50
   5.6405000e+01   4.5706164e-50
   5.6535000e+01   4.5697613e-50
   5.6666000e+01   4.5693338e-50
   5.6797000e+01   4.5684788e-50
   5.6928000e+01   4.5676238e-50
   5.7059000e+01   4.5671964e-50
   5.7190000e+01   4.5663416e-50
   5.7322000e+01   4.5654869e-50
   5.7454000e+01   4.5650596e-50
   5.7587000e+01   4.5642050e-50
   5.7720000e+01   4.5633504e-50
   5.7853000e+01   4.5629232e-50
   5.7986000e+01   4.5620688e-50
   5.8120000e+01   4.5616416e-50
   5.8254000e+01   4.5607874e-50
   5.8388000e+01   4.5599332e-50
   5.8523000e+01   4.5595061e-50
   5.8658000e+01   4.5586520e-50
   5.8793000e+01   4.5582250e-50
   5.8929000e+01   4.5573710e-50
   5.9065000e+01   4.5565172e-50
   5.9201000e+01   4.5560902e-50
   5.9337000e+01   4.5552365e-50
   5.9474000e+01   4.5548096e-50
   5.9611000e+01   4.5539560e-50
   5.9749000e+01   4.5535292e-50
   5.9887000e+01   4.5526757e-50
   6.0025000e+01   4.5522490e-50
   6.0163000e+01   4.5513956e-50
   6.0302000e+01   4.5509689e-50
   6.0441000e+01   4.5501156e-50
   6.0580000e+01   4.5496890e-50
   6.0720000e+01   4.5488358e-50
   6.0860000e+01   4.5484093e-50
   6.1000000e+01   4.5475562e-50
   6.1141000e+01   4.5471298e-50
   6.1282000e+01   4.5462768e-50
   6.1423000e+01   4.5458504e-50
   6.1565000e+01   4.5454240e-50
   6.1707000e+01   4.5445712e-50
   6.1849000e+01   4.5441449e-50
   6.1992000e+01   4.5432922e-50
   6.2135000e+01   4.5428660e-50
   6.2278000e+01   4.5420134e-50
   6.2422000e+01   4.5415872e-50
   6.2566000e+01   4.5411610e-50
   6.2710000e+01   4.5403086e-50
   6.2855000e+01   4.5398825e-50
   6.2999000e+01   4.5390302e-50
   6.3145000e+01   4.5386042e-50
   6.3290000e+01   4.5381781e-50
   6.3436000e+01   4.5373260e-50
   6.3583000e+01   4.5369000e-50
   6.3729000e+01   4.5364740e-50
   6.3876000e+01   4.5356221e-50
   6.4023000e+01   4.5351962e-50
   6.4171000e+01   4.5347703e-50
   6.4319000e+01   4.5339185e-50
   6.4467000e+01   4.5334926e-50
   6.4616000e+01   4.5330668e-50
   6.4765000e+01   4.5322152e-50
   6.4914000e+01   4.5317894e-50
   6.5064000e+01   4.5313637e-50
   6.5214000e+01   4.5305122e-50
   6.5365000e+01   4.5300866e-50
   6.5515000e+01   4.5296609e-50
   6.5666000e+01   4.5292352e-50
   6.5818000e+01   4.5283840e-50
   6.5970000e+01   4.5279584e-50
   6.6122000e+01   4.5275328e-50
   6.6274000e+01   4.5271073e-50
   6.6427000e+01   4.5262563e-50
   6.6580000e+01   4.5258308e-50
   6.6734000e+01   4.5254053e-50
   6.6888000e+01   4.5249798e-50
   6.7042000e+01   4.5241290e-50
   6.7196000e+01   4.5237036e-50
   6.7351000e+01   4.5232782e-50
   6.7507000e+01   4.5228529e-50
   6.7662000e+01   4.5224276e-50
   6.7818000e+01   4.5215770e-50
   6.7975000e+01   4.5211517e-50
   6.8132000e+01   4.5207264e-50
   6.8289000e+01   4.5203012e-50
   6.8446000e+01   4.5198760e-50
   6.8604000e+01   4.5194508e-50
   6.8762000e+01   4.5186005e-50
   6.8921000e+01   4.5181754e-50
   6.9080000e+01   4.5177502e-50
   6.9239000e+01   4.5173252e-50
   6.9399000e+01   4.5169001e-50
   6.9559000e+01   4.5164750e-50
   6.9719000e+01   4.5156250e-50
   6.9880000e+01   4.5152000e-50
   7.0041000e+01   4.5147750e-50
   7.0202000e+01   4.5143501e-50
   7.0364000e+01   4.5139252e-50
   7.0527000e+01   4.5135003e-50
   7.0689000e+01   4.5130754e-50
   7.0852000e+01   4.5126505e-50
   7.1016000e+01   4.5122256e-50
   7.1179000e+01   4.5118008e-50
   7.1344000e+01   4.5109512e-50
   7.1508000e+01   4.5105264e-50
   7.1673000e+01   4.5101017e-50
   7.1838000e+01   4.5096770e-50
   7.2004000e+01   4.5092522e-50
   7.2170000e+01   4.5088276e-50
   7.2336000e+01   4.5084029e-50
   7.2503000e+01   4.5079782e-50
   7.2670000e+01   4.5075536e-50
   7.2838000e+01   4.5071290e-50
   7.3006000e+01   4.5067044e-50
   7.3174000e+01   4.5062798e-50
   7.3343000e+01   4.5058553e-50
   7.3512000e+01   4.5054308e-50
   7.3682000e+01   4.5050062e-50
   7.3852000e+01   4.5045818e-50
   7.4022000e+01   4.5041573e-50
   7.4193000e+01   4.5037328e-50
   7.4364000e+01   4.5033084e-50
   7.4535000e+01   4.5028840e-50
   7.4707000e+01   4.5024596e-50
   7.4879000e+01   4.5020352e-50
   7.5052000e+01   4.5016109e-50
   7.5225000e+01   4.5011866e-50
   7.5399000e+01   4.5007623e-50
   7.5572000e+01   4.5003380e-50
   7.5747000e+01   4.4999137e-50
   7.5921000e+01   4.4994894e-50
   7.6096000e+01   4.4990652e-50
   7.6272000e+01   4.4986410e-50
   7.6448000e+01   4.4982168e-50
   7.6624000e+01   4.4977926e-50
   7.6801000e+01   4.4977926e-50
   7.6978000e+01   4.4973685e-50
   7.7155000e+01   4.4969444e-50
   7.7333000e+01   4.4965203e-50
   7.7512000e+01   4.4960962e-50
   7.7690000e+01   4.4956721e-50
   7.7870000e+01   4.4952480e-50
   7.8049000e+01   4.4948240e-50
   7.8229000e+01   4.4944000e-50
   7.8409000e+01   4.4939760e-50
   7.8590000e+01   4.4935520e-50
   7.8772000e+01   4.4935520e-50
   7.8953000e+01   4.4931281e-50
   7.9135000e+01   4.4927042e-50
   7.9318000e+01   4.4922803e-50
   7.9501000e+01   4.4918564e-50
   7.9684000e+01   4.4914325e-50
   7.9868000e+01   4.4910086e-50
   8.0052000e+01   4.4910086e-50
   8.0236000e+01   4.4905848e-50
   8.0421000e+01   4.4901610e-50
   8.0607000e+01   4.4897372e-50
   8.0793000e+01   4.4893134e-50
   8.0979000e+01   4.4888897e-50
   8.1166000e+01   4.4888897e-50
   8.1353000e+01   4.4884660e-50
   8.1541000e+01   4.4880422e-50
   8.1729000e+01   4.4876186e-50
   8.1917000e+01   4.4871949e-50
   8.2106000e+01   4.4871949e-50
   8.2295000e+01   4.4867712e-50
   8.2485000e+01   4.4863476e-50
   8.2675000e+01   4.4859240e-50
   8.2866000e+01   4.4855004e-50
   8.3057000e+01   4.4855004e-50
   8.3249000e+01   4.4850768e-50
   8.3441000e+01   4.4846533e-50
   8.3633000e+01   4.4842298e-50
   8.3826000e+01   4.4842298e-50
   8.4019000e+01   4.4838062e-50
   8.4213000e+01   4.4833828e-50
   8.4407000e+01   4.4829593e-50
   8.4602000e+01   4.4829593e-50
   8.4797000e+01   4.4825358e-50
   8.4992000e+01   4.4821124e-50
   8.5188000e+01   4.4816890e-50
   8.5385000e+01   4.4816890e-50
   8.5582000e+01   4.4812656e-50
   8.5779000e+01   4.4808422e-50
   8.5977000e+01   4.4808422e-50
   8.6175000e+01   4.4804189e-50
   8.6374000e+01   4.4799956e-50
   8.6573000e+01   4.4795723e-50
   8.6773000e+01   4.4795723e-50
   8.6973000e+01   4.4791490e-50
   8.7173000e+01   4.4787257e-50
   8.7374000e+01   4.4787257e-50
   8.7576000e+01   4.4783024e-50
   8.7778000e+01   4.4778792e-50
   8.7980000e+01   4.4778792e-50
   8.8183000e+01   4.4774560e-50
   8.8386000e+01   4.4770328e-50
   8.8590000e+01   4.4770328e-50
   8.8795000e+01   4.4766096e-50
   8.8999000e+01   4.4761865e-50
   8.9205000e+01   4.4761865e-50
   8.9410000e+01   4.4757634e-50
   8.9616000e+01   4.4753402e-50
   8.9823000e+01   4.4753402e-50
   9.0030000e+01   4.4749172e-50
   9.0238000e+01   4.4744941e-50
   9.0446000e+01   4.4744941e-50
   9.0655000e+01   4.4740710e-50
   9.0864000e+01   4.4740710e-50
   9.1073000e+01   4.4736480e-50
   9.1283000e+01   4.4732250e-50
   9.1494000e+01   4.4732250e-50
   9.1705000e+01   4.4728020e-50
   9.1916000e+01   4.4723790e-50
   9.2128000e+01   4.4723790e-50
   9.2340000e+01   4.4719561e-50
   9.2553000e+01   4.4719561e-50
   9.2767000e+01   4.4715332e-50
   9.2981000e+01   4.4715332e-50
   9.3195000e+01   4.4711102e-50
   9.3410000e+01   4.4706874e-50
   9.3625000e+01   4.4706874e-50
   9.3841000e+01   4.4702645e-50
   9.4058000e+01   4.4702645e-50
   9.4275000e+01   4.4698416e-50
   9.4492000e+01   4.4698416e-50
   9.4710000e+01   4.4694188e-50
   9.4928000e+01   4.4689960e-50
   9.5147000e+01   4.4689960e-50
   9.5367000e+01   4.4685732e-50
   9.5587000e+01   4.4685732e-50
   9.5807000e+01   4.4681504e-50
   9.6028000e+01   4.4681504e-50
   9.6249000e+01   4.4677277e-50
   9.6471000e+01   4.4677277e-50
   9.6694000e+01   4.4673050e-50
   9.6917000e+01   4.4673050e-50
   9.7140000e+01   4.4668823e-50
   9.7364000e+01   4.4668823e-50
   9.7589000e+01   4.4664596e-50
   9.7814000e+01   4.4664596e-50
   9.8039000e+01   4.4660369e-50
   9.8266000e+01   4.4660369e-50
   9.8492000e+01   4.4656142e-50
   9.8719000e+01   4.4656142e-50
   9.8947000e+01   4.4651916e-50
   9.9175000e+01   4.4651916e-50
   9.9404000e+01   4.4647690e-50
   9.9633000e+01   4.4647690e-50
   9.9863000e+01   4.4643464e-50
   1.0009000e+02   4.4643464e-50
   1.0032000e+02   4.4639238e-50
   1.0056000e+02   4.4639238e-50
   1.0079000e+02   4.4639238e-50
   1.0102000e+02   4.4635013e-50
   1.0125000e+02   4.4635013e-50
   1.0149000e+02   4.4630788e-50
   1.0172000e+02   4.4630788e-50
   1.0195000e+02   4.4626563e-50
   1.0219000e+02   4.4626563e-50
   1.0243000e+02   4.4622338e-50
   1.0266000e+02   4.4622338e-50
   1.0290000e+02   4.4622338e-50
   1.0314000e+02   4.4618113e-50
   1.0337000e+02   4.4618113e-50
   1.0361000e+02   4.4613888e-50
   1.0385000e+02   4.4613888e-50
   1.0409000e+02   4.4613888e-50
   1.0433000e+02   4.4609664e-50
   1.0457000e+02   4.4609664e-50
   1.0481000e+02   4.4605440e-50
   1.0505000e+02   4.4605440e-50
   1.0530000e+02   4.4605440e-50
   1.0554000e+02   4.4601216e-50
   1.0578000e+02   4.4601216e-50
   1.0603000e+02   4.4601216e-50
   1.0627000e+02   4.4596992e-50
   1.0652000e+02   4.4596992e-50
   1.0676000e+02   4.4592769e-50
   1.0701000e+02   4.4592769e-50
   1.0725000e+02   4.4592769e-50
   1.0750000e+02   4.4588546e-50
   1.0775000e+02   4.4588546e-50
   1.0800000e+02   4.4588546e-50
   1.0825000e+02   4.4584323e-50
   1.0850000e+02   4.4584323e-50
   1.0875000e+02   4.4584323e-50
   1.0900000e+02   4.4580100e-50
   1.0925000e+02   4.4580100e-50
   1.0950000e+02   4.4580100e-50
   1.0975000e+02   4.4575877e-50
   1.1001000e+02   4.4575877e-50
   1.1026000e+02   4.4575877e-50
   1.1051000e+02   4.4571654e-50
   1.1077000e+02   4.4571654e-50
   1.1102000e+02   4.4571654e-50
   1.1128000e+02   4.4571654e-50
   1.1154000e+02   4.4567432e-50
   1.1179000e+02   4.4567432e-50
   1.1205000e+02   4.4567432e-50
   1.1231000e+02   4.4563210e-50
   1.1257000e+02   4.4563210e-50
   1.1283000e+02   4.4563210e-50
   1.1309000e+02   4.4563210e-50
   1.1335000e+02   4.4558988e-50
   1.1361000e+02   4.4558988e-50
   1.1387000e+02   4.4558988e-50
   1.1414000e+02   4.4558988e-50
   1.1440000e+02   4.4554766e-50
   1.1466000e+02   4.4554766e-50
   1.1493000e+02   4.4554766e-50
   1.1519000e+02   4.4554766e-50
   1.1546000e+02   4.4550545e-50
   1.1572000e+02   4.4550545e-50
   1.1599000e+02   4.4550545e-50
   1.1626000e+02   4.4550545e-50
   1.1653000e+02   4.4546324e-50
   1.1680000e+02   4.4546324e-50
   1.1706000e+02   4.4546324e-50
   1.1733000e+02   4.4546324e-50
   1.1761000e+02   4.4546324e-50
   1.1788000e+02   4.4542102e-50
   1.1815000e+02   4.4542102e-50
   1.1842000e+02   4.4542102e-50
   1.1869000e+02   4.4542102e-50
   1.1897000e+02   4.4542102e-50
   1.1924000e+02   4.4537882e-50
   1.1952000e+02   4.4537882e-50
   1.1979000e+02   4.4537882e-50
   1.2007000e+02   4.4537882e-50
   1.2035000e+02   4.4537882e-50
   1.2062000e+02   4.4537882e-50
   1.2090000e+02   4.4533661e-50
   1.2118000e+02   4.4533661e-50
   1.2146000e+02   4.4533661e-50
   1.2174000e+02   4.4533661e-50
   1.2202000e+02   4.4533661e-50
   1.2230000e+02   4.4533661e-50
   1.2258000e+02   4.4529440e-50
   1.2287000e+02   4.4529440e-50
   1.2315000e+02   4.4529440e-50
   1.2343000e+02   4.4529440e-50
   1.2372000e+02   4.4529440e-50
   1.2400000e+02   4.4529440e-50
   1.2429000e+02   4.4529440e-50
   1.2458000e+02   4.4529440e-50
   1.2486000e+02   4.4525220e-50
   1.2515000e+02   4.4525220e-50
   1.2544000e+02   4.4525220e-50
   1.2573000e+02   4.4525220e-50
   1.2602000e+02   4.4525220e-50
   1.2631000e+02   4.4525220e-50
   1.2660000e+02   4.4525220e-50
   1.2689000e+02   4.4525220e-50
   1.2719000e+02   4.4525220e-50
   1.2748000e+02   4.4525220e-50
   1.2777000e+02   4.4525220e-50
   1.2807000e+02   4.4521000e-50
   1.2836000e+02   4.4521000e-50
   1.2866000e+02   4.4521000e-50
   1.2896000e+02   4.4521000e-50
   1.2925000e+02   4.4521000e-50
   1.2955000e+02   4.4521000e-50
   1.2985000e+02   4.4521000e-50
   1.3015000e+02   4.4521000e-50
   1.3045000e+02   4.4521000e-50
   1.3075000e+02   4.4521000e-50
   1.3105000e+02   4.4521000e-50
   1.3135000e+02   4.4521000e-50
   1.3166000e+02   4.4521000e-50
   1.3196000e+02   4.4521000e-50
   1.3226000e+02   4.4521000e-50
   1.3257000e+02   4.4521000e-50
   1.3288000e+02   4.4521000e-50
   1.3318000e+02   4.4521000e-50
   1.3349000e+02   4.4521000e-50
   1.3380000e+02   4.4521000e-50
   1.3411000e+02   4.4521000e-50
   1.3441000e+02   4.4521000e-50
   1.3472000e+02   4.4521000e-50
   1.3504000e+02   4.4521000e-50
   1.3535000e+02   4.4521000e-50
   1.3566000e+02   4.4521000e-50
   1.3597000e+02   4.4521000e-50
   1.3629000e+02   4.4521000e-50
   1.3660000e+02   4.4521000e-50
   1.3691000e+02   4.4521000e-50
   1.3723000e+02   4.4521000e-50
   1.3755000e+02   4.4521000e-50
   1.3786000e+02   4.4521000e-50
   1.3818000e+02   4.4521000e-50
   1.3850000e+02   4.4521000e-50
   1.3882000e+02   4.4521000e-50
   1.3914000e+02   4.4521000e-50
   1.3946000e+02   4.4525220e-50
   1.3978000e+02   4.4525220e-50
   1.4010000e+02   4.4525220e-50
   1.4043000e+02   4.4525220e-50
   1.4075000e+02   4.4525220e-50
   1.4108000e+02   4.4525220e-50
   1.4140000e+02   4.4525220e-50
   1.4173000e+02   4.4525220e-50
   1.4205000e+02   4.4525220e-50
   1.4238000e+02   4.4525220e-50
   1.4271000e+02   4.4529440e-50
   1.4304000e+02   4.4529440e-50
   1.4337000e+02   4.4529440e-50
   1.4370000e+02   4.4529440e-50
   1.4403000e+02   4.4529440e-50
   1.4436000e+02   4.4529440e-50
   1.4470000e+02   4.4529440e-50
   1.4503000e+02   4.4529440e-50
   1.4536000e+02   4.4533661e-50
   1.4570000e+02   4.4533661e-50
   1.4604000e+02   4.4533661e-50
   1.4637000e+02   4.4533661e-50
   1.4671000e+02   4.4533661e-50
   1.4705000e+02   4.4533661e-50
   1.4739000e+02   4.4537882e-50
   1.4773000e+02   4.4537882e-50
   1.4807000e+02   4.4537882e-50
   1.4841000e+02   4.4537882e-50
   1.4875000e+02   4.4537882e-50
   1.4909000e+02   4.4537882e-50
   1.4944000e+02   4.4542102e-50
   1.4978000e+02   4.4542102e-50
   1.5013000e+02   4.4542102e-50
   1.5047000e+02   4.4542102e-50
   1.5082000e+02   4.4546324e-50
   1.5117000e+02   4.4546324e-50
   1.5152000e+02   4.4546324e-50
   1.5187000e+02   4.4546324e-50
   1.5222000e+02   4.4546324e-50
   1.5257000e+02   4.4550545e-50
   1.5292000e+02   4.4550545e-50
   1.5327000e+02   4.4550545e-50
   1.5363000e+02   4.4550545e-50
   1.5398000e+02   4.4554766e-50
   1.5434000e+02   4.4554766e-50
   1.5469000e+02   4.4554766e-50
   1.5505000e+02   4.4554766e-50
   1.5541000e+02   4.4558988e-50
   1.5576000e+02   4.4558988e-50
   1.5612000e+02   4.4558988e-50
   1.5648000e+02   4.4563210e-50
   1.5684000e+02   4.4563210e-50
   1.5721000e+02   4.4563210e-50
   1.5757000e+02   4.4563210e-50
   1.5793000e+02   4.4567432e-50
   1.5830000e+02   4.4567432e-50
   1.5866000e+02   4.4567432e-50
   1.5903000e+02   4.4571654e-50
   1.5939000e+02   4.4571654e-50
   1.5976000e+02   4.4571654e-50
   1.6013000e+02   4.4575877e-50
   1.6050000e+02   4.4575877e-50
   1.6087000e+02   4.4575877e-50
   1.6124000e+02   4.4580100e-50
   1.6161000e+02   4.4580100e-50
   1.6198000e+02   4.4580100e-50
   1.6236000e+02   4.4584323e-50
   1.6273000e+02   4.4584323e-50
   1.6311000e+02   4.4588546e-50
   1.6348000e+02   4.4588546e-50
   1.6386000e+02   4.4588546e-50
   1.6424000e+02   4.4592769e-50
   1.6462000e+02   4.4592769e-50
   1.6500000e+02   4.4592769e-50
   1.6538000e+02   4.4596992e-50
   1.6576000e+02   4.4596992e-50
   1.6614000e+02   4.4601216e-50
   1.6652000e+02   4.4601216e-50
   1.6691000e+02   4.4605440e-50
   1.6729000e+02   4.4605440e-50
   1.6768000e+02   4.4605440e-50
   1.6807000e+02   4.4609664e-50
   1.6845000e+02   4.4609664e-50
   1.6884000e+02   4.4613888e-50
   1.6923000e+02   4.4613888e-50
   1.6962000e+02   4.4618113e-50
   1.7001000e+02   4.4618113e-50
   1.7040000e+02   4.4622338e-50
   1.7080000e+02   4.4622338e-50
   1.7119000e+02   4.4622338e-50
   1.7159000e+02   4.4626563e-50
   1.7198000e+02   4.4626563e-50
   1.7238000e+02   4.4630788e-50
   1.7278000e+02   4.4630788e-50
   1.7317000e+02   4.4635013e-50
   1.7357000e+02   4.4635013e-50
   1.7397000e+02   4.4639238e-50
   1.7437000e+02   4.4639238e-50
   1.7478000e+02   4.4643464e-50
   1.7518000e+02   4.4647690e-50
   1.7558000e+02   4.4647690e-50
   1.7599000e+02   4.4651916e-50
   1.7639000e+02   4.4651916e-50
   1.7680000e+02   4.4656142e-50
   1.7721000e+02   4.4656142e-50
   1.7762000e+02   4.4660369e-50
   1.7803000e+02   4.4660369e-50
   1.7844000e+02   4.4664596e-50
   1.7885000e+02   4.4664596e-50
   1.7926000e+02   4.4668823e-50
   1.7968000e+02   4.4673050e-50
   1.8009000e+02   4.4673050e-50
   1.8050000e+02   4.4677277e-50
   1.8092000e+02   4.4677277e-50
   1.8134000e+02   4.4681504e-50
   1.8176000e+02   4.4685732e-50
   1.8218000e+02   4.4685732e-50
   1.8260000e+02   4.4689960e-50
   1.8302000e+02   4.4694188e-50
   1.8344000e+02   4.4694188e-50
   1.8386000e+02   4.4698416e-50
   1.8429000e+02   4.4702645e-50
   1.8471000e+02   4.4702645e-50
   1.8514000e+02   4.4706874e-50
   1.8556000e+02   4.4706874e-50
   1.8599000e+02   4.4711102e-50
   1.8642000e+02   4.4715332e-50
   1.8685000e+02   4.4719561e-50
   1.8728000e+02   4.4719561e-50
   1.8771000e+02   4.4723790e-50
   1.8815000e+02   4.4728020e-50
   1.8858000e+02   4.4728020e-50
   1.8901000e+02   4.4732250e-50
   1.8945000e+02   4.4736480e-50
   1.8989000e+02   4.4736480e-50
   1.9033000e+02   4.4740710e-50
   1.9076000e+02   4.4744941e-50
   1.9120000e+02   4.4749172e-50
   1.9165000e+02   4.4749172e-50
   1.9209000e+02   4.4753402e-50
   1.9253000e+02   4.4757634e-50
   1.9297000e+02   4.4761865e-50
   1.9342000e+02   4.4766096e-50
   1.9387000e+02   4.4766096e-50
   1.9431000e+02   4.4770328e-50
   1.9476000e+02   4.4774560e-50
   1.9521000e+02   4.4778792e-50
   1.9566000e+02   4.4778792e-50
   1.9611000e+02   4.4783024e-50
   1.9656000e+02   4.4787257e-50
   1.9702000e+02   4.4791490e-50
   1.9747000e+02   4.4795723e-50
   1.9793000e+02   4.4799956e-50
   1.9838000e+02   4.4799956e-50
   1.9884000e+02   4.4804189e-50
   1.9930000e+02   4.4808422e-50
   1.9976000e+02   4.4812656e-50
   2.0022000e+02   4.4816890e-50
   2.0068000e+02   4.4821124e-50
   2.0114000e+02   4.4825358e-50
   2.0161000e+02   4.4829593e-50
   2.0207000e+02   4.4829593e-50
   2.0254000e+02   4.4833828e-50
   2.0300000e+02   4.4838062e-50
   2.0347000e+02   4.4842298e-50
   2.0394000e+02   4.4846533e-50
   2.0441000e+02   4.4850768e-50
   2.0488000e+02   4.4855004e-50
   2.0536000e+02   4.4859240e-50
   2.0583000e+02   4.4863476e-50
   2.0630000e+02   4.4867712e-50
   2.0678000e+02   4.4871949e-50
   2.0726000e+02   4.4876186e-50
   2.0773000e+02   4.4880422e-50
   2.0821000e+02   4.4884660e-50
   2.0869000e+02   4.4888897e-50
   2.0918000e+02   4.4893134e-50
   2.0966000e+02   4.4897372e-50
   2.1014000e+02   4.4901610e-50
   2.1063000e+02   4.4905848e-50
   2.1111000e+02   4.4910086e-50
   2.1160000e+02   4.4914325e-50
   2.1209000e+02   4.4918564e-50
   2.1258000e+02   4.4922803e-50
   2.1307000e+02   4.4927042e-50
   2.1356000e+02   4.4931281e-50
   2.1405000e+02   4.4935520e-50
   2.1454000e+02   4.4939760e-50
   2.1504000e+02   4.4944000e-50
   2.1553000e+02   4.4952480e-50
   2.1603000e+02   4.4956721e-50
   2.1653000e+02   4.4960962e-50
   2.1703000e+02   4.4965203e-50
   2.1753000e+02   4.4969444e-50
   2.1803000e+02   4.4973685e-50
   2.1853000e+02   4.4977926e-50
   2.1904000e+02   4.4986410e-50
   2.1954000e+02   4.4990652e-50
   2.2005000e+02   4.4994894e-50
   2.2056000e+02   4.4999137e-50
   2.2106000e+02   4.5003380e-50
   2.2157000e+02   4.5011866e-50
   2.2208000e+02   4.5016109e-50
   2.2260000e+02   4.5020352e-50
   2.2311000e+02   4.5024596e-50
   2.2362000e+02   4.5033084e-50
   2.2414000e+02   4.5037328e-50
   2.2466000e+02   4.5041573e-50
   2.2518000e+02   4.5045818e-50
   2.2569000e+02   4.5054308e-50
   2.2622000e+02   4.5058553e-50
   2.2674000e+02   4.5062798e-50
   2.2726000e+02   4.5071290e-50
   2.2778000e+02   4.5075536e-50
   2.2831000e+02   4.5084029e-50
   2.2884000e+02   4.5088276e-50
   2.2936000e+02   4.5096770e-50
   2.2989000e+02   4.5101017e-50
   2.3042000e+02   4.5109512e-50
   2.3095000e+02   4.5118008e-50
   2.3149000e+02   4.5122256e-50
   2.3202000e+02   4.5130754e-50
   2.3256000e+02   4.5139252e-50
   2.3309000e+02   4.5152000e-50
   2.3363000e+02   4.5160500e-50
   2.3417000e+02   4.5173252e-50
   2.3471000e+02   4.5190256e-50
   2.3525000e+02   4.5211517e-50
   2.3579000e+02   4.5245544e-50
   2.3634000e+02   4.5305122e-50
   2.3688000e+02   4.5424397e-50
   2.3743000e+02   4.5778882e-50
   2.3797000e+02   4.8017957e-50
   2.3852000e+02   1.3658938e-49
   2.3907000e+02   4.6720822e-50
   2.3962000e+02   4.5633504e-50
   2.4018000e+02   4.5407348e-50
   2.4073000e+02   4.5326410e-50
   2.4129000e+02   4.5292352e-50
   2.4184000e+02   4.5275328e-50
   2.4240000e+02   4.5266818e-50
   2.4296000e+02   4.5266818e-50
   2.4352000e+02   4.5266818e-50
   2.4408000e+02   4.5271073e-50
   2.4464000e+02   4.5271073e-50
   2.4521000e+02   4.5275328e-50
   2.4577000e+02   4.5279584e-50
   2.4634000e+02   4.5288096e-50
   2.4691000e+02   4.5292352e-50
   2.4748000e+02   4.5296609e-50
   2.4805000e+02   4.5305122e-50
   2.4862000e+02   4.5309380e-50
   2.4919000e+02   4.5317894e-50
   2.4977000e+02   4.5322152e-50
   2.5034000e+02   4.5330668e-50
   2.5092000e+02   4.5334926e-50
   2.5150000e+02   4.5343444e-50
   2.5208000e+02   4.5351962e-50
   2.5266000e+02   4.5356221e-50
   2.5324000e+02   4.5364740e-50
   2.5383000e+02   4.5373260e-50
   2.5441000e+02   4.5377520e-50
   2.5500000e+02   4.5386042e-50
   2.5559000e+02   4.5394564e-50
   2.5618000e+02   4.5398825e-50
   2.5677000e+02   4.5407348e-50
   2.5736000e+02   4.5415872e-50
   2.5795000e+02   4.5424397e-50
   2.5855000e+02   4.5428660e-50
   2.5914000e+02   4.5437186e-50
   2.5974000e+02   4.5445712e-50
   2.6034000e+02   4.5454240e-50
   2.6094000e+02   4.5462768e-50
   2.6154000e+02   4.5471298e-50
   2.6215000e+02   4.5475562e-50
   2.6275000e+02   4.5484093e-50
   2.6336000e+02   4.5492624e-50
   2.6396000e+02   4.5501156e-50
   2.6457000e+02   4.5509689e-50
   2.6518000e+02   4.5518222e-50
   2.6579000e+02   4.5526757e-50
   2.6641000e+02   4.5535292e-50
   2.6702000e+02   4.5543828e-50
   2.6764000e+02   4.5552365e-50
   2.6825000e+02   4.5560902e-50
   2.6887000e+02   4.5569441e-50
   2.6949000e+02   4.5577980e-50
   2.7011000e+02   4.5586520e-50
   2.7074000e+02   4.5595061e-50
   2.7136000e+02   4.5603602e-50
   2.7199000e+02   4.5612145e-50
   2.7261000e+02   4.5620688e-50
   2.7324000e+02   4.5629232e-50
   2.7387000e+02   4.5637777e-50
   2.7450000e+02   4.5646322e-50
   2.7514000e+02   4.5654869e-50
   2.7577000e+02   4.5663416e-50
   2.7641000e+02   4.5671964e-50
   2.7705000e+02   4.5680513e-50
   2.7768000e+02   4.5689062e-50
   2.7832000e+02   4.5701888e-50
   2.7897000e+02   4.5710440e-50
   2.7961000e+02   4.5718992e-50
   2.8025000e+02   4.5727546e-50
   2.8090000e+02   4.5736100e-50
   2.8155000e+02   4.5748932e-50
   2.8220000e+02   4.5757488e-50
   2.8285000e+02   4.5766045e-50
   2.8350000e+02   4.5774603e-50
   2.8415000e+02   4.5787440e-50
   2.8481000e+02   4.5796000e-50
   2.8547000e+02   4.5804560e-50
   2.8613000e+02   4.5813122e-50
   2.8678000e+02   4.5825965e-50
   2.8745000e+02   4.5834528e-50
   2.8811000e+02   4.5847374e-50
   2.8877000e+02   4.5855940e-50
   2.8944000e+02   4.5864506e-50
   2.9011000e+02   4.5877356e-50
   2.9078000e+02   4.5885924e-50
   2.9145000e+02   4.5894493e-50
   2.9212000e+02   4.5907348e-50
   2.9279000e+02   4.5915918e-50
   2.9347000e+02   4.5928776e-50
   2.9414000e+02   4.5937349e-50
   2.9482000e+02   4.5950210e-50
   2.9550000e+02   4.5958784e-50
   2.9618000e+02   4.5971648e-50
   2.9687000e+02   4.5980225e-50
   2.9755000e+02   4.5993092e-50
   2.9824000e+02   4.6001670e-50
   2.9892000e+02   4.6014540e-50
   2.9961000e+02   4.6023121e-50
   3.0031000e+02   4.6035994e-50
   3.0100000e+02   4.6048868e-50
   3.0169000e+02   4.6057452e-50
   3.0239000e+02   4.6070330e-50
   3.0308000e+02   4.6083209e-50
   3.0378000e+02   4.6091796e-50
   3.0448000e+02   4.6104678e-50
   3.0519000e+02   4.6117562e-50
   3.0589000e+02   4.6126153e-50
   3.0660000e+02   4.6139040e-50
   3.0730000e+02   4.6151929e-50
   3.0801000e+02   4.6164820e-50
   3.0872000e+02   4.6173414e-50
   3.0943000e+02   4.6186308e-50
   3.1015000e+02   4.6199204e-50
   3.1086000e+02   4.6212101e-50
   3.1158000e+02   4.6225000e-50
   3.1230000e+02   4.6233600e-50
   3.1302000e+02   4.6246502e-50
   3.1374000e+02   4.6259406e-50
   3.1446000e+02   4.6272312e-50
   3.1519000e+02   4.6285220e-50
   3.1591000e+02   4.6298129e-50
   3.1664000e+02   4.6311040e-50
   3.1737000e+02   4.6323953e-50
   3.1811000e+02   4.6336868e-50
   3.1884000e+02   4.6349784e-50
   3.1957000e+02   4.6362702e-50
   3.2031000e+02   4.6375622e-50
   3.2105000e+02   4.6388544e-50
   3.2179000e+02   4.6401468e-50
   3.2253000e+02   4.6414394e-50
   3.2328000e+02   4.6427321e-50
   3.2402000e+02   4.6440250e-50
   3.2477000e+02   4.6453181e-50
   3.2552000e+02   4.6466114e-50
   3.2627000e+02   4.6483360e-50
   3.2702000e+02   4.6496297e-50
   3.2777000e+02   4.6509236e-50
   3.2853000e+02   4.6522176e-50
   3.2929000e+02   4.6535118e-50
   3.3005000e+02   4.6552378e-50
   3.3081000e+02   4.6565324e-50
   3.3157000e+02   4.6578272e-50
   3.3234000e+02   4.6591222e-50
   3.3310000e+02   4.6608492e-50
   3.3387000e+02   4.6621446e-50
   3.3464000e+02   4.6634402e-50
   3.3541000e+02   4.6651680e-50
   3.3619000e+02   4.6664640e-50
   3.3696000e+02   4.6677602e-50
   3.3774000e+02   4.6694888e-50
   3.3852000e+02   4.6707854e-50
   3.3930000e+02   4.6725146e-50
   3.4008000e+02   4.6738116e-50
   3.4086000e+02   4.6755413e-50
   3.4165000e+02   4.6768388e-50
   3.4244000e+02   4.6785690e-50
   3.4323000e+02   4.6798669e-50
   3.4402000e+02   4.6815977e-50
   3.4481000e+02   4.6828960e-50
   3.4561000e+02   4.6846274e-50
   3.4640000e+02   4.6863590e-50
   3.4720000e+02   4.6876580e-50
   3.4800000e+02   4.6893902e-50
   3.4881000e+02   4.6911228e-50
   3.4961000e+02   4.6924224e-50
   3.5042000e+02   4.6941556e-50
   3.5123000e+02   4.6958890e-50
   3.5204000e+02   4.6976228e-50
   3.5285000e+02   4.6989233e-50
   3.5366000e+02   4.7006576e-50
   3.5448000e+02   4.7023922e-50
   3.5529000e+02   4.7041272e-50
   3.5611000e+02   4.7058625e-50
   3.5693000e+02   4.7075981e-50
   3.5776000e+02   4.7089000e-50
   3.5858000e+02   4.7106362e-50
   3.5941000e+02   4.7123726e-50
   3.6024000e+02   4.7141094e-50
   3.6107000e+02   4.7158466e-50
   3.6190000e+02   4.7175840e-50
   3.6274000e+02   4.7193218e-50
   3.6357000e+02   4.7210598e-50
   3.6441000e+02   4.7227982e-50
   3.6525000e+02   4.7245370e-50
   3.6609000e+02   4.7267108e-50
   3.6694000e+02   4.7284502e-50
   3.6778000e+02   4.7301900e-50
   3.6863000e+02   4.7319301e-50
   3.6948000e+02   4.7336705e-50
   3.7033000e+02   4.7354112e-50
   3.7119000e+02   4.7375876e-50
   3.7204000e+02   4.7393290e-50
   3.7290000e+02   4.7410708e-50
   3.7376000e+02   4.7428128e-50
   3.7462000e+02   4.7449909e-50
   3.7549000e+02   4.7467337e-50
   3.7635000e+02   4.7489126e-50
   3.7722000e+02   4.7506562e-50
   3.7809000e+02   4.7524000e-50
   3.7896000e+02   4.7545802e-50
   3.7984000e+02   4.7563248e-50
   3.8071000e+02   4.7585060e-50
   3.8159000e+02   4.7602512e-50
   3.8247000e+02   4.7624333e-50
   3.8335000e+02   4.7641793e-50
   3.8424000e+02   4.7663622e-50
   3.8512000e+02   4.7685457e-50
   3.8601000e+02   4.7702928e-50
   3.8690000e+02   4.7724772e-50
   3.8779000e+02   4.7742250e-50
   3.8869000e+02   4.7764102e-50
   3.8958000e+02   4.7785960e-50
   3.9048000e+02   4.7807822e-50
   3.9138000e+02   4.7825316e-50
   3.9228000e+02   4.7847188e-50
   3.9319000e+02   4.7869064e-50
   3.9410000e+02   4.7890946e-50
   3.9500000e+02   4.7912832e-50
   3.9592000e+02   4.7934724e-50
   3.9683000e+02   4.7956620e-50
   3.9774000e+02   4.7978522e-50
   3.9866000e+02   4.8000428e-50
   3.9958000e+02   4.8022340e-50
   4.0050000e+02   4.8044256e-50
   4.0143000e+02   4.8066178e-50
   4.0235000e+02   4.8088104e-50
   4.0328000e+02   4.8110036e-50
   4.0421000e+02   4.8131972e-50
   4.0514000e+02   4.8153914e-50
   4.0608000e+02   4.8175860e-50
   4.0701000e+02   4.8202203e-50
   4.0795000e+02   4.8224160e-50
   4.0889000e+02   4.8246123e-50
   4.0983000e+02   4.8268090e-50
   4.1078000e+02   4.8294458e-50
   4.1173000e+02   4.8316436e-50
   4.1268000e+02   4.8338420e-50
   4.1363000e+02   4.8364806e-50
   4.1458000e+02   4.8386801e-50
   4.1554000e+02   4.8413201e-50
   4.1650000e+02   4.8435206e-50
   4.1746000e+02   4.8461620e-50
   4.1842000e+02   4.8483636e-50
   4.1938000e+02   4.8510063e-50
   4.2035000e+02   4.8532090e-50
   4.2132000e+02   4.8558530e-50
   4.2229000e+02   4.8584976e-50
   4.2327000e+02   4.8607021e-50
   4.2424000e+02   4.8633481e-50
   4.2522000e+02   4.8659948e-50
   4.2620000e+02   4.8686423e-50
   4.2718000e+02   4.8712904e-50
   4.2817000e+02   4.8734978e-50
   4.2916000e+02   4.8761472e-50
   4.3015000e+02   4.8787974e-50
   4.3114000e+02   4.8814484e-50
   4.3213000e+02   4.8841000e-50
   4.3313000e+02   4.8867524e-50
   4.3413000e+02   4.8894054e-50
   4.3513000e+02   4.8920592e-50
   4.3613000e+02   4.8947138e-50
   4.3714000e+02   4.8973690e-50
   4.3814000e+02   4.9004677e-50
   4.3916000e+02   4.9031245e-50
   4.4017000e+02   4.9057820e-50
   4.4118000e+02   4.9084403e-50
   4.4220000e+02   4.9110992e-50
   4.4322000e+02   4.9142022e-50
   4.4424000e+02   4.9168628e-50
   4.4527000e+02   4.9195240e-50
   4.4629000e+02   4.9226297e-50
   4.4732000e+02   4.9252925e-50
   4.4835000e+02   4.9284000e-50
   4.4939000e+02   4.9310644e-50
   4.5042000e+02   4.9341737e-50
   4.5146000e+02   4.9368396e-50
   4.5250000e+02   4.9399508e-50
   4.5355000e+02   4.9430629e-50
   4.5459000e+02   4.9457312e-50
   4.5564000e+02   4.9488452e-50
   4.5669000e+02   4.9519601e-50
   4.5775000e+02   4.9550760e-50
   4.5880000e+02   4.9577476e-50
   4.5986000e+02   4.9608653e-50
   4.6092000e+02   4.9639840e-50
   4.6198000e+02   4.9671037e-50
   4.6305000e+02   4.9702244e-50
   4.6412000e+02   4.9733460e-50
   4.6519000e+02   4.9764686e-50
   4.6626000e+02   4.9795923e-50
   4.6733000e+02   4.9827168e-50
   4.6841000e+02   4.9862890e-50
   4.6949000e+02   4.9894157e-50
   4.7057000e+02   4.9925434e-50
   4.7166000e+02   4.9961190e-50
   4.7275000e+02   4.9992488e-50
   4.7384000e+02   5.0032742e-50
   4.7493000e+02   5.0077488e-50
   4.7602000e+02   5.0207365e-50
   4.7712000e+02   5.1542621e-50
   4.7822000e+02   5.0202884e-50
   4.7933000e+02   5.0202884e-50
   4.8043000e+02   5.0229774e-50
   4.8154000e+02   5.0261156e-50
   4.8265000e+02   5.0292548e-50
   4.8376000e+02   5.0328436e-50
   4.8488000e+02   5.0359848e-50
   4.8600000e+02   5.0395760e-50
   4.8712000e+02   5.0431685e-50
   4.8824000e+02   5.0467623e-50
   4.8937000e+02   5.0499078e-50
   4.9049000e+02   5.0535040e-50
   4.9163000e+02   5.0571014e-50
   4.9276000e+02   5.0607002e-50
   4.9390000e+02   5.0643002e-50
   4.9503000e+02   5.0679014e-50
   4.9618000e+02   5.0715040e-50
   4.9732000e+02   5.0755584e-50
   4.9847000e+02   5.0791637e-50
   4.9962000e+02   5.0827703e-50
   5.0077000e+02   5.0863781e-50
   5.0192000e+02   5.0904384e-50
   5.0308000e+02   5.0940490e-50
   5.0424000e+02   5.0976608e-50
   5.0540000e+02   5.1017257e-50
   5.0657000e+02   5.1053403e-50
   5.0774000e+02   5.1094082e-50
   5.0891000e+02   5.1130254e-50
   5.1008000e+02   5.1170964e-50
   5.1126000e+02   5.1211690e-50
   5.1244000e+02   5.1252432e-50
   5.1362000e+02   5.1288661e-50
   5.1480000e+02   5.1329434e-50
   5.1599000e+02   5.1370223e-50
   5.1718000e+02   5.1411028e-50
   5.1837000e+02   5.1451849e-50
   5.1957000e+02   5.1492686e-50
   5.2077000e+02   5.1533540e-50
   5.2197000e+02   5.1574410e-50
   5.2317000e+02   5.1615296e-50
   5.2438000e+02   5.1656198e-50
   5.2559000e+02   5.1697117e-50
   5.2680000e+02   5.1742601e-50
   5.2801000e+02   5.1783554e-50
   5.2923000e+02   5.1824522e-50
   5.3045000e+02   5.1870062e-50
   5.3167000e+02   5.1911066e-50
   5.3290000e+02   5.1956644e-50
   5.3413000e+02   5.1997681e-50
   5.3536000e+02   5.2043297e-50
   5.3660000e+02   5.2088933e-50
   5.3783000e+02   5.2130022e-50
   5.3907000e+02   5.2175696e-50
   5.4032000e+02   5.2221390e-50
   5.4156000e+02   5.2267104e-50
   5.4281000e+02   5.2312838e-50
   5.4406000e+02   5.2358592e-50
   5.4532000e+02   5.2404366e-50
   5.4657000e+02   5.2450160e-50
   5.4784000e+02   5.2495974e-50
   5.4910000e+02   5.2541808e-50
   5.5036000e+02   5.2587662e-50
   5.5163000e+02   5.2638125e-50
   5.5291000e+02   5.2684021e-50
   5.5418000e+02   5.2729937e-50
   5.5546000e+02   5.2780468e-50
   5.5674000e+02   5.2826426e-50
   5.5802000e+02   5.2877002e-50
   5.5931000e+02   5.2923002e-50
   5.6060000e+02   5.2973626e-50
   5.6189000e+02   5.3024273e-50
   5.6319000e+02   5.3074944e-50
   5.6449000e+02   5.3121030e-50
   5.6579000e+02   5.3171748e-50
   5.6709000e+02   5.3222490e-50
   5.6840000e+02   5.3273256e-50
   5.6971000e+02   5.3324046e-50
   5.7103000e+02   5.3374861e-50
   5.7234000e+02   5.3430322e-50
   5.7366000e+02   5.3481188e-50
   5.7499000e+02   5.3532077e-50
   5.7631000e+02   5.3582990e-50
   5.7764000e+02   5.3638560e-50
   5.7897000e+02   5.3689524e-50
   5.8031000e+02   5.3745149e-50
   5.8165000e+02   5.3796164e-50
   5.8299000e+02   5.3851844e-50
   5.8433000e+02   5.3907552e-50
   5.8568000e+02   5.3958644e-50
   5.8703000e+02   5.4014408e-50
   5.8838000e+02   5.4070201e-50
   5.8974000e+02   5.4126022e-50
   5.9110000e+02   5.4181873e-50
   5.9246000e+02   5.4237752e-50
   5.9383000e+02   5.4293660e-50
   5.9520000e+02   5.4349597e-50
   5.9657000e+02   5.4410228e-50
   5.9795000e+02   5.4466224e-50
   5.9933000e+02   5.4522250e-50
   6.0071000e+02   5.4582977e-50
   6.0209000e+02   5.4639062e-50
   6.0348000e+02   5.4699854e-50
   6.0487000e+02   5.4756000e-50
   6.0627000e+02   5.4816857e-50
   6.0767000e+02   5.4877748e-50
   6.0907000e+02   5.4938672e-50
   6.1047000e+02   5.4999630e-50
   6.1188000e+02   5.5055930e-50
   6.1329000e+02   5.5121648e-50
   6.1470000e+02   5.5182708e-50
   6.1612000e+02   5.5243802e-50
   6.1754000e+02   5.5304929e-50
   6.1897000e+02   5.5366090e-50
   6.2039000e+02   5.5431994e-50
   6.2183000e+02   5.5493225e-50
   6.2326000e+02   5.5559204e-50
   6.2470000e+02   5.5620506e-50
   6.2614000e+02   5.5686560e-50
   6.2758000e+02   5.5752654e-50
   6.2903000e+02   5.5814063e-50
   6.3048000e+02   5.5880232e-50
   6.3193000e+02   5.5946441e-50
   6.3339000e+02   5.6012689e-50
   6.3485000e+02   5.6078976e-50
   6.3631000e+02   5.6145303e-50
   6.3778000e+02   5.6216410e-50
   6.3925000e+02   5.6282818e-50
   6.4073000e+02   5.6349264e-50
   6.4220000e+02   5.6420501e-50
   6.4368000e+02   5.6487029e-50
   6.4517000e+02   5.6558352e-50
   6.4666000e+02   5.6624962e-50
   6.4815000e+02   5.6696372e-50
   6.4964000e+02   5.6767828e-50
   6.5114000e+02   5.6839328e-50
   6.5264000e+02   5.6910874e-50
   6.5415000e+02   5.6982464e-50
   6.5566000e+02   5.7054100e-50
   6.5717000e+02   5.7125780e-50
   6.5868000e+02   5.7202289e-50
   6.6020000e+02   5.7274062e-50
   6.6172000e+02   5.7345881e-50
   6.6325000e+02   5.7422537e-50
   6.6478000e+02   5.7499244e-50
   6.6631000e+02   5.7571204e-50
   6.6785000e+02   5.7648010e-50
   6.6939000e+02   5.7724868e-50
   6.7093000e+02   5.7801776e-50
   6.7248000e+02   5.7878736e-50
   6.7403000e+02   5.7955748e-50
   6.7559000e+02   5.8032810e-50
   6.7714000e+02   5.8109924e-50
   6.7870000e+02   5.8191913e-50
   6.8027000e+02   5.8269132e-50
   6.8184000e+02   5.8351234e-50
   6.8341000e+02   5.8428558e-50
   6.8499000e+02   5.8510772e-50
   6.8657000e+02   5.8593044e-50
   6.8815000e+02   5.8675373e-50
   6.8974000e+02   5.8757760e-50
   6.9133000e+02   5.8840205e-50
   6.9292000e+02   5.8922708e-50
   6.9452000e+02   5.9005268e-50
   6.9612000e+02   5.9087886e-50
   6.9773000e+02   5.9175428e-50
   6.9933000e+02   5.9258165e-50
   7.0095000e+02   5.9345832e-50
   7.0256000e+02   5.9433564e-50
   7.0418000e+02   5.9516482e-50
   7.0581000e+02   5.9604340e-50
   7.0744000e+02   5.9692262e-50
   7.0907000e+02   5.9780250e-50
   7.1070000e+02   5.9873196e-50
   7.1234000e+02   5.9961317e-50
   7.1398000e+02   6.0064206e-50
   7.1563000e+02   6.0427472e-50
   7.1728000e+02   6.0235885e-50
   7.1893000e+02   6.0324272e-50
   7.2059000e+02   6.0412724e-50
   7.2225000e+02   6.0506160e-50
   7.2392000e+02   6.0599669e-50
   7.2559000e+02   6.0693250e-50
   7.2726000e+02   6.0786902e-50
   7.2894000e+02   6.0880628e-50
   7.3062000e+02   6.0979364e-50
   7.3230000e+02   6.1073237e-50
   7.3399000e+02   6.1167182e-50
   7.3569000e+02   6.1266150e-50
   7.3738000e+02   6.1365198e-50
   7.3908000e+02   6.1464326e-50
   7.4079000e+02   6.1563534e-50
   7.4250000e+02   6.1662822e-50
   7.4421000e+02   6.1762190e-50
   7.4592000e+02   6.1861638e-50
   7.4764000e+02   6.1961166e-50
   7.4937000e+02   6.2065757e-50
   7.5110000e+02   6.2165449e-50
   7.5283000e+02   6.2270212e-50
   7.5456000e+02   6.2375062e-50
   7.5630000e+02   6.2480002e-50
   7.5805000e+02   6.2585029e-50
   7.5980000e+02   6.2690144e-50
   7.6155000e+02   6.2795348e-50
   7.6330000e+02   6.2900640e-50
   7.6506000e+02   6.3011040e-50
   7.6683000e+02   6.3116513e-50
   7.6860000e+02   6.3227103e-50
   7.7037000e+02   6.3337789e-50
   7.7215000e+02   6.3448572e-50
   7.7393000e+02   6.3559452e-50
   7.7571000e+02   6.3670429e-50
   7.7750000e+02   6.3781503e-50
   7.7929000e+02   6.3892673e-50
   7.8109000e+02   6.4009000e-50
   7.8289000e+02   6.4120368e-50
   7.8470000e+02   6.4236903e-50
   7.8651000e+02   6.4353542e-50
   7.8832000e+02   6.4470288e-50
   7.9014000e+02   6.4587140e-50
   7.9196000e+02   6.4704097e-50
   7.9379000e+02   6.4821160e-50
   7.9562000e+02   6.4943426e-50
   7.9745000e+02   6.5060705e-50
   7.9929000e+02   6.5183196e-50
   8.0113000e+02   6.5305803e-50
   8.0298000e+02   6.5428524e-50
   8.0483000e+02   6.5551361e-50
   8.0669000e+02   6.5674313e-50
   8.0855000e+02   6.5797380e-50
   8.1041000e+02   6.5925698e-50
   8.1228000e+02   6.6049000e-50
   8.1416000e+02   6.6177563e-50
   8.1603000e+02   6.6306250e-50
   8.1791000e+02   6.6435063e-50
   8.1980000e+02   6.6564000e-50
   8.2169000e+02   6.6693063e-50
   8.2359000e+02   6.6822250e-50
   8.2549000e+02   6.6956738e-50
   8.2739000e+02   6.7091360e-50
   8.2930000e+02   6.7220933e-50
   8.3121000e+02   6.7355821e-50
   8.3313000e+02   6.7490844e-50
   8.3505000e+02   6.7626002e-50
   8.3697000e+02   6.7766502e-50
   8.3890000e+02   6.7901936e-50
   8.4084000e+02   6.8042722e-50
   8.4278000e+02   6.8178432e-50
   8.4472000e+02   6.8319504e-50
   8.4667000e+02   6.8460722e-50
   8.4862000e+02   6.8602086e-50
   8.5058000e+02   6.8748840e-50
   8.5254000e+02   6.8890501e-50
   8.5450000e+02   6.9037562e-50
   8.5647000e+02   6.9179520e-50
   8.5845000e+02   6.9326890e-50
   8.6043000e+02   6.9474416e-50
   8.6241000e+02   6.9627377e-50
   8.6440000e+02   6.9775222e-50
   8.6640000e+02   6.9923225e-50
   8.6839000e+02   7.0076678e-50
   8.7040000e+02   7.0230300e-50
   8.7240000e+02   7.0384090e-50
   8.7441000e+02   7.0538048e-50
   8.7643000e+02   7.0692174e-50
   8.7845000e+02   7.0846469e-50
   8.8048000e+02   7.1006261e-50
   8.8251000e+02   7.1160898e-50
   8.8454000e+02   7.1321044e-50
   8.8658000e+02   7.1481370e-50
   8.8863000e+02   7.1647229e-50
   8.9068000e+02   7.1807921e-50
   8.9273000e+02   7.1968793e-50
   8.9479000e+02   7.2135216e-50
   8.9685000e+02   7.2301832e-50
   8.9892000e+02   7.2468640e-50
   9.0099000e+02   7.2635640e-50
   9.0307000e+02   7.2802832e-50
   9.0515000e+02   7.2975620e-50
   9.0724000e+02   7.3143203e-50
   9.0933000e+02   7.3316393e-50
   9.1143000e+02   7.3489788e-50
   9.1353000e+02   7.3663388e-50
   9.1564000e+02   7.3842628e-50
   9.1775000e+02   7.4016644e-50
   9.1987000e+02   7.4196312e-50
   9.2199000e+02   7.4376198e-50
   9.2411000e+02   7.4556303e-50
   9.2625000e+02   7.4736624e-50
   9.2838000e+02   7.4917164e-50
   9.3052000e+02   7.5103403e-50
   9.3267000e+02   7.5284384e-50
   9.3482000e+02   7.5471078e-50
   9.3697000e+02   7.5658004e-50
   9.3913000e+02   7.5850668e-50
   9.4130000e+02   7.6038063e-50
   9.4347000e+02   7.6231210e-50
   9.4565000e+02   7.6419074e-50
   9.4783000e+02   7.6612704e-50
   9.5001000e+02   7.6812122e-50
   9.5220000e+02   7.7011800e-50
   9.5440000e+02   7.7233968e-50
   9.5660000e+02   7.7406368e-50
   9.5881000e+02   7.7601245e-50
   9.6102000e+02   7.7801945e-50
   9.6323000e+02   7.8008490e-50
   9.6545000e+02   7.8209716e-50
   9.6768000e+02   7.8416801e-50
   9.6991000e+02   7.8624160e-50
   9.7215000e+02   7.8831793e-50
   9.7439000e+02   7.9039700e-50
   9.7664000e+02   7.9253510e-50
   9.7889000e+02   7.9461972e-50
   9.8115000e+02   7.9676353e-50
   9.8341000e+02   7.9891022e-50
   9.8568000e+02   8.0111642e-50
   9.8795000e+02   8.0326896e-50
   9.9023000e+02   8.0548116e-50
   9.9251000e+02   8.0769640e-50
   9.9480000e+02   8.0991468e-50
   9.9710000e+02   8.1213600e-50
   9.9939000e+02   8.1441744e-50
   1.0017000e+03   8.1664493e-50
   1.0040000e+03   8.1893269e-50
   1.0063000e+03   8.2128096e-50
   1.0086000e+03   8.2357520e-50
   1.0110000e+03   8.2593012e-50
   1.0133000e+03   8.2823084e-50
   1.0156000e+03   8.3059240e-50
   1.0180000e+03   8.3301504e-50
   1.0203000e+03   8.3538341e-50
   1.0227000e+03   8.3781303e-50
   1.0250000e+03   8.4024617e-50
   1.0274000e+03   8.4268284e-50
   1.0298000e+03   8.4512304e-50
   1.0321000e+03   8.4762500e-50
   1.0345000e+03   8.5013065e-50
   1.0369000e+03   8.5264000e-50
   1.0393000e+03   8.5515305e-50
   1.0417000e+03   8.5772837e-50
   1.0441000e+03   8.6030756e-50
   1.0465000e+03   8.6289062e-50
   1.0489000e+03   8.6547756e-50
   1.0513000e+03   8.6806837e-50
   1.0538000e+03   8.7072206e-50
   1.0562000e+03   8.7337981e-50
   1.0586000e+03   8.7604160e-50
   1.0611000e+03   8.7876674e-50
   1.0635000e+03   8.8143672e-50
   1.0660000e+03   8.8417022e-50
   1.0684000e+03   8.8690796e-50
   1.0709000e+03   8.8970958e-50
   1.0734000e+03   8.9245588e-50
   1.0758000e+03   8.9526624e-50
   1.0783000e+03   8.9814096e-50
   1.0808000e+03   9.0096026e-50
   1.0833000e+03   9.0384410e-50
   1.0858000e+03   9.0673254e-50
   1.0883000e+03   9.0962560e-50
   1.0908000e+03   9.1252326e-50
   1.0933000e+03   9.1548605e-50
   1.0958000e+03   9.1845364e-50
   1.0984000e+03   9.2142603e-50
   1.1009000e+03   9.2446403e-50
   1.1034000e+03   9.2744612e-50
   1.1060000e+03   9.3055503e-50
   1.1085000e+03   9.3360803e-50
   1.1111000e+03   9.3666603e-50
   1.1137000e+03   9.3979034e-50
   1.1162000e+03   9.4291985e-50
   1.1188000e+03   9.4611608e-50
   1.1214000e+03   9.4925610e-50
   1.1240000e+03   9.5246304e-50
   1.1266000e+03   9.5573722e-50
   1.1292000e+03   9.5895509e-50
   1.1318000e+03   9.6224040e-50
   1.1344000e+03   9.6553133e-50
   1.1370000e+03   9.6889013e-50
   1.1396000e+03   9.7219240e-50
   1.1422000e+03   9.7556276e-50
   1.1449000e+03   9.7893894e-50
   1.1475000e+03   9.8238365e-50
   1.1502000e+03   9.8583440e-50
   1.1528000e+03   9.8929121e-50
   1.1555000e+03   9.9275406e-50
   1.1581000e+03   9.9628610e-50
   1.1608000e+03   9.9982440e-50
   1.1635000e+03   1.0033690e-49
   1.1662000e+03   1.0069833e-49
   1.1689000e+03   1.0106041e-49
   1.1715000e+03   1.0142314e-49
   1.1742000e+03   1.0179290e-49
   1.1770000e+03   1.0216334e-49
   1.1797000e+03   1.0253444e-49
   1.1824000e+03   1.0291264e-49
   1.1851000e+03   1.0328510e-49
   1.1879000e+03   1.0367112e-49
   1.1906000e+03   1.0405140e-49
   1.1933000e+03   1.0444531e-49
   1.1961000e+03   1.0482701e-49
   1.1988000e+03   1.0521590e-49
   1.2016000e+03   1.0561200e-49
   1.2044000e+03   1.0600885e-49
   1.2072000e+03   1.0641296e-49
   1.2099000e+03   1.0681131e-49
   1.2127000e+03   1.0722350e-49
   1.2155000e+03   1.0762992e-49
   1.2183000e+03   1.0804369e-49
   1.2211000e+03   1.0845825e-49
   1.2240000e+03   1.0887360e-49
   1.2268000e+03   1.0929636e-49
   1.2296000e+03   1.0971994e-49
   1.2324000e+03   1.1015097e-49
   1.2353000e+03   1.1058285e-49
   1.2381000e+03   1.1101558e-49
   1.2410000e+03   1.1144915e-49
   1.2439000e+03   1.1189025e-49
   1.2467000e+03   1.1233893e-49
   1.2496000e+03   1.1278179e-49
   1.2525000e+03   1.1323225e-49
   1.2554000e+03   1.1369035e-49
   1.2583000e+03   1.1414262e-49
   1.2612000e+03   1.1460933e-49
   1.2641000e+03   1.1507021e-49
   1.2670000e+03   1.1553881e-49
   1.2699000e+03   1.1600836e-49
   1.2728000e+03   1.1648569e-49
   1.2758000e+03   1.1696400e-49
   1.2787000e+03   1.1744329e-49
   1.2817000e+03   1.1793043e-49
   1.2846000e+03   1.1841857e-49
   1.2876000e+03   1.1890773e-49
   1.2905000e+03   1.1940480e-49
   1.2935000e+03   1.1990984e-49
   1.2965000e+03   1.2040900e-49
   1.2995000e+03   1.2092311e-49
   1.3025000e+03   1.2143134e-49
   1.3055000e+03   1.2194762e-49
   1.3085000e+03   1.2246500e-49
   1.3115000e+03   1.2299049e-49
   1.3145000e+03   1.2351710e-49
   1.3176000e+03   1.2405188e-49
   1.3206000e+03   1.2458782e-49
   1.3237000e+03   1.2512491e-49
   1.3267000e+03   1.2567025e-49
   1.3298000e+03   1.2621677e-49
   1.3328000e+03   1.2677160e-49
   1.3359000e+03   1.2732765e-49
   1.3390000e+03   1.2788491e-49
   1.3421000e+03   1.2845056e-49
   1.3452000e+03   1.2902464e-49
   1.3483000e+03   1.2959280e-49
   1.3514000e+03   1.3017664e-49
   1.3545000e+03   1.3075456e-49
   1.3576000e+03   1.3134101e-49
   1.3608000e+03   1.3193603e-49
   1.3639000e+03   1.3253240e-49
   1.3670000e+03   1.3313741e-49
   1.3702000e+03   1.3373649e-49
   1.3734000e+03   1.3435157e-49
   1.3765000e+03   1.3496806e-49
   1.3797000e+03   1.3558597e-49
   1.3829000e+03   1.3621266e-49
   1.3861000e+03   1.3684081e-49
   1.3893000e+03   1.3747781e-49
   1.3925000e+03   1.3811629e-49
   1.3957000e+03   1.3876370e-49
   1.3989000e+03   1.3941262e-49
   1.4021000e+03   1.4006306e-49
   1.4054000e+03   1.4072252e-49
   1.4086000e+03   1.4139104e-49
   1.4118000e+03   1.4206115e-49
   1.4151000e+03   1.4274040e-49
   1.4184000e+03   1.4342126e-49
   1.4216000e+03   1.4410375e-49
   1.4249000e+03   1.4480308e-49
   1.4282000e+03   1.4549647e-49
   1.4315000e+03   1.4620682e-49
   1.4348000e+03   1.4691122e-49
   1.4381000e+03   1.4762501e-49
   1.4414000e+03   1.4834823e-49
   1.4447000e+03   1.4907321e-49
   1.4481000e+03   1.4979996e-49
   1.4514000e+03   1.5054400e-49
   1.4548000e+03   1.5128210e-49
   1.4581000e+03   1.5203761e-49
   1.4615000e+03   1.5278717e-49
   1.4648000e+03   1.5355426e-49
   1.4682000e+03   1.5432327e-49
   1.4716000e+03   1.5509419e-49
   1.4750000e+03   1.5587494e-49
   1.4784000e+03   1.5666556e-49
   1.4818000e+03   1.5745818e-49
   1.4852000e+03   1.5825280e-49
   1.4887000e+03   1.5906537e-49
   1.4921000e+03   1.5987203e-49
   1.4955000e+03   1.6069676e-49
   1.4990000e+03   1.6152361e-49
   1.5024000e+03   1.6235258e-49
   1.5059000e+03   1.6319176e-49
   1.5094000e+03   1.6404120e-49
   1.5129000e+03   1.6489284e-49
   1.5163000e+03   1.6575484e-49
   1.5198000e+03   1.6661908e-49
   1.5233000e+03   1.6749375e-49
   1.5269000e+03   1.6837892e-49
   1.5304000e+03   1.6926642e-49
   1.5339000e+03   1.7016450e-49
   1.5374000e+03   1.7106496e-49
   1.5410000e+03   1.7198438e-49
   1.5445000e+03   1.7289796e-49
   1.5481000e+03   1.7383062e-49
   1.5517000e+03   1.7475744e-49
   1.5553000e+03   1.7570349e-49
   1.5588000e+03   1.7665209e-49
   1.5624000e+03   1.7761167e-49
   1.5660000e+03   1.7858231e-49
   1.5696000e+03   1.7955559e-49
   1.5733000e+03   1.8054001e-49
   1.5769000e+03   1.8152712e-49
   1.5805000e+03   1.8252547e-49
   1.5842000e+03   1.8353513e-49
   1.5878000e+03   1.8454757e-49
   1.5915000e+03   1.8557141e-49
   1.5952000e+03   1.8660672e-49
   1.5988000e+03   1.8765358e-49
   1.6025000e+03   1.8870336e-49
   1.6062000e+03   1.8976478e-49
   1.6099000e+03   1.9082919e-49
   1.6136000e+03   1.9190532e-49
   1.6174000e+03   1.9299328e-49
   1.6211000e+03   1.9409311e-49
   1.6248000e+03   1.9519608e-49
   1.6286000e+03   1.9631102e-49
   1.6323000e+03   1.9743804e-49
   1.6361000e+03   1.9856827e-49
   1.6399000e+03   1.9971961e-49
   1.6436000e+03   2.0087428e-49
   1.6474000e+03   2.0203227e-49
   1.6512000e+03   2.0321162e-49
   1.6550000e+03   2.0439441e-49
   1.6589000e+03   2.0558970e-49
   1.6627000e+03   2.0679756e-49
   1.6665000e+03   2.0800897e-49
   1.6704000e+03   2.0924220e-49
   1.6742000e+03   2.1046991e-49
   1.6781000e+03   2.1171962e-49
   1.6819000e+03   2.1297302e-49
   1.6858000e+03   2.1424864e-49
   1.6897000e+03   2.1552806e-49
   1.6936000e+03   2.1682061e-49
   1.6975000e+03   2.1812636e-49
   1.7014000e+03   2.1943603e-49
   1.7054000e+03   2.2075902e-49
   1.7093000e+03   2.2210484e-49
   1.7132000e+03   2.2345474e-49
   1.7172000e+03   2.2480874e-49
   1.7211000e+03   2.2618585e-49
   1.7251000e+03   2.2757670e-49
   1.7291000e+03   2.2897182e-49
   1.7331000e+03   2.3038080e-49
   1.7371000e+03   2.3180373e-49
   1.7411000e+03   2.3324070e-49
   1.7451000e+03   2.3469180e-49
   1.7491000e+03   2.3614740e-49
   1.7531000e+03   2.3762700e-49
   1.7572000e+03   2.3911122e-49
   1.7612000e+03   2.4061968e-49
   1.7653000e+03   2.4213288e-49
   1.7694000e+03   2.4366070e-49
   1.7735000e+03   2.4520323e-49
   1.7775000e+03   2.4676056e-49
   1.7816000e+03   2.4833279e-49
   1.7858000e+03   2.4991001e-49
   1.7899000e+03   2.5151228e-49
   1.7940000e+03   2.5312973e-49
   1.7981000e+03   2.5475237e-49
   1.8023000e+03   2.5640045e-49
   1.8064000e+03   2.5805384e-49
   1.8106000e+03   2.5973293e-49
   1.8148000e+03   2.6141746e-49
   1.8190000e+03   2.6312796e-49
   1.8232000e+03   2.6484404e-49
   1.8274000e+03   2.6657602e-49
   1.8316000e+03   2.6833436e-49
   1.8358000e+03   2.7009848e-49
   1.8400000e+03   2.7187882e-49
   1.8443000e+03   2.7368592e-49
   1.8485000e+03   2.7549901e-49
   1.8528000e+03   2.7733916e-49
   1.8571000e+03   2.7918542e-49
   1.8613000e+03   2.8105902e-49
   1.8656000e+03   2.8294952e-49
   1.8699000e+03   2.8484636e-49
   1.8743000e+03   2.8677096e-49
   1.8786000e+03   2.8871278e-49
   1.8829000e+03   2.9067194e-49
   1.8872000e+03   2.9264854e-49
   1.8916000e+03   2.9464270e-49
   1.8960000e+03   2.9665452e-49
   1.9003000e+03   2.9869504e-49
   1.9047000e+03   3.0074256e-49
   1.9091000e+03   3.0281908e-49
   1.9135000e+03   3.0490275e-49
   1.9179000e+03   3.0701573e-49
   1.9223000e+03   3.0914712e-49
   1.9268000e+03   3.1130820e-49
   1.9312000e+03   3.1347681e-49
   1.9357000e+03   3.1566419e-49
   1.9401000e+03   3.1788172e-49
   1.9446000e+03   3.2011832e-49
   1.9491000e+03   3.2237413e-49
   1.9536000e+03   3.2466064e-49
   1.9581000e+03   3.2695524e-49
   1.9626000e+03   3.2928087e-49
   1.9671000e+03   3.3162626e-49
   1.9717000e+03   3.3400308e-49
   1.9762000e+03   3.3638840e-49
   1.9808000e+03   3.3880548e-49
   1.9853000e+03   3.4125459e-49
   1.9899000e+03   3.4371251e-49
   1.9945000e+03   3.4620279e-49
   1.9991000e+03   3.4871387e-49
   2.0037000e+03   3.5124588e-49
   2.0083000e+03   3.5381083e-49
   2.0130000e+03   3.5639706e-49
   2.0176000e+03   3.5901667e-49
   2.0223000e+03   3.6164588e-49
   2.0269000e+03   3.6432089e-49
   2.0316000e+03   3.6700576e-49
   2.0363000e+03   3.6972480e-49
   2.0410000e+03   3.7246609e-49
   2.0457000e+03   3.7524200e-49
   2.0504000e+03   3.7804052e-49
   2.0551000e+03   3.8087412e-49
   2.0599000e+03   3.8373069e-49
   2.0646000e+03   3.8662280e-49
   2.0694000e+03   3.8953826e-49
   2.0742000e+03   3.9247719e-49
   2.0789000e+03   3.9545232e-49
   2.0837000e+03   3.9845131e-49
   2.0885000e+03   4.0148698e-49
   2.0934000e+03   4.0455960e-49
   2.0982000e+03   4.0765671e-49
   2.1030000e+03   4.1079126e-49
   2.1079000e+03   4.1395069e-49
   2.1127000e+03   4.1714806e-49
   2.1176000e+03   4.2037069e-49
   2.1225000e+03   4.2363176e-49
   2.1274000e+03   4.2691849e-49
   2.1323000e+03   4.3025728e-49
   2.1372000e+03   4.3360908e-49
   2.1421000e+03   4.3701354e-49
   2.1471000e+03   4.4044460e-49
   2.1520000e+03   4.4391571e-49
   2.1570000e+03   4.4741383e-49
   2.1620000e+03   4.5096597e-49
   2.1670000e+03   4.5454564e-49
   2.1719000e+03   4.5815300e-49
   2.1770000e+03   4.6181538e-49
   2.1820000e+03   4.6550600e-49
   2.1870000e+03   4.6923870e-49
   2.1921000e+03   4.7301382e-49
   2.1971000e+03   4.7681787e-49
   2.2022000e+03   4.8067876e-49
   2.2073000e+03   4.8456913e-49
   2.2123000e+03   4.8850314e-49
   2.2174000e+03   4.9248113e-49
   2.2226000e+03   4.9650344e-49
   2.2277000e+03   5.0057040e-49
   2.2328000e+03   5.0466816e-49
   2.2380000e+03   5.0882542e-49
   2.2431000e+03   5.1301406e-49
   2.2483000e+03   5.1726302e-49
   2.2535000e+03   5.2154395e-49
   2.2587000e+03   5.2588603e-49
   2.2639000e+03   5.3026068e-49
   2.2691000e+03   5.3469731e-49
   2.2743000e+03   5.3916712e-49
   2.2796000e+03   5.4369977e-49
   2.2848000e+03   5.4828101e-49
   2.2901000e+03   5.5292609e-49
   2.2954000e+03   5.5760569e-49
   2.3007000e+03   5.6233501e-49
   2.3060000e+03   5.6712949e-49
   2.3113000e+03   5.7197456e-49
   2.3166000e+03   5.7687063e-49
   2.3220000e+03   5.8181807e-49
   2.3273000e+03   5.8683260e-49
   2.3327000e+03   5.9188404e-49
   2.3381000e+03   5.9700348e-49
   2.3435000e+03   6.0219152e-49
   2.3489000e+03   6.0741760e-49
   2.3543000e+03   6.1271322e-49
   2.3597000e+03   6.1806327e-49
   2.3652000e+03   6.2348395e-49
   2.3706000e+03   6.2896002e-49
   2.3761000e+03   6.3449190e-49
   2.3816000e+03   6.4009600e-49
   2.3871000e+03   6.4575689e-49
   2.3926000e+03   6.5149112e-49
   2.3981000e+03   6.5728313e-49
   2.4036000e+03   6.6314964e-49
   2.4092000e+03   6.6907492e-49
   2.4147000e+03   6.7507586e-49
   2.4203000e+03   6.8115310e-49
   2.4259000e+03   6.8729074e-49
   2.4315000e+03   6.9348922e-49
   2.4371000e+03   6.9976571e-49
   2.4427000e+03   7.0612090e-49
   2.4483000e+03   7.1255546e-49
   2.4540000e+03   7.1905312e-49
   2.4596000e+03   7.2563139e-49
   2.4653000e+03   7.3229095e-49
   2.4710000e+03   7.3903251e-49
   2.4767000e+03   7.4583950e-49
   2.4824000e+03   7.5274711e-49
   2.4881000e+03   7.5972142e-49
   2.4938000e+03   7.6678044e-49
   2.4996000e+03   7.7392487e-49
   2.5054000e+03   7.8113779e-49
   2.5111000e+03   7.8845520e-49
   2.5169000e+03   7.9586025e-49
   2.5227000e+03   8.0335369e-49
   2.5285000e+03   8.1093627e-49
   2.5344000e+03   8.1860875e-49
   2.5402000e+03   8.2635372e-49
   2.5461000e+03   8.3420822e-49
   2.5520000e+03   8.4217329e-49
   2.5578000e+03   8.5021308e-49
   2.5637000e+03   8.5836519e-49
   2.5696000e+03   8.6659343e-49
   2.5756000e+03   8.7493574e-49
   2.5815000e+03   8.8337441e-49
   2.5875000e+03   8.9192914e-49
   2.5934000e+03   9.0058202e-49
   2.5994000e+03   9.0933389e-49
   2.6054000e+03   9.1818557e-49
   2.6114000e+03   9.2715715e-49
   2.6174000e+03   9.3623041e-49
   2.6235000e+03   9.4544508e-49
   2.6295000e+03   9.5472441e-49
   2.6356000e+03   9.6414725e-49
   2.6417000e+03   9.7367556e-49
   2.6478000e+03   9.8333006e-49
   2.6539000e+03   9.9309197e-49
   2.6600000e+03   1.0030023e-48
   2.6661000e+03   1.0130422e-48
   2.6723000e+03   1.0231322e-48
   2.6784000e+03   1.0332722e-48
   2.6846000e+03   1.0436666e-48
   2.6908000e+03   1.0543182e-48
   2.6970000e+03   1.0648176e-48
   2.7032000e+03   1.0755764e-48
   2.7095000e+03   1.0865978e-48
   2.7157000e+03   1.0976753e-48
   2.7220000e+03   1.1088090e-48
   2.7282000e+03   1.1199989e-48
   2.7345000e+03   1.1314577e-48
   2.7408000e+03   1.1431886e-48
   2.7472000e+03   1.1547652e-48
   2.7535000e+03   1.1666160e-48
   2.7598000e+03   1.1787445e-48
   2.7662000e+03   1.1909357e-48
   2.7726000e+03   1.2031896e-48
   2.7790000e+03   1.2155062e-48
   2.7854000e+03   1.2281072e-48
   2.7918000e+03   1.2409960e-48
   2.7982000e+03   1.2539520e-48
   2.8047000e+03   1.2669754e-48
   2.8112000e+03   1.2800660e-48
   2.8176000e+03   1.2934513e-48
   2.8241000e+03   1.3071349e-48
   2.8307000e+03   1.3206606e-48
   2.8372000e+03   1.3344870e-48
   2.8437000e+03   1.3486177e-48
   2.8503000e+03   1.3628228e-48
   2.8569000e+03   1.3771023e-48
   2.8634000e+03   1.3914562e-48
   2.8701000e+03   1.4061216e-48
   2.8767000e+03   1.4211024e-48
   2.8833000e+03   1.4359229e-48
   2.8900000e+03   1.4513021e-48
   2.8966000e+03   1.4665210e-48
   2.9033000e+03   1.4820628e-48
   2.9100000e+03   1.4976864e-48
   2.9167000e+03   1.5133920e-48
   2.9234000e+03   1.5294269e-48
   2.9302000e+03   1.5455462e-48
   2.9369000e+03   1.5617501e-48
   2.9437000e+03   1.5782897e-48
   2.9505000e+03   1.5949164e-48
   2.9573000e+03   1.6116302e-48
   2.9641000e+03   1.6286864e-48
   2.9709000e+03   1.6458324e-48
   2.9778000e+03   1.6630682e-48
   2.9847000e+03   1.6803937e-48
   2.9915000e+03   1.6980696e-48
   2.9984000e+03   1.7155760e-48
   3.0054000e+03   1.7334356e-48
   3.0123000e+03   1.7513876e-48
   3.0192000e+03   1.7694320e-48
   3.0262000e+03   1.7878364e-48
   3.0332000e+03   1.8060672e-48
   3.0402000e+03   1.8246606e-48
   3.0472000e+03   1.8430778e-48
   3.0542000e+03   1.8618603e-48
   3.0613000e+03   1.8804637e-48
   3.0683000e+03   1.8994352e-48
   3.0754000e+03   1.9182250e-48
   3.0825000e+03   1.9373856e-48
   3.0896000e+03   1.9563617e-48
   3.0967000e+03   1.9754302e-48
   3.1039000e+03   1.9945913e-48
   3.1110000e+03   2.0138448e-48
   3.1182000e+03   2.0329056e-48
   3.1254000e+03   2.0520563e-48
   3.1326000e+03   2.0712966e-48
   3.1398000e+03   2.0903376e-48
   3.1470000e+03   2.1094658e-48
   3.1543000e+03   2.1283892e-48
   3.1616000e+03   2.1473972e-48
   3.1689000e+03   2.1661952e-48
   3.1762000e+03   2.1847796e-48
   3.1835000e+03   2.2031465e-48
   3.1908000e+03   2.2215902e-48
   3.1982000e+03   2.2398116e-48
   3.2056000e+03   2.2578068e-48
   3.2130000e+03   2.2752706e-48
   3.2204000e+03   2.2928016e-48
   3.2278000e+03   2.3097920e-48
   3.2352000e+03   2.3265401e-48
   3.2427000e+03   2.3430425e-48
   3.2502000e+03   2.3589888e-48
   3.2577000e+03   2.3746810e-48
   3.2652000e+03   2.3898068e-48
   3.2727000e+03   2.4043604e-48
   3.2803000e+03   2.4186470e-48
   3.2878000e+03   2.4320403e-48
   3.2954000e+03   2.4448450e-48
   3.3030000e+03   2.4573698e-48
   3.3106000e+03   2.4689837e-48
   3.3183000e+03   2.4796801e-48
   3.3259000e+03   2.4897684e-48
   3.3336000e+03   2.4992448e-48
   3.3413000e+03   2.5077890e-48
   3.3490000e+03   2.5153960e-48
   3.3567000e+03   2.5220616e-48
   3.3644000e+03   2.5277820e-48
   3.3722000e+03   2.5322357e-48
   3.3800000e+03   2.5360563e-48
   3.3878000e+03   2.5386049e-48
   3.3956000e+03   2.5401984e-48
   3.4034000e+03   2.5405172e-48
   3.4113000e+03   2.5398797e-48
   3.4191000e+03   2.5379676e-48
   3.4270000e+03   2.5344640e-48
   3.4349000e+03   2.5300084e-48
   3.4428000e+03   2.5242854e-48
   3.4508000e+03   2.5172996e-48
   3.4587000e+03   2.5087392e-48
   3.4667000e+03   2.4992448e-48
   3.4747000e+03   2.4881908e-48
   3.4827000e+03   2.4755876e-48
   3.4907000e+03   2.4620748e-48
   3.4988000e+03   2.4467216e-48
   3.5069000e+03   2.4304810e-48
   3.5149000e+03   2.4124302e-48
   3.5231000e+03   2.3935184e-48
   3.5312000e+03   2.3731402e-48
   3.5393000e+03   2.3513156e-48
   3.5475000e+03   2.3283708e-48
   3.5557000e+03   2.3043240e-48
   3.5639000e+03   2.2788922e-48
   3.5721000e+03   2.2524006e-48
   3.5803000e+03   2.2245722e-48
   3.5886000e+03   2.1960276e-48
   3.5968000e+03   2.1661952e-48
   3.6051000e+03   2.1353977e-48
   3.6135000e+03   2.1039503e-48
   3.6218000e+03   2.0715845e-48
   3.6301000e+03   2.0383273e-48
   3.6385000e+03   2.0042065e-48
   3.6469000e+03   1.9698122e-48
   3.6553000e+03   1.9346028e-48
   3.6637000e+03   1.8988840e-48
   3.6722000e+03   1.8626790e-48
   3.6807000e+03   1.8260117e-48
   3.6891000e+03   1.7891738e-48
   3.6977000e+03   1.7519170e-48
   3.7062000e+03   1.7145284e-48
   3.7147000e+03   1.6770250e-48
   3.7233000e+03   1.6396803e-48
   3.7319000e+03   1.6019965e-48
   3.7405000e+03   1.5645006e-48
   3.7491000e+03   1.5272016e-48
   3.7578000e+03   1.4901085e-48
   3.7664000e+03   1.4532302e-48
   3.7751000e+03   1.4165760e-48
   3.7838000e+03   1.3803900e-48
   3.7925000e+03   1.3446722e-48
   3.8013000e+03   1.3091936e-48
   3.8100000e+03   1.2741894e-48
   3.8188000e+03   1.2398823e-48
   3.8276000e+03   1.2060432e-48
   3.8365000e+03   1.1726724e-48
   3.8453000e+03   1.1399833e-48
   3.8542000e+03   1.1081773e-48
   3.8631000e+03   1.0768213e-48
   3.8720000e+03   1.0461198e-48
   3.8809000e+03   1.0162656e-48
   3.8899000e+03   9.8722109e-49
   3.8988000e+03   9.5885222e-49
   3.9078000e+03   9.3126360e-49
   3.9168000e+03   9.0445806e-49
   3.9259000e+03   8.7843756e-49
   3.9349000e+03   8.5322169e-49
   3.9440000e+03   8.2882816e-49
   3.9531000e+03   8.0523702e-49
   3.9622000e+03   7.8244639e-49
   3.9713000e+03   7.6048864e-49
   3.9805000e+03   7.3934202e-49
   3.9897000e+03   7.1900224e-49
   3.9989000e+03   6.9946460e-49
   4.0081000e+03   6.8074050e-49
   4.0173000e+03   6.6280766e-49
   4.0266000e+03   6.4566046e-49
   4.0359000e+03   6.2930902e-49
   4.0452000e+03   6.1374690e-49
   4.0545000e+03   5.9893669e-49
   4.0639000e+03   5.8488845e-49
   4.0732000e+03   5.7159648e-49
   4.0826000e+03   5.5904034e-49
   4.0921000e+03   5.4721527e-49
   4.1015000e+03   5.3610220e-49
   4.1109000e+03   5.2569750e-49
   4.1204000e+03   5.1599799e-49
   4.1299000e+03   5.0698672e-49
   4.1395000e+03   4.9864782e-49
   4.1490000e+03   4.9096648e-49
   4.1586000e+03   4.8392892e-49
   4.1682000e+03   4.7755010e-49
   4.1778000e+03   4.7177666e-49
   4.1874000e+03   4.6663927e-49
   4.1971000e+03   4.6210085e-49
   4.2067000e+03   4.5815300e-49
   4.2164000e+03   4.5478838e-49
   4.2262000e+03   4.5198729e-49
   4.2359000e+03   4.4975801e-49
   4.2457000e+03   4.4808297e-49
   4.2555000e+03   4.4693236e-49
   4.2653000e+03   4.4631752e-49
   4.2751000e+03   4.4622400e-49
   4.2850000e+03   4.4663826e-49
   4.2948000e+03   4.4754762e-49
   4.3048000e+03   4.4895360e-49
   4.3147000e+03   4.5084510e-49
   4.3246000e+03   4.5319824e-49
   4.3346000e+03   4.5601658e-49
   4.3446000e+03   4.5929084e-49
   4.3546000e+03   4.6301220e-49
   4.3647000e+03   4.6717225e-49
   4.3747000e+03   4.7176292e-49
   4.3848000e+03   4.7677644e-49
   4.3949000e+03   4.8220525e-49
   4.4051000e+03   4.8804196e-49
   4.4152000e+03   4.9429336e-49
   4.4254000e+03   5.0092422e-49
   4.4356000e+03   5.0795554e-49
   4.4458000e+03   5.1536605e-49
   4.4561000e+03   5.2314842e-49
   4.4664000e+03   5.3132437e-49
   4.4767000e+03   5.3984287e-49
   4.4870000e+03   5.4874019e-49
   4.4973000e+03   5.5797912e-49
   4.5077000e+03   5.6758142e-49
   4.5181000e+03   5.7753920e-49
   4.5285000e+03   5.8782889e-49
   4.5390000e+03   5.9845696e-49
   4.5494000e+03   6.0941442e-49
   4.5599000e+03   6.2070762e-49
   4.5704000e+03   6.3234304e-49
   4.5810000e+03   6.4427913e-49
   4.5915000e+03   6.5655368e-49
   4.6021000e+03   6.6914036e-49
   4.6127000e+03   6.8204474e-49
   4.6234000e+03   6.9525579e-49
   4.6340000e+03   7.0879561e-49
   4.6447000e+03   7.2261900e-49
   4.6554000e+03   7.3676472e-49
   4.6662000e+03   7.5120356e-49
   4.6769000e+03   7.6594003e-49
   4.6877000e+03   7.8099639e-49
   4.6985000e+03   7.9632422e-49
   4.7094000e+03   8.1196319e-49
   4.7202000e+03   8.2789981e-49
   4.7311000e+03   8.4411994e-49
   4.7420000e+03   8.6062729e-49
   4.7529000e+03   8.7744436e-49
   4.7639000e+03   8.9453764e-49
   4.7749000e+03   9.1192950e-49
   4.7859000e+03   9.2960451e-49
   4.7969000e+03   9.4756596e-49
   4.8080000e+03   9.6581722e-49
   4.8191000e+03   9.8436162e-49
   4.8302000e+03   1.0032026e-48
   4.8413000e+03   1.0223232e-48
   4.8525000e+03   1.0416244e-48
   4.8637000e+03   1.0613120e-48
   4.8749000e+03   1.0813920e-48
   4.8861000e+03   1.1016602e-48
   4.8974000e+03   1.1221165e-48
   4.9087000e+03   1.1429748e-48
   4.9200000e+03   1.1642410e-48
   4.9314000e+03   1.1854854e-48
   4.9427000e+03   1.2073614e-48
   4.9541000e+03   1.2292157e-48
   4.9656000e+03   1.2514897e-48
   4.9770000e+03   1.2741894e-48
   4.9885000e+03   1.2970932e-48
   5.0000000e+03   1.3202010e-48
