5.000000000000000888e+00 5.307434552278844618e-47
5.034693157380139006e+00 4.966195363946543749e-47
5.069627037794075974e+00 4.652387192539114872e-47
5.104803311530234922e+00 4.363292975360606754e-47
5.140223660466546995e+00 4.096506668285814845e-47
5.175889778150882137e+00 3.849894549533909683e-47
5.211803369882009207e+00 3.621561590983896944e-47
5.247966152791137873e+00 3.409822172701600434e-47
5.284379855924021818e+00 3.213174609376235049e-47
5.321046220323622400e+00 3.030278924461556809e-47
5.357966999113356721e+00 2.859937476506585452e-47
5.395143957580921246e+00 2.701078054206388083e-47
5.432578873262690955e+00 2.552739109384563056e-47
5.470273536028714467e+00 2.414056829774265013e-47
5.508229748168283813e+00 2.284253854622216437e-47
5.546449324476114384e+00 2.162629369910824002e-47
5.584934092339116418e+00 2.048550449978560599e-47
5.623685891823758887e+00 1.941444432768627767e-47
5.662706575764059558e+00 1.840792253246604656e-47
5.701998009850164806e+00 1.746122569577244677e-47
5.741562072717556475e+00 1.657006596147288743e-47
5.781400656036880470e+00 1.573053554389366358e-47
5.821515664604382856e+00 1.493906668353246348e-47
5.861909016432995223e+00 1.419239620669249145e-47
5.902582642844026672e+00 1.348005621788696420e-47
5.943538488559517496e+00 1.280057161382965836e-47
5.984778511795218137e+00 1.215932513296263530e-47
6.026304684354212071e+00 1.155383695571952753e-47
6.068118991721204836e+00 1.098182035437459864e-47
6.110223433157442763e+00 1.044116359431014518e-47
6.152620021796308514e+00 9.929913708072720773e-48
6.195310784739581855e+00 9.446262158129857746e-48
6.238297763154347919e+00 8.988531852884201559e-48
6.281583012370603569e+00 8.555165661136167305e-48
6.325168601979518357e+00 8.144715998291404312e-48
6.369056615932393584e+00 7.755835549495192774e-48
6.413249152640303485e+00 7.387268845909944576e-48
6.457748325074419427e+00 7.037844795312099356e-48
6.502556260867045523e+00 6.706469823603744278e-48
6.547675102413337278e+00 6.392121740213263885e-48
6.593107006973743189e+00 6.093844204418330530e-48
6.638854146777149801e+00 5.810741608759234014e-48
6.684918709124731961e+00 5.538003688141936731e-48
6.731302896494550936e+00 5.279056001692304226e-48
6.778008926646843513e+00 5.033243305157103760e-48
6.825039032730071398e+00 4.799850258965163775e-48
6.872395463387687364e+00 4.578204343281754341e-48
6.920080482865659022e+00 4.367672898474465346e-48
6.968096371120712895e+00 4.167660455466368107e-48
7.016445423929364544e+00 3.977606217982962930e-48
7.065129952997670770e+00 3.796981760410288865e-48
7.114152286071764308e+00 3.625288947124611509e-48
7.163514767049155907e+00 3.462057971359713507e-48
7.213219756090789581e+00 3.306845538724804171e-48
7.263269629733905219e+00 3.159233250022802089e-48
7.313666781005652595e+00 3.018826010387059563e-48
7.364413619537513611e+00 2.885250626396512049e-48
7.415512571680523024e+00 2.758154466640592306e-48
7.466966080621261881e+00 2.637204229032484270e-48
7.518776606498691173e+00 2.522084796144462531e-48
7.570946626521762646e+00 2.412498146576897641e-48
7.623478635087869826e+00 2.308162373438939251e-48
7.676375143902114395e+00 2.208810747644654285e-48
7.729638682097387914e+00 2.114190821245985546e-48
7.783271796355308858e+00 2.024063637816928896e-48
7.837277051027977670e+00 1.938202954802734405e-48
7.891657028260587126e+00 1.856394516544676676e-48
7.946414328114890679e+00 1.778435400710408852e-48
8.001551568693503924e+00 1.704133369485996243e-48
8.057071386265098667e+00 1.633306281304633393e-48
8.112976435390438112e+00 1.565781535026915158e-48
8.169269389049306440e+00 1.501395542477506296e-48
8.225952938768314127e+00 1.439993231278141926e-48
8.283029794749570129e+00 1.381427586133655789e-48
8.340502686000293764e+00 1.325559201204543595e-48
8.398374360463268573e+00 1.272255880130576250e-48
8.456647585148241220e+00 1.221392238427577283e-48
8.515325146264222766e+00 1.172849332400486605e-48
8.574409849352699453e+00 1.126514323061650320e-48
8.633904519421777835e+00 1.082280142031842808e-48
8.693812001081255403e+00 1.040045186460882862e-48
8.754135158678622020e+00 9.997130256654217128e-49
8.814876876436029463e+00 9.611921267505674135e-49
8.876040058588174020e+00 9.243955993493543380e-49
8.937627629521175621e+00 8.892409384672048572e-49
8.999642533912386000e+00 8.556498043769300013e-49
9.062087736871186294e+00 8.235477990618785451e-49
9.124966224080763411e+00 7.928642572249902982e-49
9.188281001940856285e+00 7.635320532700079852e-49
9.252035097711509337e+00 7.354874121235279261e-49
9.316231559657802919e+00 7.086697403228987214e-49
9.380873457195605170e+00 6.830214544702947346e-49
9.445963881038332843e+00 6.584878266527700849e-49
9.511505943344722880e+00 6.350168363486889330e-49
9.577502777867637818e+00 6.125590289104652651e-49
9.643957540103892612e+00 5.910673856264523912e-49
9.710873407445131278e+00 5.704971954378867325e-49
9.778253579329746259e+00 5.508059366771247295e-49
9.846101277395861828e+00 5.319531656343277930e-49
9.914419745635354886e+00 5.139004074075553193e-49
9.983212250548969990e+00 4.966110598488081410e-49
1.005248208130249488e+01 4.804892186540783520e-49
1.012223254988401777e+01 4.651581822825163901e-49
1.019246699126231981e+01 4.504424790278213913e-49
1.026318876354625864e+01 4.363154168704328005e-49
1.033440124814541505e+01 4.227515363017101035e-49
1.040610784993169524e+01 4.097265481488247906e-49
1.047831199740216412e+01 3.972172794532823252e-49
1.055101714284298176e+01 3.852016175590293658e-49
1.062422676249441267e+01 3.736584582725544196e-49
1.069794435671711241e+01 3.625676581510427731e-49
1.077217345015942129e+01 3.519099882749644129e-49
1.084691759192592109e+01 3.416670898504283761e-49
1.092218035574714108e+01 3.318214317918229419e-49
1.099796534015037253e+01 3.223562725284573415e-49
1.107427616863180120e+01 3.132556223339517171e-49
1.115111648982969150e+01 3.045042055489712307e-49
1.122848997769887447e+01 2.960874298854791114e-49
1.130640033168639569e+01 2.879913510190223530e-49
1.138485127690839782e+01 2.802026439425433510e-49
1.146384656432824833e+01 2.727085736028820344e-49
1.154338997093584673e+01 2.654969664114310746e-49
1.162348529992824453e+01 2.585561851447103763e-49
1.170413638089146957e+01 2.518751023846441832e-49
1.178534706998363824e+01 2.454430785966414678e-49
1.186712125011933594e+01 2.392499380094314587e-49
1.194946283115524999e+01 2.332859482535691749e-49
1.203237575007712579e+01 2.275417988409480059e-49
1.211586397118800207e+01 2.220085830903382234e-49
1.219993148629774993e+01 2.166777782491114371e-49
1.228458231491395480e+01 2.115412285257551883e-49
1.236982050443406855e+01 2.065911289828339221e-49
1.245565013033894708e+01 2.018200083944925571e-49
1.254207529638770424e+01 1.972207147908872456e-49
1.262910013481392113e+01 1.927864010636207893e-49
1.271672880652324622e+01 1.885105109995271027e-49
1.280496550129229583e+01 1.843867659115179872e-49
1.289381443796900939e+01 1.804091530534965969e-49
1.298327986467436013e+01 1.765719128304857665e-49
1.307336605900545834e+01 1.728695280068960867e-49
1.316407732824010424e+01 1.692967125417782445e-49
1.325541800954269256e+01 1.658484018015462704e-49
1.334739247017160935e+01 1.625197425173691849e-49
1.344000510768803558e+01 1.593060831057403476e-49
1.353326035016620388e+01 1.562029655242620143e-49
1.362716265640514379e+01 1.532061160420386076e-49
1.372171651614182508e+01 1.503114377812904861e-49
1.381692645026585531e+01 1.475150025432540149e-49
1.391279701103562694e+01 1.448130437432508127e-49
1.400933278229597434e+01 1.422019489272944512e-49
1.410653837969735847e+01 1.396782538892330387e-49
1.420441845091651878e+01 1.372386354085740097e-49
1.430297767587871505e+01 1.348799057803254669e-49
1.440222076698148790e+01 1.325990065023512712e-49
1.450215246931995594e+01 1.303930033386087719e-49
1.460277756091373114e+01 1.282590804013028075e-49
1.470410085293531743e+01 1.261945353563239116e-49
1.480612718994017740e+01 1.241967745880957407e-49
1.490886145009836561e+01 1.222633085179195126e-49
1.501230854542774473e+01 1.203917472798873983e-49
1.511647342202888744e+01 1.185797963878709934e-49
1.522136106032151126e+01 1.168252529506236983e-49
1.532697647528264007e+01 1.151260013727887128e-49
1.543332471668636963e+01 1.134800101020374697e-49
1.554041086934531712e+01 1.118853280040977352e-49
1.564824005335375823e+01 1.103400808441775326e-49
1.575681742433239485e+01 1.088424682298596433e-49
1.586614817367488683e+01 1.073907605216027564e-49
1.597623752879606585e+01 1.059832959004633548e-49
1.608709075338185457e+01 1.046184774089512787e-49
1.619871314764099068e+01 1.032947705423068501e-49
1.631111004855834778e+01 1.020107004346047614e-49
1.642428683015022273e+01 1.007648495211573708e-49
1.653824890372121104e+01 9.955585519951052559e-50
1.665300171812294039e+01 9.838240743301702995e-50
1.676855076001465861e+01 9.724324681228103267e-50
1.688490155412545590e+01 9.613716234267378351e-50
1.700205966351853704e+01 9.506298952602623718e-50
1.712003068985712417e+01 9.401960844430116029e-50
1.723882027367231728e+01 9.300594203535842788e-50
1.735843409463281262e+01 9.202095421895483909e-50
1.747887787181637265e+01 9.106364838627625549e-50
1.760015736398340280e+01 9.013306575361915858e-50
1.772227836985217664e+01 8.922828377798551190e-50
1.784524672837614645e+01 8.834841482888674725e-50
1.796906831902314394e+01 8.749260468600805916e-50
1.809374906205639988e+01 8.666003128987684146e-50
1.821929491881772734e+01 8.584990338923461566e-50
1.834571189201246710e+01 8.506145937669865166e-50
1.847300602599650787e+01 8.429396604780105110e-50
1.860118340706534568e+01 8.354671755923468184e-50
1.873025016374496232e+01 8.281903423756545630e-50
1.886021246708499532e+01 8.211026169197432467e-50
1.899107653095367709e+01 8.141976970304165946e-50
1.912284861233499456e+01 8.074695129520335293e-50
1.925553501162785963e+01 8.009122188516787672e-50
1.938914207294728342e+01 7.945201831939536056e-50
1.952367618442780639e+01 7.882879812212821860e-50
1.965914377852884698e+01 7.822103864416066557e-50
1.979555133234229203e+01 7.762823629025441805e-50
1.993290536790221168e+01 7.704990578972080998e-50
2.007121245249660646e+01 7.648557950438963619e-50
2.021047919898153822e+01 7.593480673197836175e-50
2.035071226609719020e+01 7.539715302939309796e-50
2.049191835878630386e+01 7.487219964934145095e-50
2.063410422851477577e+01 7.435954286604215283e-50
2.077727667359437191e+01 7.385879345876937415e-50
2.092144253950791111e+01 7.336957612228967271e-50
2.106660871923644152e+01 7.289152895537501380e-50
2.121278215358888275e+01 7.242430293773466365e-50
2.135996983153390261e+01 7.196756144244184744e-50
2.150817879053397164e+01 7.152097976943720629e-50
2.165741611688200052e+01 7.108424470635216112e-50
2.180768894604002384e+01 7.065705405360207881e-50
2.195900446298042752e+01 7.023911627645389488e-50
2.211136990252950341e+01 6.983015003813822969e-50
2.226479254971327393e+01 6.942988384537691031e-50
2.241927974010593871e+01 6.903805568633534632e-50
2.257483886018050612e+01 6.865441267745733502e-50
2.273147734766199335e+01 6.827871068218997605e-50
2.288920269188310286e+01 6.791071404903290983e-50
2.304802243414216534e+01 6.755019525062452114e-50
2.320794416806389648e+01 6.719693459013290724e-50
2.336897553996231380e+01 6.685071992521405463e-50
2.353112424920640322e+01 6.651134637646961249e-50
2.369439804858827614e+01 6.617861607200332979e-50
2.385880474469372459e+01 6.585233786213534431e-50
2.402435219827565405e+01 6.553232711332116730e-50
2.419104832462978294e+01 6.521840542724279302e-50
2.435890109397316294e+01 6.491040044830899452e-50
2.452791853182525017e+01 6.460814562812833424e-50
2.469810871939160180e+01 6.431148000149499984e-50
2.486947979395032249e+01 6.402024800474591425e-50
2.504203994924105814e+01 6.373429926921750458e-50
2.521579743585680333e+01 6.345348843409924760e-50
2.539076056163837691e+01 6.317767496379270074e-50
2.556693769207162603e+01 6.290672297677279912e-50
2.574433725068747236e+01 6.264050108161537217e-50
2.592296771946456246e+01 6.237888220656246100e-50
2.610283763923488465e+01 6.212174345042467043e-50
2.628395561009211789e+01 6.186896593517214615e-50
2.646633029180280161e+01 6.162043465553549266e-50
2.664997040422045060e+01 6.137603835375212251e-50
2.683488472770237721e+01 6.113566936369605598e-50
2.702108210352958650e+01 6.089922350947442078e-50
2.720857143432946046e+01 6.066659996640195208e-50
2.739736168450142983e+01 6.043770114726270223e-50
2.758746188064564109e+01 6.021243258394786481e-50
2.777888111199438370e+01 5.999070282576528024e-50
2.797162853084689971e+01 5.977242332325051993e-50
2.816571335300678314e+01 5.955750833733784957e-50
2.836114485822271192e+01 5.934587483217385215e-50
2.855793239063217115e+01 5.913744238666545474e-50
2.875608535920806474e+01 5.893213310051397408e-50
2.895561323820880162e+01 5.872987150613579692e-50
2.915652556763112102e+01 5.853058448827480259e-50
2.935883195366627163e+01 5.833420119940537195e-50
2.956254206915940230e+01 5.814065298181945932e-50
2.976766565407184473e+01 5.794987329285197814e-50
2.997421251594705538e+01 5.776179763102832961e-50
3.018219253037934635e+01 5.757636346930345878e-50
3.039161564148614758e+01 5.739351018354590061e-50
3.060249186238350916e+01 5.721317899343955978e-50
3.081483127566470870e+01 5.703531288811319918e-50
3.102864403388251446e+01 5.685985658170739299e-50
3.124394036003446828e+01 5.668675644335190267e-50
3.146073054805171409e+01 5.651596044594400174e-50
3.167902496329126549e+01 5.634741811161169848e-50
3.189883404303140679e+01 5.618108045467921599e-50
3.212016829697096654e+01 5.601689994344908864e-50
3.234303830773163213e+01 5.585483043861308362e-50
3.256745473136400904e+01 5.569482715426312437e-50
3.279342829785717583e+01 5.553684660994431383e-50
3.302096981165151846e+01 5.538084659080558798e-50
3.325009015215560737e+01 5.522678609895584985e-50
3.348080027426610883e+01 5.507462532036853550e-50
3.371311120889170354e+01 5.492432558192951483e-50
3.394703406348055807e+01 5.477584931518156112e-50
3.418258002255118555e+01 5.462916001875407369e-50
3.441976034822749142e+01 5.448422222559413003e-50
3.465858638077703091e+01 5.434100146755746617e-50
3.489906953915329524e+01 5.419946424334350171e-50
3.514122132154175659e+01 5.405957798697294152e-50
3.538505330590944453e+01 5.392131103887118920e-50
3.563057715055874297e+01 5.378463261431005553e-50
3.587780459468464045e+01 5.364951277685741990e-50
3.612674745893606598e+01 5.351592241145421923e-50
3.637741764598116134e+01 5.338383319625076491e-50
3.662982714107614868e+01 5.325321757930773410e-50
3.688398801263866744e+01 5.312404875316926131e-50
3.713991241282458589e+01 5.299630063093077469e-50
3.739761257810909711e+01 5.286994782496002695e-50
3.765710082987187235e+01 5.274496562250471002e-50
3.791838957498595164e+01 5.262132996676442712e-50
3.818149130641122468e+01 5.249901743523068546e-50
3.844641860379156384e+01 5.237800521905354035e-50
3.871318413405634118e+01 5.225827110639984356e-50
3.898180065202618039e+01 5.213979346113066108e-50
3.925228100102253848e+01 5.202255120702243122e-50
3.952463811348211919e+01 5.190652380969069860e-50
3.979888501157492442e+01 5.179169125964142777e-50
4.007503480782702354e+01 5.167803405689022506e-50
4.035310070574752928e+01 5.156553319495398877e-50
4.063309600045972303e+01 5.145417014626712245e-50
4.091503407933696224e+01 5.134392684691944185e-50
4.119892842264259514e+01 5.123478568364332538e-50
4.148479260417452963e+01 5.112672947936865768e-50
4.177264029191434958e+01 5.101974148059665865e-50
4.206248524868058780e+01 5.091380534477950475e-50
4.235434133278702973e+01 5.080890512789144743e-50
4.264822249870512394e+01 5.070502527285212086e-50
4.294414279773126708e+01 5.060215059790195387e-50
4.324211637865862912e+01 5.050026628541904045e-50
4.354215748845361134e+01 5.039935787183823671e-50
4.384428047293715025e+01 5.029941123666141810e-50
4.414849977747045529e+01 5.020041259289384737e-50
4.445482994764580553e+01 5.010234847734452814e-50
4.476328562998200056e+01 5.000520574117079391e-50
4.507388157262457895e+01 4.990897154087958637e-50
4.538663262605113857e+01 4.981363332975112508e-50
4.570155374378115454e+01 4.971917884929466271e-50
4.601865998309111916e+01 4.962559612096390600e-50
4.633796650573440701e+01 4.953287343881383688e-50
4.665948857866618482e+01 4.944099936090435598e-50
4.698324157477347285e+01 4.934996270292441717e-50
4.730924097361000236e+01 4.925975253040175938e-50
4.763750236213646616e+01 4.917035815200384051e-50
4.796804143546572874e+01 4.908176911297388378e-50
4.830087399761322331e+01 4.899397518835441328e-50
4.863601596225270640e+01 4.890696637696192697e-50
4.897348335347697201e+01 4.882073289525762157e-50
4.931329230656412221e+01 4.873526517164936830e-50
4.965545906874899629e+01 4.865055384041589783e-50
4.999999999999999289e+01 4.856658973669938866e-50
5.034693157380139894e+01 4.848336389071823189e-50
5.069627037794075619e+01 4.840086752308439644e-50
5.104803311530231724e+01 4.831909203941349792e-50
5.140223660466548239e+01 4.823802902581911377e-50
5.175889778150880716e+01 4.815767024410801645e-50
5.211803369882010628e+01 4.807800762707585080e-50
5.247966152791137517e+01 4.799903327461745514e-50
5.284379855924019154e+01 4.792073944892707015e-50
5.321046220323622578e+01 4.784311857083613579e-50
5.357966999113354944e+01 4.776616321553958314e-50
5.395143957580922489e+01 4.768986610901557806e-50
5.432578873262691133e+01 4.761422012396691614e-50
5.470273536028711447e+01 4.753921827661700923e-50
5.508229748168283635e+01 4.746485372278444620e-50
5.546449324476112963e+01 4.739111975489601021e-50
5.584934092339118195e+01 4.731800979844731029e-50
5.623685891823758709e+01 4.724551740880505389e-50
5.662706575764056538e+01 4.717363626842332630e-50
5.701998009850164806e+01 4.710236018350176798e-50
5.741562072717555054e+01 4.703168308133584591e-50
5.781400656036881713e+01 4.696159900742019262e-50
5.821515664604383034e+01 4.689210212278158612e-50
5.861909016432991848e+01 4.682318670128518073e-50
5.902582642844026850e+01 4.675484712718790763e-50
5.943538488559515542e+01 4.668707789262861587e-50
5.984778511795219202e+01 4.661987359514395585e-50
6.026304684354212071e+01 4.655322893553120244e-50
6.068118991721201638e+01 4.648713871548660282e-50
6.110223433157442230e+01 4.642159783545997636e-50
6.152620021796307270e+01 4.635660129251561962e-50
6.195310784739583454e+01 4.629214417835361042e-50
6.238297763154347564e+01 4.622822167732162592e-50
6.281583012370606411e+01 4.616482906444404249e-50
6.325168601979518002e+01 4.610196170359924258e-50
6.369056615932391452e+01 4.603961504573646098e-50
6.413249152640305795e+01 4.597778462711557247e-50
6.457748325074419427e+01 4.591646606760338755e-50
6.502556260867048366e+01 4.585565506906012759e-50
6.547675102413337811e+01 4.579534741375082581e-50
6.593107006973741591e+01 4.573553896275880789e-50
6.638854146777151755e+01 4.567622565460629925e-50
6.684918709124731606e+01 4.561740350367829382e-50
6.731302896494554489e+01 4.555906859893141313e-50
6.778008926646843690e+01 4.550121710246846973e-50
6.825039032730067845e+01 4.544384524827745574e-50
6.872395463387690029e+01 4.538694934094022165e-50
6.920080482865657245e+01 4.533052575438364768e-50
6.968096371120716981e+01 4.527457093071328426e-50
7.016445423929364722e+01 4.521908137904524523e-50
7.065129952997666862e+01 4.516405367441866150e-50
7.114152286071765730e+01 4.510948445664464728e-50
7.163514767049153420e+01 4.505537042934112316e-50
7.213219756090792600e+01 4.500170835887178129e-50
7.263269629733905219e+01 4.494849507336156601e-50
7.313666781005647977e+01 4.489572746176456035e-50
7.364413619537515387e+01 4.484340247295455761e-50
7.415512571680521603e+01 4.479151711479868318e-50
7.466966080621266144e+01 4.474006845333919003e-50
7.518776606498691706e+01 4.468905361193450858e-50
7.570946626521758560e+01 4.463846977047094372e-50
7.623478635087872135e+01 4.458831416456343280e-50
7.676375143902112086e+01 4.453858408485772591e-50
7.729638682097392177e+01 4.448927687623838905e-50
7.783271796355309391e+01 4.444038993717107463e-50
7.837277051027973584e+01 4.439192071902615215e-50
7.891657028260588902e+01 4.434386672540537756e-50
7.946414328114889258e+01 4.429622551152361780e-50
8.001551568693507477e+01 4.424899468361417187e-50
8.057071386265099022e+01 4.420217189833339880e-50
8.112976435390434915e+01 4.415575486218579893e-50
8.169269389049308927e+01 4.410974133101005684e-50
8.225952938768311640e+01 4.406412910943551507e-50
8.283029794749575103e+01 4.401891605038192858e-50
8.340502686000294830e+01 4.397410005459441937e-50
8.398374360463265020e+01 4.392967907014580424e-50
8.456647585148242285e+01 4.388565109204197798e-50
8.515325146264220280e+01 4.384201416174684067e-50
8.574409849352703361e+01 4.379876636681009985e-50
8.633904519421778900e+01 4.375590584044108099e-50
8.693812001081251140e+01 4.371343076118123486e-50
8.754135158678624862e+01 4.367133935249942690e-50
8.814876876436026976e+01 4.362962988248620846e-50
8.876040058588178283e+01 4.358830066350818762e-50
8.937627629521176686e+01 4.354735005191512889e-50
8.999642533912381737e+01 4.350677644773449032e-50
9.062087736871187360e+01 4.346657829440620279e-50
9.124966224080760924e+01 4.342675407851103026e-50
9.188281001940860904e+01 4.338730232951659191e-50
9.252035097711508627e+01 4.334822161956934263e-50
9.316231559657798300e+01 4.330951056325111625e-50
9.380873457195606591e+01 4.327116781738652689e-50
9.445963881038331067e+01 4.323319208085022792e-50
9.511505943344727143e+01 4.319558209438983867e-50
9.577502777867637462e+01 4.315833664046257310e-50
9.643957540103887993e+01 4.312145454308953989e-50
9.710873407445130567e+01 4.308493466771952848e-50
9.778253579329744127e+01 4.304877592109144677e-50
9.846101277395865736e+01 4.301297725115358033e-50
9.914419745635355241e+01 4.297753764694402422e-50
9.983212250548965017e+01 4.294245613851062583e-50
1.005248208130249452e+02 4.290773179684220850e-50
1.012223254988401777e+02 4.287336373382547112e-50
1.019246699126232016e+02 4.283935110217190078e-50
1.026318876354625900e+02 4.280569309540437449e-50
1.033440124814540866e+02 4.277238894783644937e-50
1.040610784993169489e+02 4.273943793455874598e-50
1.047831199740216306e+02 4.270683937145254600e-50
1.055101714284298140e+02 4.267459261519971033e-50
1.062422676249441338e+02 4.264269706332369522e-50
1.069794435671710602e+02 4.261115215423190721e-50
1.077217345015942129e+02 4.257995736726885937e-50
1.084691759192592002e+02 4.254911222279197910e-50
1.092218035574714037e+02 4.251861628226231937e-50
1.099796534015037253e+02 4.248846914832941104e-50
1.107427616863179480e+02 4.245867046495681328e-50
1.115111648982969115e+02 4.242921991754471563e-50
1.122848997769886807e+02 4.240011723307257561e-50
1.130640033168639604e+02 4.237136218025237723e-50
1.138485127690839818e+02 4.234295456970946930e-50
1.146384656432825437e+02 4.231489425415999489e-50
1.154338997093584709e+02 4.228718112862754691e-50
1.162348529992823813e+02 4.225981513066333716e-50
1.170413638089146957e+02 4.223279624057946436e-50
1.178534706998363788e+02 4.220612448172058715e-50
1.186712125011934233e+02 4.217979992073903444e-50
1.194946283115525034e+02 4.215382266789085814e-50
1.203237575007711939e+02 4.212819287737028140e-50
1.211586397118800136e+02 4.210291074765682800e-50
1.219993148629774993e+02 4.207797652187959138e-50
1.228458231491396191e+02 4.205339048824218024e-50
1.236982050443406962e+02 4.202915298042228256e-50
1.245565013033894104e+02 4.200526437807328796e-50
1.254207529638770353e+02 4.198172510730559902e-50
1.262910013481392184e+02 4.195853564122706203e-50
1.271672880652325262e+02 4.193569650054020024e-50
1.280496550129229547e+02 4.191320825416904475e-50
1.289381443796900157e+02 4.189107151995265279e-50
1.298327986467436119e+02 4.186928696538188783e-50
1.307336605900545976e+02 4.184785530842822597e-50
1.316407732824011134e+02 4.182677731844575414e-50
1.325541800954269434e+02 4.180605381712255954e-50
1.334739247017160153e+02 4.178568567960414552e-50
1.344000510768803451e+02 4.176567383565568429e-50
1.353326035016620494e+02 4.174601927100996977e-50
1.362716265640515019e+02 4.172672302885600924e-50
1.372171651614182508e+02 4.170778621148597733e-50
1.381692645026584785e+02 4.168920998217655391e-50
1.391279701103562729e+02 4.167099556731465406e-50
1.400933278229597363e+02 4.165314425879239544e-50
1.410653837969736628e+02 4.163565741677783851e-50
1.420441845091651771e+02 4.161853647286306630e-50
1.430297767587870794e+02 4.160178293374367898e-50
1.440222076698148612e+02 4.158539838546286632e-50
1.450215246931995523e+02 4.156938449839492854e-50
1.460277756091373931e+02 4.155374303310856623e-50
1.470410085293531779e+02 4.153847584730584247e-50
1.480612718994017030e+02 4.152358490408702527e-50
1.490886145009836525e+02 4.150907228189139303e-50
1.501230854542774296e+02 4.149494018648404037e-50
1.511647342202889490e+02 4.148119096558190123e-50
1.522136106032151304e+02 4.146782712672819128e-50
1.532697647528263190e+02 4.145485135945270339e-50
1.543332471668637140e+02 4.144226656283440227e-50
1.554041086934531677e+02 4.143007588014484962e-50
1.564824005335376569e+02 4.141828274278948040e-50
1.575681742433239378e+02 4.140689092654730579e-50
1.586614817367487831e+02 4.139590462429964099e-50
1.597623752879606513e+02 4.138532854107929510e-50
1.608709075338185528e+02 4.137516801984990118e-50
1.619871314764099282e+02 4.136542920983657094e-50
1.631111004855834778e+02 4.135611929513684904e-50
1.642428683015021704e+02 4.134724680962661324e-50
1.653824890372121104e+02 4.133882207791236267e-50
1.665300171812293968e+02 4.133085784385029622e-50
1.676855076001465932e+02 4.132337018429791718e-50
1.688490155412545448e+02 4.131637986710889531e-50
1.700205966351852851e+02 4.130991441980574074e-50
1.712003068985712559e+02 4.130401137033250809e-50
1.723882027367231728e+02 4.129872348875385410e-50
1.735843409463281262e+02 4.129412758367631310e-50
1.747887787181637407e+02 4.129033991355003387e-50
1.760015736398339357e+02 4.128754459894902331e-50
1.772227836985217664e+02 4.128604932026136452e-50
1.784524672837614503e+02 4.128640306793752608e-50
1.796906831902314536e+02 4.128966999371780725e-50
1.809374906205640059e+02 4.129815101021028823e-50
1.821929491881772094e+02 4.131764167797402412e-50
1.834571189201246852e+02 4.136655232172522157e-50
1.847300602599650858e+02 4.153283768426704232e-50
1.860118340706534639e+02 4.298642673591956589e-50
1.873025016374496374e+02 4.739368919722937642e-50
1.886021246708498609e+02 4.164071916866437214e-50
1.899107653095367994e+02 4.137471655652185364e-50
1.912284861233499385e+02 4.130993339878317379e-50
1.925553501162786176e+02 4.128559006559210695e-50
1.938914207294728271e+02 4.127473034352128851e-50
1.952367618442779644e+02 4.126980158911928005e-50
1.965914377852884911e+02 4.126803012086020313e-50
1.979555133234229061e+02 4.126820794170976205e-50
1.993290536790221097e+02 4.126974326476809385e-50
2.007121245249660717e+02 4.127232032076111266e-50
2.021047919898154817e+02 4.127575953930785081e-50
2.035071226609719020e+02 4.127995382403597320e-50
2.049191835878630457e+02 4.128483705794723888e-50
2.063410422851477790e+02 4.129036748678288724e-50
2.077727667359437476e+02 4.129651846654700821e-50
2.092144253950791892e+02 4.130327307304854334e-50
2.106660871923644152e+02 4.131062083801808615e-50
2.121278215358888133e+02 4.131855570605873666e-50
2.135996983153390261e+02 4.132707471830055612e-50
2.150817879053397235e+02 4.133617714245326028e-50
2.165741611688201260e+02 4.134586388488648072e-50
2.180768894604002526e+02 4.135613708529680868e-50
2.195900446298042823e+02 4.136699983235019994e-50
2.211136990252950341e+02 4.137845596096824912e-50
2.226479254971327464e+02 4.139050990583595453e-50
2.241927974010595221e+02 4.140316659421702659e-50
2.257483886018050612e+02 4.141643136666456304e-50
2.273147734766199335e+02 4.143030991785636928e-50
2.288920269188310215e+02 4.144480825207146611e-50
2.304802243414216605e+02 4.145993264951455730e-50
2.320794416806390643e+02 4.147568964071906020e-50
2.336897553996231522e+02 4.149208598703654849e-50
2.353112424920640535e+02 4.150912866581098038e-50
2.369439804858827756e+02 4.152682485909687692e-50
2.385880474469372530e+02 4.154518194519496815e-50
2.402435219827566755e+02 4.156420749233938298e-50
2.419104832462978152e+02 4.158390925412841049e-50
2.435890109397315086e+02 4.160429516631701583e-50
2.452791853182525017e+02 4.162537334473442422e-50
2.469810871939160108e+02 4.164715208407525926e-50
2.486947979395033599e+02 4.166963985746659719e-50
2.504203994924105814e+02 4.169284531659108650e-50
2.521579743585679125e+02 4.171677729236908573e-50
2.539076056163837620e+02 4.174144479603115935e-50
2.556693769207162745e+02 4.176685702059158103e-50
2.574433725068748231e+02 4.179302334260699818e-50
2.592296771946456033e+02 4.181995332421448943e-50
2.610283763923487186e+02 4.184765671542877513e-50
2.628395561009211860e+02 4.187614345664373915e-50
2.646633029180280232e+02 4.190542368131924256e-50
2.664997040422045984e+02 4.193550771885819991e-50
2.683488472770237649e+02 4.196640609765111466e-50
2.702108210352957371e+02 4.199812954826084510e-50
2.720857143432946259e+02 4.203068900676902284e-50
2.739736168450143055e+02 4.206409561824549589e-50
2.758746188064563967e+02 4.209836074035527704e-50
2.777888111199438299e+02 4.213349594712003259e-50
2.797162853084688550e+02 4.216951303277479741e-50
2.816571335300678243e+02 4.220642401577994728e-50
2.836114485822271263e+02 4.224424114293948355e-50
2.855793239063216902e+02 4.228297689367693010e-50
2.875608535920806617e+02 4.232264398442260841e-50
2.895561323820878670e+02 4.236325537314445252e-50
2.915652556763112102e+02 4.240482426402682178e-50
2.935883195366627092e+02 4.244736411228953006e-50
2.956254206915940017e+02 4.249088862917225908e-50
2.976766565407184544e+02 4.253541178708976866e-50
2.997421251594703904e+02 4.258094782494903957e-50
3.018219253037934777e+02 4.262751125370489282e-50
3.039161564148614616e+02 4.267511686209893514e-50
3.060249186238351058e+02 4.272377972268403147e-50
3.081483127566470444e+02 4.277351519812486098e-50
3.102864403388250025e+02 4.282433894784250236e-50
3.124394036003446899e+02 4.287626693508496175e-50
3.146073054805171409e+02 4.292931543448179896e-50
3.167902496329126620e+02 4.298350104025487842e-50
3.189883404303140537e+02 4.303884067520818400e-50
3.212016829697095091e+02 4.309535160079966330e-50
3.234303830773163213e+02 4.315305142861574761e-50
3.256745473136401188e+02 4.321195813375748172e-50
3.279342829785717299e+02 4.327209007093907206e-50
3.302096981165151988e+02 4.333346599440823944e-50
3.325009015215558748e+02 4.339610508349466134e-50
3.348080027426610741e+02 4.346002697655078675e-50
3.371311120889170638e+02 4.352525181784103523e-50
3.394703406348055523e+02 4.359180032485091044e-50
3.418258002255118981e+02 4.365969388895358740e-50
3.441976034822747579e+02 4.372895473234079626e-50
3.465858638077702949e+02 4.379960616379244399e-50
3.489906953915329382e+02 4.387167301597145686e-50
3.514122132154175802e+02 4.394518243425341932e-50
3.538505330590944027e+02 4.402016539059948918e-50
3.563057715055872450e+02 4.409665981143624702e-50
3.587780459468463619e+02 4.417471765816994751e-50
3.612674745893606314e+02 4.425442295137787376e-50
3.637741764598115992e+02 4.433594554336214163e-50
3.662982714107614584e+02 4.441974307308645044e-50
3.688398801263868449e+02 4.450766565013413550e-50
3.713991241282458873e+02 4.461637311884765765e-50
3.739761257810910138e+02 4.683321501692491453e-50
3.765710082987187093e+02 4.478137744741938315e-50
3.791838957498594596e+02 4.485850378395337455e-50
3.818149130641124316e+02 4.494819934399433300e-50
3.844641860379156242e+02 4.504141136388710539e-50
3.871318413405634260e+02 4.513693223904259728e-50
3.898180065202618039e+02 4.523447524927916995e-50
3.925228100102253848e+02 4.533396028181012653e-50
3.952463811348213767e+02 4.543537158976930616e-50
3.979888501157492442e+02 4.553871818863211970e-50
4.007503480782701786e+02 4.564402023748552997e-50
4.035310070574753354e+02 4.575130361374378579e-50
4.063309600045972161e+02 4.586059750430483895e-50
4.091503407933698213e+02 4.597193324414695948e-50
4.119892842264259230e+02 4.608534371993380388e-50
4.148479260417452679e+02 4.620086304911876788e-50
4.177264029191435384e+02 4.631852640178177585e-50
4.206248524868058780e+02 4.643836990033782538e-50
4.235434133278704962e+02 4.656043056374758318e-50
4.264822249870512110e+02 4.668474627811232752e-50
4.294414279773124008e+02 4.681135578356099643e-50
4.324211637865862485e+02 4.694029867153077106e-50
4.354215748845361418e+02 4.707161538885494612e-50
4.384428047293717441e+02 4.720534724658118821e-50
4.414849977747045386e+02 4.734153643206794912e-50
4.445482994764578280e+02 4.748022602348670457e-50
4.476328562998199914e+02 4.762146000624513687e-50
4.507388157262458321e+02 4.776528329080740045e-50
4.538663262605115847e+02 4.791174173177710794e-50
4.570155374378115312e+02 4.806088214803069701e-50
4.601865998309110068e+02 4.821275234375141388e-50
4.633796650573440843e+02 4.836740113036821478e-50
4.665948857866619051e+02 4.852487834928323652e-50
4.698324157477349559e+02 4.868523489541702520e-50
4.730924097361000236e+02 4.884852274151302113e-50
4.763750236213644484e+02 4.901479496326766429e-50
4.796804143546572732e+02 4.918410576526699642e-50
4.830087399761322331e+02 4.935651050778904990e-50
4.863601596225273056e+02 4.953206573452010916e-50
4.897348335347697343e+02 4.971082920130589392e-50
4.931329230656409663e+02 4.989285990603908660e-50
4.965545906874899629e+02 5.007821811987847059e-50
4.999999999999999432e+02 5.026696542014336213e-50
5.034693157380134494e+02 5.045916472530835729e-50
5.069627037794076045e+02 5.065488033289116948e-50
5.104803311530232008e+02 5.085417796147728711e-50
5.140223660466548381e+02 5.105712479909133572e-50
5.175889778150880147e+02 5.126378956184971867e-50
5.211803369882004517e+02 5.147424257026612592e-50
5.247966152791137802e+02 5.168855585788028779e-50
5.284379855924019012e+02 5.190680334290734959e-50
5.321046220323622720e+02 5.212906113230103924e-50
5.357966999113355087e+02 5.235540812883443617e-50
5.395143957580917231e+02 5.258592740958786388e-50
5.432578873262691559e+02 5.282070985643131455e-50
5.470273536028711305e+02 5.305986571845058853e-50
5.508229748168283777e+02 5.330357310923032831e-50
5.546449324476112679e+02 5.355240507500170823e-50
5.584934092339112794e+02 5.381498173843854756e-50
5.623685891823758993e+02 5.407488227979430086e-50
5.662706575764057106e+02 5.432403210866727724e-50
5.701998009850165090e+02 5.458990708878461579e-50
5.741562072717555338e+02 5.486140381097919719e-50
5.781400656036876171e+02 5.513808980255279796e-50
5.821515664604382891e+02 5.541996752983108516e-50
5.861909016432991848e+02 5.570711039406021464e-50
5.902582642844026850e+02 5.599961176908486493e-50
5.943538488559515827e+02 5.629757333547596788e-50
5.984778511795212808e+02 5.660110157969097609e-50
6.026304684354212213e+02 5.691030655555112323e-50
6.068118991721202065e+02 5.722530140562912533e-50
6.110223433157442514e+02 5.754620217646095998e-50
6.152620021796307128e+02 5.787312776061271442e-50
6.195310784739577912e+02 5.820619989879860032e-50
6.238297763154347422e+02 5.854554321291488508e-50
6.281583012370599590e+02 5.889128525630482208e-50
6.325168601979518144e+02 5.924355657446882897e-50
6.369056615932391878e+02 5.960249077272074965e-50
6.413249152640298689e+02 5.996822458885988415e-50
6.457748325074419427e+02 6.034089796983015981e-50
6.502556260867041829e+02 6.072065415177742440e-50
6.547675102413337527e+02 6.110763974321974714e-50
6.593107006973741591e+02 6.150200481112022040e-50
6.638854146777144933e+02 6.190390296991324389e-50
6.684918709124732459e+02 6.231349147346517651e-50
6.731302896494547667e+02 6.273093131015765334e-50
6.778008926646843975e+02 6.315638730132930432e-50
6.825039032730068129e+02 6.359002820352149249e-50
6.872395463387682639e+02 6.403202681524813940e-50
6.920080482865656677e+02 6.448256008965279309e-50
6.968096371120709591e+02 6.494180925548919741e-50
7.016445423929365006e+02 6.540995995144923011e-50
7.065129952997667715e+02 6.588720238436741761e-50
7.114152286071758908e+02 6.637373153607832702e-50
7.163514767049153988e+02 6.686974748180460482e-50
7.213219756090785495e+02 6.737545600204525683e-50
7.263269629733905504e+02 6.789107010376751912e-50
7.313666781005648545e+02 6.841681505955817257e-50
7.364413619537507429e+02 6.895295258600991792e-50
7.415512571680520750e+02 6.950000470043506491e-50
7.466966080621258470e+02 7.010355947011484636e-50
7.518776606498690853e+02 7.062615299840703156e-50
7.570946626521758844e+02 7.120502219322435673e-50
7.623478635087872135e+02 7.179607683206570691e-50
7.676375143902112086e+02 7.239898035252260703e-50
7.729638682097383935e+02 7.301393154800599044e-50
7.783271796355309107e+02 7.364118283621345753e-50
7.837277051027973584e+02 7.428100273970343864e-50
7.891657028260589186e+02 7.493366951796448639e-50
7.946414328114889258e+02 7.559951702868900250e-50
8.001551568693499803e+02 7.627869408701422967e-50
8.057071386265098454e+02 7.697164698209600471e-50
8.112976435390434062e+02 7.767863650148588368e-50
8.169269389049309211e+02 7.839997927177536591e-50
8.225952938768310787e+02 7.913600006088248933e-50
8.283029794749566008e+02 7.988703188798255948e-50
8.340502686000294261e+02 8.065341623247973920e-50
8.398374360463265020e+02 8.143550326044033211e-50
8.456647585148242570e+02 8.223365206111951288e-50
8.515325146264220848e+02 8.304823089213908939e-50
8.574409849352695119e+02 8.387961743316497547e-50
8.633904519421778332e+02 8.472819904835783708e-50
8.693812001081250855e+02 8.559437305841627499e-50
8.754135158678624293e+02 8.647854702376773754e-50
8.814876876436027260e+02 8.738113904210582136e-50
8.876040058588170041e+02 8.830257806733325011e-50
8.937627629521176686e+02 8.924330426713462693e-50
8.999642533912381168e+02 9.020376946687320339e-50
9.062087736871186507e+02 9.118443783321898079e-50
9.124966224080760639e+02 9.218578740335138393e-50
9.188281001940850956e+02 9.320831570770160791e-50
9.252035097711509479e+02 9.425257927976056240e-50
9.316231559657798016e+02 9.532056677771522453e-50
9.380873457195606306e+02 9.640855011329569274e-50
9.445963881038330783e+02 9.752021323470259130e-50
9.511505943344717480e+02 9.865624308934627270e-50
9.577502777867638315e+02 9.981668770492788997e-50
9.643957540103887141e+02 1.010020973209200431e-49
9.710873407445130852e+02 1.022130653663284618e-49
9.778253579329743843e+02 1.034502060221428029e-49
9.846101277395855504e+02 1.047141511791301898e-49
9.914419745635356094e+02 1.060055500700731282e-49
9.983212250548965585e+02 1.073250694952284295e-49
1.005248208130249395e+03 1.086733942277613283e-49
1.012223254988401777e+03 1.100512274912376083e-49
1.019246699126230965e+03 1.114592914754290519e-49
1.026318876354625900e+03 1.128983278785096369e-49
1.033440124814540923e+03 1.143690984712750697e-49
1.040610784993169545e+03 1.158723856820280722e-49
1.047831199740216334e+03 1.174089932021123898e-49
1.055101714284297032e+03 1.189797466132114373e-49
1.062422676249441338e+03 1.205854940389867822e-49
1.069794435671710517e+03 1.222271068268280796e-49
1.077217345015942101e+03 1.239054802744997798e-49
1.084691759192592144e+03 1.256215344452338839e-49
1.092218035574712985e+03 1.273762152284743278e-49
1.099796534015037196e+03 1.291704963859031832e-49
1.107427616863179537e+03 1.310053879237952615e-49
1.115111648982969200e+03 1.328820498337431725e-49
1.122848997769886864e+03 1.348029357108882622e-49
1.130640033168638411e+03 1.367639817203493098e-49
1.138485127690839818e+03 1.387717184811680367e-49
1.146384656432824158e+03 1.408255096749181483e-49
1.154338997093584794e+03 1.429264998158409390e-49
1.162348529992823842e+03 1.450758936785024330e-49
1.170413638089145707e+03 1.472749336908376883e-49
1.178534706998363845e+03 1.495248982023325721e-49
1.186712125011933040e+03 1.518271019723673834e-49
1.194946283115524921e+03 1.541828971094919782e-49
1.203237575007711939e+03 1.565936741562373356e-49
1.211586397118798914e+03 1.590608632473312232e-49
1.219993148629774851e+03 1.615859353210352025e-49
1.228458231491394827e+03 1.641704033777995484e-49
1.236982050443406933e+03 1.668158237856609743e-49
1.245565013033894047e+03 1.695237976348513468e-49
1.254207529638769074e+03 1.722959721479746517e-49
1.262910013481392070e+03 1.751340421630382486e-49
1.271672880652324011e+03 1.780397517449558898e-49
1.280496550129229490e+03 1.810148961617297479e-49
1.289381443796900385e+03 1.840613256867934429e-49
1.298327986467434812e+03 1.871809697280669877e-49
1.307336605900545919e+03 1.904166477335860986e-49
1.316407732824009827e+03 1.936475939405376471e-49
1.325541800954269320e+03 1.969986529764754883e-49
1.334739247017160324e+03 2.004311057780602247e-49
1.344000510768802087e+03 2.039471145646330574e-49
1.353326035016620381e+03 2.075489366139778579e-49
1.362716265640513711e+03 2.112388992983113791e-49
1.372171651614182565e+03 2.150193998889212934e-49
1.381692645026584842e+03 2.188929073690001261e-49
1.391279701103562729e+03 2.228619646496775566e-49
1.400933278229597590e+03 2.269291909483543428e-49
1.410653837969735150e+03 2.310972842789111650e-49
1.420441845091651885e+03 2.353690240429368254e-49
1.430297767587870794e+03 2.397472737227579368e-49
1.440222076698148840e+03 2.442349836848950367e-49
1.450215246931995580e+03 2.488351941178545880e-49
1.460277756091372339e+03 2.535510381925592638e-49
1.470410085293531665e+03 2.583857459096594967e-49
1.480612718994017087e+03 2.633426530277969620e-49
1.490886145009836582e+03 2.684254512478692490e-49
1.501230854542774523e+03 2.736368881189542055e-49
1.511647342202888012e+03 2.789812923392169301e-49
1.522136106032151247e+03 2.844623130853071674e-49
1.532697647528263133e+03 2.900837737806819557e-49
1.543332471668637027e+03 2.958496673435562684e-49
1.554041086934531677e+03 3.017641150049623764e-49
1.564824005335374977e+03 3.078313681307324569e-49
1.575681742433239378e+03 3.140558123256206215e-49
1.586614817367487831e+03 3.204419720100513310e-49
1.597623752879606627e+03 3.269945152448880902e-49
1.608709075338185585e+03 3.337182587657026640e-49
1.619871314764097406e+03 3.406181732266517340e-49
1.631111004855834835e+03 3.476993886710408275e-49
1.642428683015021534e+03 3.549672002876784744e-49
1.653824890372120990e+03 3.624270747418028018e-49
1.665300171812294138e+03 3.700846597101563488e-49
1.676855076001464113e+03 3.779459249110585935e-49
1.688490155412545391e+03 3.860164580174797148e-49
1.700205966351852794e+03 3.943028271069700231e-49
1.712003068985712616e+03 4.028114114529601487e-49
1.723882027367231785e+03 4.115488033167622748e-49
1.735843409463279386e+03 4.205218474006157625e-49
1.747887787181637350e+03 4.297376175241859605e-49
1.760015736398339186e+03 4.392034233211694057e-49
1.772227836985217436e+03 4.489268186716196790e-49
1.784524672837614617e+03 4.589156106793708855e-49
1.796906831902312661e+03 4.691778690586061583e-49
1.809374906205639945e+03 4.797219359203394419e-49
1.821929491881772037e+03 4.905564359918201118e-49
1.834571189201246852e+03 5.016902874085039215e-49
1.847300602599651029e+03 5.131327141118038373e-49
1.860118340706532763e+03 5.248932855969356669e-49
1.873025016374496317e+03 5.369818313209542611e-49
1.886021246708498438e+03 5.494084396586673747e-49
1.899107653095367823e+03 5.621838577832897931e-49
1.912284861233499214e+03 5.753189389206195955e-49
1.925553501162784187e+03 5.888249834135041429e-49
1.938914207294728385e+03 6.027136880926954320e-49
1.952367618442779758e+03 6.169971593087168427e-49
1.965914377852884854e+03 6.316879281756472648e-49
1.979555133234229061e+03 6.467989665839373539e-49
1.993290536790218994e+03 6.623437038408902597e-49
2.007121245249660660e+03 6.783360439452121578e-49
2.021047919898152713e+03 6.947903836375500726e-49
2.035071226609719133e+03 7.117216325908360649e-49
2.049191835878630627e+03 7.291453033867394953e-49
2.063410422851475687e+03 7.470771553172312508e-49
2.077727667359437419e+03 7.655339357896713648e-49
2.092144253950789789e+03 7.845327670877281776e-49
2.106660871923644208e+03 8.040913889975390918e-49
2.121278215358888247e+03 8.242281909782896608e-49
2.135996983153388101e+03 8.449622187125424533e-49
2.150817879053397064e+03 8.663131957430879464e-49
2.165741611688199100e+03 8.883015460832409145e-49
2.180768894604002526e+03 9.109484171056515429e-49
2.195900446298042880e+03 9.342757025486048224e-49
2.211136990252948181e+03 9.583060657473165852e-49
2.226479254971327464e+03 9.830629668815953545e-49
2.241927974010592607e+03 1.008572283232892158e-48
2.257483886018050725e+03 1.034854246591295714e-48
2.273147734766199392e+03 1.061939692964082478e-48
2.288920269188307884e+03 1.089853832897694834e-48
2.304802243414216719e+03 1.118624383347545989e-48
2.320794416806388199e+03 1.148279968235721383e-48
2.336897553996231636e+03 1.178850126519066648e-48
2.353112424920640478e+03 1.210365318801112470e-48
2.369439804858825028e+03 1.242856929327940837e-48
2.385880474469372530e+03 1.276357262200997105e-48
2.402435219827564197e+03 1.310899531182289154e-48
2.419104832462978266e+03 1.346517862819967308e-48
2.435890109397314973e+03 1.383247154039080037e-48
2.452791853182522573e+03 1.421123199679475055e-48
2.469810871939159824e+03 1.460182574389822875e-48
2.486947979395030870e+03 1.500462476029646988e-48
2.504203994924105700e+03 1.542000710145634410e-48
2.521579743585678898e+03 1.584835550372645213e-48
2.539076056163837620e+03 1.629005587774200289e-48
2.556693769207162859e+03 1.674549546318941654e-48
2.574433725068745844e+03 1.721506057917097189e-48
2.592296771946456374e+03 1.769913391123429520e-48
2.610283763923487186e+03 1.819809299143120062e-48
2.628395561009212088e+03 1.871229706779867770e-48
2.646633029180280118e+03 1.924210083112822151e-48
2.664997040422043483e+03 1.978783052114868393e-48
2.683488472770237877e+03 2.034978607928149953e-48
2.702108210352957030e+03 2.092823163763916610e-48
2.720857143432946032e+03 2.152338611145965567e-48
2.739736168450142941e+03 2.213541216774023912e-48
2.758746188064561011e+03 2.276440326180550415e-48
2.777888111199438299e+03 2.341036845100204618e-48
2.797162853084688322e+03 2.407321736593898848e-48
2.816571335300678584e+03 2.475272531356145923e-48
2.836114485822271490e+03 2.544853757032334731e-48
2.855793239063214060e+03 2.616011306556009654e-48
2.875608535920806389e+03 2.688670593909781412e-48
2.895561323820878897e+03 2.762732565678292805e-48
2.915652556763111988e+03 2.838069429091138002e-48
2.935883195366627206e+03 2.914519788903389609e-48
2.956254206915937175e+03 2.991883143030513684e-48
2.976766565407184771e+03 3.069913721659959015e-48
2.997421251594703790e+03 3.148313489797703845e-48
3.018219253037934777e+03 3.226724771766572815e-48
3.039161564148614616e+03 3.304721945010026091e-48
3.060249186238348102e+03 3.381802676869024646e-48
3.081483127566470557e+03 3.457378930686043671e-48
3.102864403388249684e+03 3.530767867994160181e-48
3.124394036003446672e+03 3.601183176468307529e-48
3.146073054805171523e+03 3.667727421876290064e-48
3.167902496329123551e+03 3.729386374720283174e-48
3.189883404303140651e+03 3.785025364992964880e-48
3.212016829697095091e+03 3.833391995772715644e-48
3.234303830773163099e+03 3.873121701031955214e-48
3.256745473136400960e+03 3.902752866328925152e-48
3.279342829785714002e+03 3.920750424273308332e-48
3.302096981165152101e+03 3.925540561005941142e-48
3.325009015215558520e+03 3.915557807784037133e-48
3.348080027426610741e+03 3.889305213890825868e-48
3.371311120889170525e+03 3.845426981706771790e-48
3.394703406348052340e+03 3.782792082350035283e-48
3.418258002255118754e+03 3.700584264378101613e-48
3.441976034822747806e+03 3.598392921258184308e-48
3.465858638077703290e+03 3.476296927893327871e-48
3.489906953915329723e+03 3.334932043097964315e-48
3.514122132154172050e+03 3.175532473520644758e-48
3.538505330590944141e+03 2.999938334843987722e-48
3.563057715055871995e+03 2.810562863544780342e-48
3.587780459468463505e+03 2.610319819464706898e-48
3.612674745893606541e+03 2.402511691883398247e-48
3.637741764598112240e+03 2.190690196816191237e-48
3.662982714107614811e+03 1.978499820462864816e-48
3.688398801263864698e+03 1.769519346321616230e-48
3.713991241282458759e+03 1.567115552633518180e-48
3.739761257810910138e+03 1.374320943660321209e-48
3.765710082987183341e+03 1.193743479091058896e-48
3.791838957498594937e+03 1.027512252731955428e-48
3.818149130641120337e+03 8.772573712134330065e-49
3.844641860379156242e+03 7.441208746298050386e-49
3.871318413405634146e+03 6.287915844223164730e-49
3.898180065202614060e+03 5.315567891718354552e-49
3.925228100102254302e+03 4.523635824246067913e-49
3.952463811348209674e+03 3.908835317830623746e-49
3.979888501157492556e+03 3.465762366605163517e-49
4.007503480782701899e+03 3.187474985324892905e-49
4.035310070574748806e+03 3.066009284588153327e-49
4.063309600045972275e+03 3.092814429062278460e-49
4.091503407933694234e+03 3.259107158964090209e-49
4.119892842264259343e+03 3.556149429808351066e-49
4.148479260417452679e+03 3.975458837186024792e-49
4.177264029191431291e+03 4.508958641288563895e-49
4.206248524868058666e+03 5.149079757237393339e-49
4.235434133278700756e+03 5.888823277914625144e-49
4.264822249870511769e+03 6.721792165646685439e-49
4.294414279773124690e+03 7.642199931877087294e-49
4.324211637865858393e+03 8.644860436622706718e-49
4.354215748845361304e+03 9.725170390096567207e-49
4.384428047293712552e+03 1.087907740033463159e-48
4.414849977747045159e+03 1.210304799906179497e-48
4.445482994764578507e+03 1.339403114336021633e-48
4.476328562998200141e+03 1.474942725466292637e-48
4.507388157262457753e+03 1.616702116070695277e-48
4.538663262605111413e+03 1.764500755519313458e-48
4.570155374378115084e+03 1.918189644741886544e-48
4.601865998309110182e+03 2.077651205758619409e-48
4.633796650573441184e+03 2.242795743814106894e-48
4.665948857866618710e+03 2.413558763580695962e-48
4.698324157477344670e+03 2.589898403102145881e-48
4.730924097361000349e+03 2.771793360363933179e-48
4.763750236213644712e+03 2.959240644974696369e-48
4.796804143546572959e+03 3.152253799350027587e-48
4.830087399761322558e+03 3.350861174884565296e-48
4.863601596225267713e+03 3.555104371059089079e-48
4.897348335347696775e+03 3.765036819825518979e-48
4.931329230656409891e+03 3.980722473125632243e-48
4.965545906874899629e+03 4.202234589517227851e-48
4.999999999999999091e+03 4.429654608100221247e-48
