5.000000000000000888e+00 2.095214289359491400e-46
5.034693157380139006e+00 1.960648943251323316e-46
5.069627037794075974e+00 1.836916643807777042e-46
5.104803311530234922e+00 1.722940962798158007e-46
5.140223660466546995e+00 1.617769071007001192e-46
5.175889778150882137e+00 1.520556325984261787e-46
5.211803369882009207e+00 1.430552881024257322e-46
5.247966152791137873e+00 1.347092026184909740e-46
5.284379855924021818e+00 1.269580049315661723e-46
5.321046220323622400e+00 1.197487391850601879e-46
5.357966999113356721e+00 1.130340941558307638e-46
5.395143957580921246e+00 1.067717309215426712e-46
5.432578873262690955e+00 1.009236957211325639e-46
5.470273536028714467e+00 9.545590611216881011e-47
5.508229748168283813e+00 9.033770257216829093e-47
5.546449324476114384e+00 8.554145503959112268e-47
5.584934092339116418e+00 8.104221908710271749e-47
5.623685891823758887e+00 7.681743323584993287e-47
5.662706575764059558e+00 7.284665440998831488e-47
5.701998009850164806e+00 6.911132493113481475e-47
5.741562072717556475e+00 6.559456763071773404e-47
5.781400656036880470e+00 6.228100553173093444e-47
5.821515664604382856e+00 5.915660318968514751e-47
5.861909016432995223e+00 5.620852632955775505e-47
5.902582642844026672e+00 5.339510609027383526e-47
5.943538488559517496e+00 5.071062987206003786e-47
5.984778511795218137e+00 4.817680266923182267e-47
6.026304684354212071e+00 4.578386685166445111e-47
6.068118991721204836e+00 4.352282549883175649e-47
6.110223433157442763e+00 4.138537086628152123e-47
6.152620021796308514e+00 3.936382027739546338e-47
6.195310784739581855e+00 3.745105950941839257e-47
6.238297763154347919e+00 3.564049153684676838e-47
6.281583012370603569e+00 3.392599121718848126e-47
6.325168601979518357e+00 3.230186421661295590e-47
6.369056615932393584e+00 3.076281043964443753e-47
6.413249152640303485e+00 2.930389083136880380e-47
6.457748325074419427e+00 2.792049795989426443e-47
6.502556260867045523e+00 2.660832900832444911e-47
6.547675102413337278e+00 2.536336163079583316e-47
6.593107006973743189e+00 2.418183218312841013e-47
6.638854146777149801e+00 2.306021559495525324e-47
6.684918709124731961e+00 2.197932424663668692e-47
6.731302896494550936e+00 2.095290980269413546e-47
6.778008926646843513e+00 1.997839735699413566e-47
6.825039032730071398e+00 1.905296839016471191e-47
6.872395463387687364e+00 1.817397265829818676e-47
6.920080482865659022e+00 1.733891656984019354e-47
6.968096371120712895e+00 1.654545270651852265e-47
7.016445423929364544e+00 1.579136993744230182e-47
7.065129952997670770e+00 1.507458438236329747e-47
7.114152286071764308e+00 1.439313124843956010e-47
7.163514767049155907e+00 1.374515713373844183e-47
7.213219756090789581e+00 1.312891289873808466e-47
7.263269629733905219e+00 1.254274732519748943e-47
7.313666781005652595e+00 1.198510087118357897e-47
7.364413619537513611e+00 1.145450016955033771e-47
7.415512571680523024e+00 1.094955277237709740e-47
7.466966080621261881e+00 1.046894231510031149e-47
7.518776606498691173e+00 1.001142402598202839e-47
7.570946626521762646e+00 9.575820453432087707e-48
7.623478635087869826e+00 9.161017615933383155e-48
7.676375143902114395e+00 8.765961325810222145e-48
7.729638682097387914e+00 8.389653668133660811e-48
7.783271796355308858e+00 8.031149903101288176e-48
7.837277051027977670e+00 7.689555411980427800e-48
7.891657028260587126e+00 7.364022841674238748e-48
7.946414328114890679e+00 7.053749539168952316e-48
8.001551568693503924e+00 6.757975001511892864e-48
8.057071386265098667e+00 6.475978564720875796e-48
8.112976435390438112e+00 6.207077219427352393e-48
8.169269389049306440e+00 5.950623537179437763e-48
8.225952938768314127e+00 5.706003715284182668e-48
8.283029794749570129e+00 5.472635773045080253e-48
8.340502686000293764e+00 5.249967790072372084e-48
8.398374360463268573e+00 5.037476333101081266e-48
8.456647585148241220e+00 4.834664890343067841e-48
8.515325146264222766e+00 4.641062410086593101e-48
8.574409849352699453e+00 4.456221977616244046e-48
8.633904519421777835e+00 4.279719498495585897e-48
8.693812001081255403e+00 4.111152496477047421e-48
8.754135158678622020e+00 3.950138956902977753e-48
8.814876876436029463e+00 3.796316244795678365e-48
8.876040058588174020e+00 3.649340098234266944e-48
8.937627629521175621e+00 3.508883613080100624e-48
8.999642533912386000e+00 3.374636374874481375e-48
9.062087736871186294e+00 3.246303576009579338e-48
9.124966224080763411e+00 3.123605190285045281e-48
9.188281001940856285e+00 3.006275210549277280e-48
9.252035097711509337e+00 2.894060900961844709e-48
9.316231559657802919e+00 2.786722129625741300e-48
9.380873457195605170e+00 2.684030690048928333e-48
9.445963881038332843e+00 2.585769689871451782e-48
9.511505943344722880e+00 2.491732965011341088e-48
9.577502777867637818e+00 2.401724519582115671e-48
9.643957540103892612e+00 2.315558011696489502e-48
9.710873407445131278e+00 2.233056245432305321e-48
9.778253579329746259e+00 2.154050702511236740e-48
9.846101277395861828e+00 2.078381100915154702e-48
9.914419745635354886e+00 2.005894962309946929e-48
9.983212250548969990e+00 1.936447231542350234e-48
1.005248208130249488e+01 1.871655548742426502e-48
1.012223254988401777e+01 1.810014359395411538e-48
1.019246699126231981e+01 1.750822956586544468e-48
1.026318876354625864e+01 1.693975686102362021e-48
1.033440124814541505e+01 1.639371770756697687e-48
1.040610784993169524e+01 1.586915064038873575e-48
1.047831199740216412e+01 1.536513835825708365e-48
1.055101714284298176e+01 1.488080550768113148e-48
1.062422676249441267e+01 1.441531662839944551e-48
1.069794435671711241e+01 1.396787426274791495e-48
1.077217345015942129e+01 1.353771712333834088e-48
1.084691759192592109e+01 1.312411833285241330e-48
1.092218035574714108e+01 1.272638374221902939e-48
1.099796534015037253e+01 1.234385041690719892e-48
1.107427616863180120e+01 1.197588514339304460e-48
1.115111648982969150e+01 1.162188293070031801e-48
1.122848997769887447e+01 1.128126579461938662e-48
1.130640033168639569e+01 1.095348135289989088e-48
1.138485127690839782e+01 1.063800169041903758e-48
1.146384656432824833e+01 1.033432219525311425e-48
1.154338997093584673e+01 1.004196042926922544e-48
1.162348529992824453e+01 9.760455134022596230e-49
1.170413638089146957e+01 9.489365177889684245e-49
1.178534706998363824e+01 9.228268688418894691e-49
1.186712125011933594e+01 8.976762096532865922e-49
1.194946283115524999e+01 8.734459330768473762e-49
1.203237575007712579e+01 8.500990965007146946e-49
1.211586397118800207e+01 8.276003503807651667e-49
1.219993148629774993e+01 8.059158595399860424e-49
1.228458231491395480e+01 7.850132360953344691e-49
1.236982050443406855e+01 7.648614758054917210e-49
1.245565013033894708e+01 7.454308902685827348e-49
1.254207529638770424e+01 7.266930498439337057e-49
1.262910013481392113e+01 7.086207268094874932e-49
1.271672880652324622e+01 6.911878402153089810e-49
1.280496550129229583e+01 6.743694031127961034e-49
1.289381443796900939e+01 6.581414769064699746e-49
1.298327986467436013e+01 6.424811208714810062e-49
1.307336605900545834e+01 6.273663496512492568e-49
1.316407732824010424e+01 6.127760892499798119e-49
1.325541800954269256e+01 5.986901385197920088e-49
1.334739247017160935e+01 5.850891296138257740e-49
1.344000510768803558e+01 5.719544898766403945e-49
1.353326035016620388e+01 5.592684098648736575e-49
1.362716265640514379e+01 5.470138070064905539e-49
1.372171651614182508e+01 5.351742963357929992e-49
1.381692645026585531e+01 5.237341583473294349e-49
1.391279701103562694e+01 5.126783112742980260e-49
1.400933278229597434e+01 5.019922816760943926e-49
1.410653837969735847e+01 4.916621814136488512e-49
1.420441845091651878e+01 4.816746790935229739e-49
1.430297767587871505e+01 4.720169786628683700e-49
1.440222076698148790e+01 4.626767946204720192e-49
1.450215246931995594e+01 4.536423327154858902e-49
1.460277756091373114e+01 4.449022667068034463e-49
1.470410085293531743e+01 4.364457195996511134e-49
1.480612718994017740e+01 4.282622447052094091e-49
1.490886145009836561e+01 4.203418072981874439e-49
1.501230854542774473e+01 4.126747676903955521e-49
1.511647342202888744e+01 4.052518642527512931e-49
1.522136106032151126e+01 3.980641986158346441e-49
1.532697647528264007e+01 3.911032187979566823e-49
1.543332471668636963e+01 3.843607065047528724e-49
1.554041086934531712e+01 3.778287629250308229e-49
1.564824005335375823e+01 3.714997949386023920e-49
1.575681742433239485e+01 3.653665031556839509e-49
1.586614817367488683e+01 3.594218698139415263e-49
1.597623752879606585e+01 3.536591472907195176e-49
1.608709075338185457e+01 3.480718464944424914e-49
1.619871314764099068e+01 3.426537274463298872e-49
1.631111004855834778e+01 3.373987882276945181e-49
1.642428683015022273e+01 3.323012558216013292e-49
1.653824890372121104e+01 3.273555769365211173e-49
1.665300171812294039e+01 3.225564085897717952e-49
1.676855076001465861e+01 3.178986105109127224e-49
1.688490155412545590e+01 3.133772364393628891e-49
1.700205966351853704e+01 3.089875265883103853e-49
1.712003068985712417e+01 3.047249001070043958e-49
1.723882027367231728e+01 3.005849483018456089e-49
1.735843409463281262e+01 2.965634272496158820e-49
1.747887787181637265e+01 2.926562518555321106e-49
1.760015736398340280e+01 2.888594893608374016e-49
1.772227836985217664e+01 2.851693530886773659e-49
1.784524672837614645e+01 2.815821972083548957e-49
1.796906831902314394e+01 2.780945107953634797e-49
1.809374906205639988e+01 2.747029128962607544e-49
1.821929491881772734e+01 2.714041471746743683e-49
1.834571189201246710e+01 2.681950773031728427e-49
1.847300602599650787e+01 2.650726820437956043e-49
1.860118340706534568e+01 2.620340511190793102e-49
1.873025016374496232e+01 2.590763804801881285e-49
1.886021246708499532e+01 2.561969687859858191e-49
1.899107653095367709e+01 2.533932129814524157e-49
1.912284861233499456e+01 2.506626046068712934e-49
1.925553501162785963e+01 2.480027264062407202e-49
1.938914207294728342e+01 2.454112484883842298e-49
1.952367618442780639e+01 2.428859253264951674e-49
1.965914377852884698e+01 2.404245923574748832e-49
1.979555133234229203e+01 2.380251628924615716e-49
1.993290536790221168e+01 2.356856251972312849e-49
2.007121245249660646e+01 2.334040397196195821e-49
2.021047919898153822e+01 2.311785362956469739e-49
2.035071226609719020e+01 2.290073114335160759e-49
2.049191835878630386e+01 2.268886260484371618e-49
2.063410422851477577e+01 2.248208027520180014e-49
2.077727667359437191e+01 2.228022237711750862e-49
2.092144253950791111e+01 2.208313285730464665e-49
2.106660871923644152e+01 2.189066118007419995e-49
2.121278215358888275e+01 2.170266211614163889e-49
2.135996983153390261e+01 2.151899554551277284e-49
2.150817879053397164e+01 2.133952626870000912e-49
2.165741611688200052e+01 2.116412382876892607e-49
2.180768894604002384e+01 2.099266231900932759e-49
2.195900446298042752e+01 2.082502024132890485e-49
2.211136990252950341e+01 2.066108031699472067e-49
2.226479254971327393e+01 2.050072934229860089e-49
2.241927974010593871e+01 2.034385804113963394e-49
2.257483886018050612e+01 2.019036092112172837e-49
2.273147734766199335e+01 2.004013611840044175e-49
2.288920269188310286e+01 1.989308529020138840e-49
2.304802243414216534e+01 1.974911346777595276e-49
2.320794416806389648e+01 1.960812893624815438e-49
2.336897553996231380e+01 1.947004312148806967e-49
2.353112424920640322e+01 1.933477047079731509e-49
2.369439804858827614e+01 1.920222834803066470e-49
2.385880474469372459e+01 1.907233691679834871e-49
2.402435219827565405e+01 1.894501905535825594e-49
2.419104832462978294e+01 1.882020024161191853e-49
2.435890109397316294e+01 1.869780847346352165e-49
2.452791853182525017e+01 1.857777417201707220e-49
2.469810871939160180e+01 1.846003008938804889e-49
2.486947979395032249e+01 1.834451123350770119e-49
2.504203994924105814e+01 1.823115478299248516e-49
2.521579743585680333e+01 1.811990000981007455e-49
2.539076056163837691e+01 1.801068820378393405e-49
2.556693769207162603e+01 1.790346260173606717e-49
2.574433725068747236e+01 1.779816831953457607e-49
2.592296771946456246e+01 1.769475228160383858e-49
2.610283763923488465e+01 1.759316315900252073e-49
2.628395561009211789e+01 1.749335130822045324e-49
2.646633029180280161e+01 1.739526870883272770e-49
2.664997040422045060e+01 1.729886891123893666e-49
2.683488472770237721e+01 1.720410697221704770e-49
2.702108210352958650e+01 1.711093941229525512e-49
2.720857143432946046e+01 1.701932415812188457e-49
2.739736168450142983e+01 1.692922049500645440e-49
2.758746188064564109e+01 1.684058901763900079e-49
2.777888111199438370e+01 1.675339158752653527e-49
2.797162853084689971e+01 1.666759128468628284e-49
2.816571335300678314e+01 1.658315236951275047e-49
2.836114485822271192e+01 1.650004023815237215e-49
2.855793239063217115e+01 1.641822138541428464e-49
2.875608535920806474e+01 1.633766336551303155e-49
2.895561323820880162e+01 1.625833475521838999e-49
2.915652556763112102e+01 1.618020512011752346e-49
2.935883195366627163e+01 1.610324497922834135e-49
2.956254206915940230e+01 1.602742577234364140e-49
2.976766565407184473e+01 1.595271982865515205e-49
2.997421251594705538e+01 1.587910033579411118e-49
3.018219253037934635e+01 1.580654131173955953e-49
3.039161564148614758e+01 1.573501757487467363e-49
3.060249186238350916e+01 1.566450471903873209e-49
3.081483127566470870e+01 1.559497908250444820e-49
3.102864403388251446e+01 1.552641772897614813e-49
3.124394036003446828e+01 1.545879841837584390e-49
3.146073054805171409e+01 1.539209958519844378e-49
3.167902496329126549e+01 1.532630031555397060e-49
3.189883404303140679e+01 1.526138032326649228e-49
3.212016829697096654e+01 1.519731993351471520e-49
3.234303830773163213e+01 1.513410005716645213e-49
3.256745473136400904e+01 1.507170217417375333e-49
3.279342829785717583e+01 1.501010831342675675e-49
3.302096981165151846e+01 1.494930103586014054e-49
3.325009015215560737e+01 1.488926341409451381e-49
3.348080027426610883e+01 1.482997901829286525e-49
3.371311120889170354e+01 1.477143189813337217e-49
3.394703406348055807e+01 1.471360656745968984e-49
3.418258002255118555e+01 1.465648798845885922e-49
3.441976034822749142e+01 1.460006155775432062e-49
3.465858638077703091e+01 1.454431309149274283e-49
3.489906953915329524e+01 1.448922881177748330e-49
3.514122132154175659e+01 1.443479533335431893e-49
3.538505330590944453e+01 1.438099965134208248e-49
3.563057715055874297e+01 1.432782912795111130e-49
3.587780459468464045e+01 1.427527148121094298e-49
3.612674745893606598e+01 1.422331477357489535e-49
3.637741764598116134e+01 1.417194740005311931e-49
3.662982714107614868e+01 1.412115807829452008e-49
3.688398801263866744e+01 1.407093583785525017e-49
3.713991241282458589e+01 1.402127001007780534e-49
3.739761257810909711e+01 1.397215021903835477e-49
3.765710082987187235e+01 1.392356637128087203e-49
3.791838957498595164e+01 1.387550864774605060e-49
3.818149130641122468e+01 1.382796749462345429e-49
3.844641860379156384e+01 1.378093361463212297e-49
3.871318413405634118e+01 1.373439795991250004e-49
3.898180065202618039e+01 1.368835172306379396e-49
3.925228100102253848e+01 1.364278633040071792e-49
3.952463811348211919e+01 1.359769343432912434e-49
3.979888501157492442e+01 1.355306490615566283e-49
4.007503480782702354e+01 1.350889282956530320e-49
4.035310070574752928e+01 1.346516949384199385e-49
4.063309600045972303e+01 1.342188738768030911e-49
4.091503407933696224e+01 1.337903919273749535e-49
4.119892842264259514e+01 1.333661777808946097e-49
4.148479260417452963e+01 1.329461619413234300e-49
4.177264029191434958e+01 1.325302766722139686e-49
4.206248524868058780e+01 1.321184559432016419e-49
4.235434133278702973e+01 1.317106353773628204e-49
4.264822249870512394e+01 1.313067522020699099e-49
4.294414279773126708e+01 1.309067451998509909e-49
4.324211637865862912e+01 1.305105546609311608e-49
4.354215748845361134e+01 1.301181223404005349e-49
4.384428047293715025e+01 1.297293914117980117e-49
4.414849977747045529e+01 1.293443064264703004e-49
4.445482994764580553e+01 1.289628132724893846e-49
4.476328562998200056e+01 1.285848591345937230e-49
4.507388157262457895e+01 1.282103924560666591e-49
4.538663262605113857e+01 1.278393629022994779e-49
4.570155374378115454e+01 1.274717213247145351e-49
4.601865998309111916e+01 1.271074197255892103e-49
4.633796650573440701e+01 1.267464112268507565e-49
4.665948857866618482e+01 1.263886500338805439e-49
4.698324157477347285e+01 1.260340914082493792e-49
4.730924097361000236e+01 1.256826916349094643e-49
4.763750236213646616e+01 1.253344079936970775e-49
4.796804143546572874e+01 1.249891987315140160e-49
4.830087399761322331e+01 1.246470230337630481e-49
4.863601596225270640e+01 1.243078409986648143e-49
4.897348335347697201e+01 1.239716136114038272e-49
4.931329230656412221e+01 1.236383027198920985e-49
4.965545906874899629e+01 1.233078710091788304e-49
4.999999999999999289e+01 1.229802819800771845e-49
5.034693157380139894e+01 1.226554999248413847e-49
5.069627037794075619e+01 1.223334899071562516e-49
5.104803311530231724e+01 1.220142177395103849e-49
5.140223660466548239e+01 1.216976499638692459e-49
5.175889778150880716e+01 1.213837538315881574e-49
5.211803369882010628e+01 1.210724972833561833e-49
5.247966152791137517e+01 1.207638489327053468e-49
5.284379855924019154e+01 1.204577780458198065e-49
5.321046220323622578e+01 1.201542545258771137e-49
5.357966999113354944e+01 1.198532488951041156e-49
5.395143957580922489e+01 1.195547322794916363e-49
5.432578873262691133e+01 1.192586763917232303e-49
5.470273536028711447e+01 1.189650535175107766e-49
5.508229748168283635e+01 1.186738364990933844e-49
5.546449324476112963e+01 1.183849987224497690e-49
5.584934092339118195e+01 1.180985141024433288e-49
5.623685891823758709e+01 1.178143570692629874e-49
5.662706575764056538e+01 1.175325025565176694e-49
5.701998009850164806e+01 1.172529259872562992e-49
5.741562072717555054e+01 1.169756032626075884e-49
5.781400656036881713e+01 1.167005107496289759e-49
5.821515664604383034e+01 1.164276252698981964e-49
5.861909016432991848e+01 1.161569240881872527e-49
5.902582642844026850e+01 1.158883849020487402e-49
5.943538488559515542e+01 1.156219858311826151e-49
5.984778511795219202e+01 1.153577054069765039e-49
6.026304684354212071e+01 1.150955225633148673e-49
6.068118991721201638e+01 1.148354166266764525e-49
6.110223433157442230e+01 1.145773673069752671e-49
6.152620021796307270e+01 1.143213546885215585e-49
6.195310784739583454e+01 1.140673592215694864e-49
6.238297763154347564e+01 1.138153617139316623e-49
6.281583012370606411e+01 1.135653433225765790e-49
6.325168601979518002e+01 1.133172855458892483e-49
6.369056615932391452e+01 1.130711702160521467e-49
6.413249152640305795e+01 1.128269794916291395e-49
6.457748325074419427e+01 1.125846958502328515e-49
6.502556260867048366e+01 1.123443020817319743e-49
6.547675102413337811e+01 1.121057812813860089e-49
6.593107006973741591e+01 1.118691168431735092e-49
6.638854146777151755e+01 1.116342924538257885e-49
6.684918709124731606e+01 1.114012920861103247e-49
6.731302896494554489e+01 1.111700999933663081e-49
6.778008926646843690e+01 1.109407007032984521e-49
6.825039032730067845e+01 1.107130790126639194e-49
6.872395463387690029e+01 1.104872199816657587e-49
6.920080482865657245e+01 1.102631089286754202e-49
6.968096371120716981e+01 1.100407314250542719e-49
7.016445423929364722e+01 1.098200732903230902e-49
7.065129952997666862e+01 1.096011205872958282e-49
7.114152286071765730e+01 1.093838596172202971e-49
7.163514767049153420e+01 1.091682769155436938e-49
7.213219756090792600e+01 1.089543592473220253e-49
7.263269629733905219e+01 1.087420936029497243e-49
7.313666781005647977e+01 1.085314671940835056e-49
7.364413619537515387e+01 1.083224674496983634e-49
7.415512571680521603e+01 1.081150820120297728e-49
7.466966080621266144e+01 1.079092987329343051e-49
7.518776606498691706e+01 1.077051056702030873e-49
7.570946626521758560e+01 1.075024910840165940e-49
7.623478635087872135e+01 1.073014434334500315e-49
7.676375143902112086e+01 1.071019513733129279e-49
7.729638682097392177e+01 1.069040037506990899e-49
7.783271796355309391e+01 1.067075896020171482e-49
7.837277051027973584e+01 1.065126981499307064e-49
7.891657028260588902e+01 1.063193188003424532e-49
7.946414328114889258e+01 1.061274411396409230e-49
8.001551568693507477e+01 1.059370549319050194e-49
8.057071386265099022e+01 1.057481501162330260e-49
8.112976435390434915e+01 1.055607168041488733e-49
8.169269389049308927e+01 1.053747452771030567e-49
8.225952938768311640e+01 1.051902259840783679e-49
8.283029794749575103e+01 1.050071495391629218e-49
8.340502686000294830e+01 1.048255067193469766e-49
8.398374360463265020e+01 1.046452884622853789e-49
8.456647585148242285e+01 1.044664858642048734e-49
8.515325146264220280e+01 1.042890901778120777e-49
8.574409849352703361e+01 1.041130928103103708e-49
8.633904519421778900e+01 1.039384853214608603e-49
8.693812001081251140e+01 1.037652594217729447e-49
8.754135158678624862e+01 1.035934069706538364e-49
8.814876876436026976e+01 1.034229199746914781e-49
8.876040058588178283e+01 1.032537905859830003e-49
8.937627629521176686e+01 1.030860111005199614e-49
8.999642533912381737e+01 1.029195739566151987e-49
9.062087736871187360e+01 1.027544717334170753e-49
9.124966224080760924e+01 1.025906971494440486e-49
9.188281001940860904e+01 1.024282430611847574e-49
9.252035097711508627e+01 1.022671024618011177e-49
9.316231559657798300e+01 1.021072684797795525e-49
9.380873457195606591e+01 1.019487343777181807e-49
9.445963881038331067e+01 1.017914935511413520e-49
9.511505943344727143e+01 1.016355395273457267e-49
9.577502777867637462e+01 1.014808659642957891e-49
9.643957540103887993e+01 1.013274666496098538e-49
9.710873407445130567e+01 1.011753354995197316e-49
9.778253579329744127e+01 1.010244665579238120e-49
9.846101277395865736e+01 1.008748539955020008e-49
9.914419745635355241e+01 1.007264921088222438e-49
9.983212250548965017e+01 1.005793753195170144e-49
1.005248208130249452e+02 1.004334981734979539e-49
1.012223254988401777e+02 1.002888553402457935e-49
1.019246699126232016e+02 1.001454416120751878e-49
1.026318876354625900e+02 1.000032519035087295e-49
1.033440124814540866e+02 9.986228125064752594e-50
1.040610784993169489e+02 9.972252481060860562e-50
1.047831199740216306e+02 9.958397786099814238e-50
1.055101714284298140e+02 9.944663579940199899e-50
1.062422676249441338e+02 9.931049414295742010e-50
1.069794435671710602e+02 9.917554852794451397e-50
1.077217345015942129e+02 9.904179470941634309e-50
1.084691759192592002e+02 9.890922856087727134e-50
1.092218035574714037e+02 9.877784607401359373e-50
1.099796534015037253e+02 9.864764335844997505e-50
1.107427616863179480e+02 9.851861664154303528e-50
1.115111648982969115e+02 9.839076226827121994e-50
1.122848997769886807e+02 9.826407670109362000e-50
1.130640033168639604e+02 9.813855651992760034e-50
1.138485127690839818e+02 9.801419842212783355e-50
1.146384656432825437e+02 9.789099922254978725e-50
1.154338997093584709e+02 9.776895585362141564e-50
1.162348529992823813e+02 9.764806536552222696e-50
1.170413638089146957e+02 9.752832492639676278e-50
1.178534706998363788e+02 9.740973182263526805e-50
1.186712125011934233e+02 9.729228345918303765e-50
1.194946283115525034e+02 9.717597735999890043e-50
1.203237575007711939e+02 9.706081116849492094e-50
1.211586397118800136e+02 9.694678264812782141e-50
1.219993148629774993e+02 9.683388968307823762e-50
1.228458231491396191e+02 9.672213027894989664e-50
1.236982050443406962e+02 9.661150256363409323e-50
1.245565013033894104e+02 9.650200478832043610e-50
1.254207529638770353e+02 9.639363532853458054e-50
1.262910013481392184e+02 9.628639268539743560e-50
1.271672880652325262e+02 9.618027548703231235e-50
1.280496550129229547e+02 9.607528249007606745e-50
1.289381443796900157e+02 9.597141258150065695e-50
1.298327986467436119e+02 9.586866478054115433e-50
1.307336605900545976e+02 9.576703824096359593e-50
1.316407732824011134e+02 9.566653225357672957e-50
1.325541800954269434e+02 9.556714624906011743e-50
1.334739247017160153e+02 9.546887980122514192e-50
1.344000510768803451e+02 9.537173263064354703e-50
1.353326035016620494e+02 9.527570460883910470e-50
1.362716265640515019e+02 9.518079576303359460e-50
1.372171651614182508e+02 9.508700628157758517e-50
1.381692645026584785e+02 9.499433652023665143e-50
1.391279701103562729e+02 9.490278700937498081e-50
1.400933278229597363e+02 9.481235846230590846e-50
1.410653837969736628e+02 9.472305178498132742e-50
1.420441845091651771e+02 9.463486808727781668e-50
1.430297767587870794e+02 9.454780869627157774e-50
1.440222076698148612e+02 9.446187517177924166e-50
1.450215246931995523e+02 9.437706932481656907e-50
1.460277756091373931e+02 9.429339323947399731e-50
1.470410085293531779e+02 9.421084929911603230e-50
1.480612718994017030e+02 9.412944021780620329e-50
1.490886145009836525e+02 9.404916907829983596e-50
1.501230854542774296e+02 9.397003937823693190e-50
1.511647342202889490e+02 9.389205508668709712e-50
1.522136106032151304e+02 9.381522071374553964e-50
1.532697647528263190e+02 9.373954139694807248e-50
1.543332471668637140e+02 9.366502300925681813e-50
1.554041086934531677e+02 9.359167229517529793e-50
1.564824005335376569e+02 9.351949704371777607e-50
1.575681742433239378e+02 9.344850631027863139e-50
1.586614817367487831e+02 9.337871070408736882e-50
1.597623752879606513e+02 9.331012276435891832e-50
1.608709075338185528e+02 9.324275745842036988e-50
1.619871314764099282e+02 9.317663284936787175e-50
1.631111004855834778e+02 9.311177100296359833e-50
1.642428683015021704e+02 9.304819923788397776e-50
1.653824890372121104e+02 9.298595187697279903e-50
1.665300171812293968e+02 9.292507274426810060e-50
1.676855076001465932e+02 9.286561879610085737e-50
1.688490155412545448e+02 9.280766551830836381e-50
1.700205966351852851e+02 9.275131514919001887e-50
1.712003068985712559e+02 9.269670956228217121e-50
1.723882027367231728e+02 9.264405110449179982e-50
1.735843409463281262e+02 9.259363756713730748e-50
1.747887787181637407e+02 9.254592345548697421e-50
1.760015736398339357e+02 9.250163294614485704e-50
1.772227836985217664e+02 9.246198132068827457e-50
1.784524672837614503e+02 9.242914309350003718e-50
1.796906831902314536e+02 9.240734072179066218e-50
1.809374906205640059e+02 9.240571332352625645e-50
1.821929491881772094e+02 9.244729276887405316e-50
1.834571189201246852e+02 9.260525955707548131e-50
1.847300602599650858e+02 9.322925550902068230e-50
1.860118340706534639e+02 9.897001276528237999e-50
1.873025016374496374e+02 1.164498861055705621e-49
1.886021246708498609e+02 9.354295572509169594e-50
1.899107653095367994e+02 9.244617079374136997e-50
1.912284861233499385e+02 9.214857492047576852e-50
1.925553501162786176e+02 9.201107791049899966e-50
1.938914207294728271e+02 9.192652483298715033e-50
1.952367618442779644e+02 9.186488616818158620e-50
1.965914377852884911e+02 9.181512729139637463e-50
1.979555133234229061e+02 9.177243643119312715e-50
1.993290536790221097e+02 9.173445079051397387e-50
2.007121245249660717e+02 9.169990440349926384e-50
2.021047919898154817e+02 9.166807241367127221e-50
2.035071226609719020e+02 9.163851779597614441e-50
2.049191835878630457e+02 9.161096617985505776e-50
2.063410422851477790e+02 9.158523980476546401e-50
2.077727667359437476e+02 9.156122074409418981e-50
2.092144253950791892e+02 9.153882947807909421e-50
2.106660871923644152e+02 9.151801191829728042e-50
2.121278215358888133e+02 9.149873128403775421e-50
2.135996983153390261e+02 9.148096286657530629e-50
2.150817879053397235e+02 9.146469056742920721e-50
2.165741611688201260e+02 9.144990455723037196e-50
2.180768894604002526e+02 9.143659966026881107e-50
2.195900446298042823e+02 9.142477421943493902e-50
2.211136990252950341e+02 9.141442928570795533e-50
2.226479254971327464e+02 9.140556803078685838e-50
2.241927974010595221e+02 9.139819531588970627e-50
2.257483886018050612e+02 9.139231737124398341e-50
2.273147734766199335e+02 9.138794155541097188e-50
2.288920269188310215e+02 9.138507617271184963e-50
2.304802243414216605e+02 9.138373033351444551e-50
2.320794416806390643e+02 9.138391384660386554e-50
2.336897553996231522e+02 9.138563713554156306e-50
2.353112424920640535e+02 9.138891117346356704e-50
2.369439804858827756e+02 9.139374743191145025e-50
2.385880474469372530e+02 9.140015784057209059e-50
2.402435219827566755e+02 9.140815475553691274e-50
2.419104832462978152e+02 9.141775093424661725e-50
2.435890109397315086e+02 9.142895951573785479e-50
2.452791853182525017e+02 9.144179400513806554e-50
2.469810871939160108e+02 9.145626826154505161e-50
2.486947979395033599e+02 9.147239648867034849e-50
2.504203994924105814e+02 9.149019322768746722e-50
2.521579743585679125e+02 9.150967335199085383e-50
2.539076056163837620e+02 9.153085206339519333e-50
2.556693769207162745e+02 9.155374488962168609e-50
2.574433725068748231e+02 9.157836768284216834e-50
2.592296771946456033e+02 9.160473661910595979e-50
2.610283763923487186e+02 9.163286819851097369e-50
2.628395561009211860e+02 9.166277924602945142e-50
2.646633029180280232e+02 9.169448691285156634e-50
2.664997040422045984e+02 9.172800867827770053e-50
2.683488472770237649e+02 9.176336235195784150e-50
2.702108210352957371e+02 9.180056607654942961e-50
2.720857143432946259e+02 9.183963833071831825e-50
2.739736168450143055e+02 9.188059793237735123e-50
2.758746188064563967e+02 9.192346404228881022e-50
2.777888111199438299e+02 9.196825616786919383e-50
2.797162853084688550e+02 9.201499416724982619e-50
2.816571335300678243e+02 9.206369825358866135e-50
2.836114485822271263e+02 9.211438899958660320e-50
2.855793239063216902e+02 9.216708734222784480e-50
2.875608535920806617e+02 9.222181458778184863e-50
2.895561323820878670e+02 9.227859241701293785e-50
2.915652556763112102e+02 9.233744289064951549e-50
2.935883195366627092e+02 9.239838845510144071e-50
2.956254206915940017e+02 9.246145194849184135e-50
2.976766565407184544e+02 9.252665660701223150e-50
2.997421251594703904e+02 9.259402607163948626e-50
3.018219253037934777e+02 9.266358439529853840e-50
3.039161564148614616e+02 9.273535605051842668e-50
3.060249186238351058e+02 9.280936593774638717e-50
3.081483127566470444e+02 9.288563939436433153e-50
3.102864403388250025e+02 9.296420220473956369e-50
3.124394036003446899e+02 9.304508061142180138e-50
3.146073054805171409e+02 9.312830132790998595e-50
3.167902496329126620e+02 9.321389155349136695e-50
3.189883404303140537e+02 9.330187899077098483e-50
3.212016829697095091e+02 9.339229186691365484e-50
3.234303830773163213e+02 9.348515895988272753e-50
3.256745473136401188e+02 9.358050963181089424e-50
3.279342829785717299e+02 9.367837387228770770e-50
3.302096981165151988e+02 9.377878235624501888e-50
3.325009015215558748e+02 9.388176652319505888e-50
3.348080027426610741e+02 9.398735868879635227e-50
3.371311120889170638e+02 9.409559220637022884e-50
3.394703406348055523e+02 9.420650170763015923e-50
3.418258002255118981e+02 9.432012347305022167e-50
3.441976034822747579e+02 9.443649602131874520e-50
3.465858638077702949e+02 9.455566108400043485e-50
3.489906953915329382e+02 9.467766528813608710e-50
3.514122132154175802e+02 9.480256321045222583e-50
3.538505330590944027e+02 9.493042326061909804e-50
3.563057715055872450e+02 9.506133986328526513e-50
3.587780459468463619e+02 9.519546106510629765e-50
3.612674745893606314e+02 9.533305884859525444e-50
3.637741764598115992e+02 9.547473894489368891e-50
3.662982714107614584e+02 9.562222886153390858e-50
3.688398801263868449e+02 9.578268819907324439e-50
3.713991241282458873e+02 9.602105711681403066e-50
3.739761257810910138e+02 1.044797476379061192e-49
3.765710082987187093e+02 9.628342401956342315e-50
3.791838957498594596e+02 9.638864927475023605e-50
3.818149130641124316e+02 9.653945464663532765e-50
3.844641860379156242e+02 9.670046350776399086e-50
3.871318413405634260e+02 9.686689691024803475e-50
3.898180065202618039e+02 9.703756584440262509e-50
3.925228100102253848e+02 9.721208542934003451e-50
3.952463811348213767e+02 9.739032015412937457e-50
3.979888501157492442e+02 9.757222940075468315e-50
4.007503480782701786e+02 9.775781429954777733e-50
4.035310070574753354e+02 9.794709653381019596e-50
4.063309600045972161e+02 9.814010890522946546e-50
4.091503407933698213e+02 9.833689076189563632e-50
4.119892842264259230e+02 9.853748562811360570e-50
4.148479260417452679e+02 9.874193990696438697e-50
4.177264029191435384e+02 9.895030213803112858e-50
4.206248524868058780e+02 9.916262255754869142e-50
4.235434133278704962e+02 9.937895283057217774e-50
4.264822249870512110e+02 9.959934588466088463e-50
4.294414279773124008e+02 9.982385580576293604e-50
4.324211637865862485e+02 1.000525377730068072e-49
4.354215748845361418e+02 1.002854480187944730e-49
4.384428047293717441e+02 1.005226438056051602e-49
4.414849977747045386e+02 1.007641834141251283e-49
4.445482994764578280e+02 1.010101261392759392e-49
4.476328562998199914e+02 1.012605322917937034e-49
4.507388157262458321e+02 1.015154632038981615e-49
4.538663262605115847e+02 1.017749812379608271e-49
4.570155374378115312e+02 1.020391497975184594e-49
4.601865998309110068e+02 1.023080333400372332e-49
4.633796650573440843e+02 1.025816973912538565e-49
4.665948857866619051e+02 1.028602085606953546e-49
4.698324157477349559e+02 1.031436345583346948e-49
4.730924097361000236e+02 1.034320442122920439e-49
4.763750236213644484e+02 1.037255074874937867e-49
4.796804143546572732e+02 1.040240955054063857e-49
4.830087399761322331e+02 1.043278805648565339e-49
4.863601596225273056e+02 1.046369361641916643e-49
4.897348335347697343e+02 1.049513370249859380e-49
4.931329230656409663e+02 1.052711591177449175e-49
4.965545906874899629e+02 1.055964796903886234e-49
4.999999999999999432e+02 1.059273773004019886e-49
5.034693157380134494e+02 1.062639318525587547e-49
5.069627037794076045e+02 1.066062246449098365e-49
5.104803311530232008e+02 1.069543384278154807e-49
5.140223660466548381e+02 1.073083574841686277e-49
5.175889778150880147e+02 1.076683677457336197e-49
5.211803369882004517e+02 1.080344569734154713e-49
5.247966152791137802e+02 1.084067150567658581e-49
5.284379855924019012e+02 1.087852345490096653e-49
5.321046220323622720e+02 1.091701116998058209e-49
5.357966999113355087e+02 1.095614486313236328e-49
5.395143957580917231e+02 1.099593584291650694e-49
5.432578873262691559e+02 1.103639787484082447e-49
5.470273536028711305e+02 1.107755154164540306e-49
5.508229748168283777e+02 1.111944257102471693e-49
5.546449324476112679e+02 1.116226549677846608e-49
5.584934092339112794e+02 1.120925659397483573e-49
5.623685891823758993e+02 1.125417994930254356e-49
5.662706575764057106e+02 1.129397005032113257e-49
5.701998009850165090e+02 1.133898121944271078e-49
5.741562072717555338e+02 1.138499257555903321e-49
5.781400656036876171e+02 1.143181507298599625e-49
5.821515664604382891e+02 1.147942334213869514e-49
5.861909016432991848e+02 1.152781814615187634e-49
5.902582642844026850e+02 1.157700711205083645e-49
5.943538488559515827e+02 1.162700030637931887e-49
5.984778511795212808e+02 1.167780889435408578e-49
6.026304684354212213e+02 1.172944465290199870e-49
6.068118991721202065e+02 1.178191977008984321e-49
6.110223433157442514e+02 1.183524675492798011e-49
6.152620021796307128e+02 1.188943839448937176e-49
6.195310784739577912e+02 1.194450773309470320e-49
6.238297763154347422e+02 1.200046806254679079e-49
6.281583012370599590e+02 1.205733291823701210e-49
6.325168601979518144e+02 1.211511607853974118e-49
6.369056615932391878e+02 1.217383156615248088e-49
6.413249152640298689e+02 1.223349365064077565e-49
6.457748325074419427e+02 1.229411685177144066e-49
6.502556260867041829e+02 1.235571594339324086e-49
6.547675102413337527e+02 1.241830595772994536e-49
6.593107006973741591e+02 1.248190219000250965e-49
6.638854146777144933e+02 1.254652020334488545e-49
6.684918709124732459e+02 1.261217583400845402e-49
6.731302896494547667e+02 1.267888519688561502e-49
6.778008926646843975e+02 1.274666469141127994e-49
6.825039032730068129e+02 1.281553100798444356e-49
6.872395463387682639e+02 1.288550113514574298e-49
6.920080482865656677e+02 1.295659236796908784e-49
6.968096371120709591e+02 1.302882231852816880e-49
7.016445423929365006e+02 1.310220893022333982e-49
7.065129952997667715e+02 1.317677049976913886e-49
7.114152286071758908e+02 1.325252571574932209e-49
7.163514767049153988e+02 1.332949373650606810e-49
7.213219756090785495e+02 1.340769437316380829e-49
7.263269629733905504e+02 1.348714860060906352e-49
7.313666781005648545e+02 1.356788034016251047e-49
7.364413619537507429e+02 1.364992516443091370e-49
7.415512571680520750e+02 1.373341121280512676e-49
7.466966080621258470e+02 1.383475562174067700e-49
7.518776606498690853e+02 1.390420199854403536e-49
7.570946626521758844e+02 1.399129644661439764e-49
7.623478635087872135e+02 1.408003205120492330e-49
7.676375143902112086e+02 1.417021812431357168e-49
7.729638682097383935e+02 1.426185549691228740e-49
7.783271796355309107e+02 1.435496244883019865e-49
7.837277051027973584e+02 1.444956110195752821e-49
7.891657028260589186e+02 1.454567502114364058e-49
7.946414328114889258e+02 1.464333281932294879e-49
8.001551568693499803e+02 1.474254654090710988e-49
8.057071386265098454e+02 1.484335460824993734e-49
8.112976435390434062e+02 1.494577873083004166e-49
8.169269389049309211e+02 1.504984539926849279e-49
8.225952938768310787e+02 1.515558161779243783e-49
8.283029794749566008e+02 1.526301490134424003e-49
8.340502686000294261e+02 1.537217328268844590e-49
8.398374360463265020e+02 1.548308532156642415e-49
8.456647585148242570e+02 1.559578011489897909e-49
8.515325146264220848e+02 1.571028730773028302e-49
8.574409849352695119e+02 1.582663710483587545e-49
8.633904519421778332e+02 1.594486028304729281e-49
8.693812001081250855e+02 1.606498820449355035e-49
8.754135158678624293e+02 1.618705283121105872e-49
8.814876876436027260e+02 1.631108674214610843e-49
8.876040058588170041e+02 1.643712315487322544e-49
8.937627629521176686e+02 1.656519595784733041e-49
8.999642533912381168e+02 1.669533976937427952e-49
9.062087736871186507e+02 1.682759007561536307e-49
9.124966224080760639e+02 1.696198365442836798e-49
9.188281001940850956e+02 1.709856039362369172e-49
9.252035097711509479e+02 1.723737667011979777e-49
9.316231559657798016e+02 1.737897357427707958e-49
9.380873457195606306e+02 1.752193763129176889e-49
9.445963881038330783e+02 1.766738211576039796e-49
9.511505943344717480e+02 1.781539086860544322e-49
9.577502777867638315e+02 1.796582713070830409e-49
9.643957540103887141e+02 1.811872088009385858e-49
9.710873407445130852e+02 1.827411233251416085e-49
9.778253579329743843e+02 1.843204416889322449e-49
9.846101277395855504e+02 1.859256036245171943e-49
9.914419745635356094e+02 1.875570591172745469e-49
9.983212250548965585e+02 1.892152677089002360e-49
1.005248208130249395e+03 1.909006983661105821e-49
1.012223254988401777e+03 1.926138295462201653e-49
1.019246699126230965e+03 1.943551493429924161e-49
1.026318876354625900e+03 1.961251556708105959e-49
1.033440124814540923e+03 1.979243564702262631e-49
1.040610784993169545e+03 1.997532699286785416e-49
1.047831199740216334e+03 2.016124247140864548e-49
1.055101714284297032e+03 2.035023602229370413e-49
1.062422676249441338e+03 2.054236268492909147e-49
1.069794435671710517e+03 2.073767862908298441e-49
1.077217345015942101e+03 2.093624119369253763e-49
1.084691759192592144e+03 2.113810894750450116e-49
1.092218035574712985e+03 2.134334182127806371e-49
1.099796534015037196e+03 2.155200154620210929e-49
1.107427616863179537e+03 2.176415409367308483e-49
1.115111648982969200e+03 2.197990553527213829e-49
1.122848997769886864e+03 2.219976327592265103e-49
1.130640033168638411e+03 2.242216410495822797e-49
1.138485127690839818e+03 2.264889067871500551e-49
1.146384656432824158e+03 2.287944778644145492e-49
1.154338997093584794e+03 2.311389552560747001e-49
1.162348529992823842e+03 2.335230408066018506e-49
1.170413638089145707e+03 2.359474628739967685e-49
1.178534706998363845e+03 2.384129679314219922e-49
1.186712125011933040e+03 2.409203190904812170e-49
1.194946283115524921e+03 2.434702959463320753e-49
1.203237575007711939e+03 2.460636947760224917e-49
1.211586397118798914e+03 2.487013288581019214e-49
1.219993148629774851e+03 2.513840288448064328e-49
1.228458231491394827e+03 2.541126431645847129e-49
1.236982050443406933e+03 2.568880384482969012e-49
1.245565013033894047e+03 2.597110999816568575e-49
1.254207529638769074e+03 2.625827321978013686e-49
1.262910013481392070e+03 2.655038592555133645e-49
1.271672880652324011e+03 2.684754258604732527e-49
1.280496550129229490e+03 2.714983990113351362e-49
1.289381443796900385e+03 2.745737749157092927e-49
1.298327986467434812e+03 2.777026448267084137e-49
1.307336605900545919e+03 2.810045896286997888e-49
1.316407732824009827e+03 2.841244550906199318e-49
1.325541800954269320e+03 2.874195044065358405e-49
1.334739247017160324e+03 2.907723129215856913e-49
1.344000510768802087e+03 2.941839042627541034e-49
1.353326035016620381e+03 2.976554138727409310e-49
1.362716265640513711e+03 3.011880112673526257e-49
1.372171651614182565e+03 3.047828938086554965e-49
1.381692645026584842e+03 3.084412860794728843e-49
1.391279701103562729e+03 3.121644402073654638e-49
1.400933278229597590e+03 3.159536364324078915e-49
1.410653837969735150e+03 3.198101837645171660e-49
1.420441845091651885e+03 3.237354206884287980e-49
1.430297767587870794e+03 3.277307159088386614e-49
1.440222076698148840e+03 3.317974691474066733e-49
1.450215246931995580e+03 3.359371120452893904e-49
1.460277756091372339e+03 3.401511093918139076e-49
1.470410085293531665e+03 3.444409618846764196e-49
1.480612718994017087e+03 3.488082219146619122e-49
1.490886145009836582e+03 3.532551397444939222e-49
1.501230854542774523e+03 3.577812541943368343e-49
1.511647342202888012e+03 3.623899950582012542e-49
1.522136106032151247e+03 3.670827498478650082e-49
1.532697647528263133e+03 3.718610978376141735e-49
1.543332471668637027e+03 3.767267841015411303e-49
1.554041086934531677e+03 3.816816023521271009e-49
1.564824005335374977e+03 3.867273894510742007e-49
1.575681742433239378e+03 3.918660254535173341e-49
1.586614817367487831e+03 3.970994344600179599e-49
1.597623752879606627e+03 4.024295856728939679e-49
1.608709075338185585e+03 4.078584945384576271e-49
1.619871314764097406e+03 4.133882239537232741e-49
1.631111004855834835e+03 4.190208855583600549e-49
1.642428683015021534e+03 4.247586412292719545e-49
1.653824890372120990e+03 4.306037054268321835e-49
1.665300171812294138e+03 4.365583544611102489e-49
1.676855076001464113e+03 4.426252391492798818e-49
1.688490155412545391e+03 4.488057418582011462e-49
1.700205966351852794e+03 4.551031179252070760e-49
1.712003068985712616e+03 4.615197673497648127e-49
1.723882027367231785e+03 4.680581563893721366e-49
1.735843409463279386e+03 4.747208893631208321e-49
1.747887787181637350e+03 4.815106381160670640e-49
1.760015736398339186e+03 4.884301398777951928e-49
1.772227836985217436e+03 4.954821983837489148e-49
1.784524672837614617e+03 5.026696854948016773e-49
1.796906831902312661e+03 5.099955429709755584e-49
1.809374906205639945e+03 5.174627843455836762e-49
1.821929491881772037e+03 5.250744969346109043e-49
1.834571189201246852e+03 5.328338442341602854e-49
1.847300602599651029e+03 5.407440707498409785e-49
1.860118340706532763e+03 5.488085608051618263e-49
1.873025016374496317e+03 5.570306435782230967e-49
1.886021246708498438e+03 5.654135761641472428e-49
1.899107653095367823e+03 5.739613076672056339e-49
1.912284861233499214e+03 5.826773592345459464e-49
1.925553501162784187e+03 5.915654770154373808e-49
1.938914207294728385e+03 6.006295050602497656e-49
1.952367618442779758e+03 6.098733840679123589e-49
1.965914377852884854e+03 6.193011534940406443e-49
1.979555133234229061e+03 6.289169541311478114e-49
1.993290536790218994e+03 6.387250308626658430e-49
2.007121245249660660e+03 6.487297355824116774e-49
2.021047919898152713e+03 6.589355305150839374e-49
2.035071226609719133e+03 6.693469942557436966e-49
2.049191835878630627e+03 6.799689452006871539e-49
2.063410422851475687e+03 6.908058066208272439e-49
2.077727667359437419e+03 7.018628368313077945e-49
2.092144253950789789e+03 7.131450512618685204e-49
2.106660871923644208e+03 7.246576064909719349e-49
2.121278215358888247e+03 7.364058197338351408e-49
2.135996983153388101e+03 7.483951463503798471e-49
2.150817879053397064e+03 7.606311822600433664e-49
2.165741611688199100e+03 7.731196676440406184e-49
2.180768894604002526e+03 7.858664909456897267e-49
2.195900446298042880e+03 7.988776931050929372e-49
2.211136990252948181e+03 8.121594723984339110e-49
2.226479254971327464e+03 8.257181954658359700e-49
2.241927974010592607e+03 8.395626261037563093e-49
2.257483886018050725e+03 8.536926783662506463e-49
2.273147734766199392e+03 8.681220127579236258e-49
2.288920269188307884e+03 8.828554224864188595e-49
2.304802243414216719e+03 8.979001364748159436e-49
2.320794416806388199e+03 9.132635781830501005e-49
2.336897553996231636e+03 9.289533672038485066e-49
2.353112424920640478e+03 9.449773244698668882e-49
2.369439804858825028e+03 9.613434779550243848e-49
2.385880474469372530e+03 9.780600687148146842e-49
2.402435219827564197e+03 9.951355579781671161e-49
2.419104832462978266e+03 1.012578659073578984e-48
2.435890109397314973e+03 1.030398217129184995e-48
2.452791853182522573e+03 1.048603409950202131e-48
2.469810871939159824e+03 1.067203680993448917e-48
2.486947979395030870e+03 1.086208659758472316e-48
2.504203994924105700e+03 1.105628257352194026e-48
2.521579743585678898e+03 1.125472653024638134e-48
2.539076056163837620e+03 1.145752301126158284e-48
2.556693769207162859e+03 1.166477939031382146e-48
2.574433725068745844e+03 1.187660595538194241e-48
2.592296771946456374e+03 1.209311600859803974e-48
2.610283763923487186e+03 1.231442749094714691e-48
2.628395561009212088e+03 1.254065510674404398e-48
2.646633029180280118e+03 1.277192644242103582e-48
2.664997040422043483e+03 1.300836618942242873e-48
2.683488472770237877e+03 1.325010393534656985e-48
2.702108210352957030e+03 1.349727287974790725e-48
2.720857143432946032e+03 1.375000989756319693e-48
2.739736168450142941e+03 1.400845564532649265e-48
2.758746188064561011e+03 1.427275467434986566e-48
2.777888111199438299e+03 1.454305555854712087e-48
2.797162853084688322e+03 1.481951280221714266e-48
2.816571335300678584e+03 1.510227778634287740e-48
2.836114485822271490e+03 1.539151735597335184e-48
2.855793239063214060e+03 1.568739556175349368e-48
2.875608535920806389e+03 1.599008284293710028e-48
2.895561323820878897e+03 1.629975445284747418e-48
2.915652556763111988e+03 1.661659057663520692e-48
2.935883195366627206e+03 1.694077647868333447e-48
2.956254206915937175e+03 1.727250265982886779e-48
2.976766565407184771e+03 1.761196512420693368e-48
2.997421251594703790e+03 1.795936498640237947e-48
3.018219253037934777e+03 1.831490956786850478e-48
3.039161564148614616e+03 1.867881204224935350e-48
3.060249186238348102e+03 1.905129146144623535e-48
3.081483127566470557e+03 1.943257321271710101e-48
3.102864403388249684e+03 1.982288913857029703e-48
3.124394036003446672e+03 2.022247773175413513e-48
3.146073054805171523e+03 2.063158434403932523e-48
3.167902496329123551e+03 2.105046186252546456e-48
3.189883404303140651e+03 2.147936848348692362e-48
3.212016829697095091e+03 2.191857285327003015e-48
3.234303830773163099e+03 2.236834945059499522e-48
3.256745473136400960e+03 2.282898114012476619e-48
3.279342829785714002e+03 2.330075902106281460e-48
3.302096981165152101e+03 2.378398266090175043e-48
3.325009015215558520e+03 2.427896035670643010e-48
3.348080027426610741e+03 2.478600946793788125e-48
3.371311120889170525e+03 2.530545635608980542e-48
3.394703406348052340e+03 2.583763723775814788e-48
3.418258002255118754e+03 2.638289813897850160e-48
3.441976034822747806e+03 2.694159512279234415e-48
3.465858638077703290e+03 2.751409475512132326e-48
3.489906953915329723e+03 2.810077438225274479e-48
3.514122132154172050e+03 2.870202246023345225e-48
3.538505330590944141e+03 2.931823907639651372e-48
3.563057715055871995e+03 2.994983531262519131e-48
3.587780459468463505e+03 3.059723557330643300e-48
3.612674745893606541e+03 3.126087603504312127e-48
3.637741764598112240e+03 3.194120589686462453e-48
3.662982714107614811e+03 3.263868763599902101e-48
3.688398801263864698e+03 3.335379738561332878e-48
3.713991241282458759e+03 3.408702535012736613e-48
3.739761257810910138e+03 3.483887619653410809e-48
3.765710082987183341e+03 3.560986923193532356e-48
3.791838957498594937e+03 3.640053953491792534e-48
3.818149130641120337e+03 3.721143755641043869e-48
3.844641860379156242e+03 3.804312999610233640e-48
3.871318413405634146e+03 3.889620015509767166e-48
3.898180065202614060e+03 3.977124838863231098e-48
3.925228100102254302e+03 4.066889257200369818e-48
3.952463811348209674e+03 4.158976820547998346e-48
3.979888501157492556e+03 4.253452970890766245e-48
4.007503480782701899e+03 4.350384992376544391e-48
4.035310070574748806e+03 4.449842103405024377e-48
4.063309600045972275e+03 4.551895489548077056e-48
4.091503407933694234e+03 4.656618348289717347e-48
4.119892842264259343e+03 4.764085907316976711e-48
4.148479260417452679e+03 4.874375500894065368e-48
4.177264029191431291e+03 4.987566572279226135e-48
4.206248524868058666e+03 5.103740712198171473e-48
4.235434133278700756e+03 5.222981688978632664e-48
4.264822249870511769e+03 5.345375469359746113e-48
4.294414279773124690e+03 5.471010253291127440e-48
4.324211637865858393e+03 5.599976375129202242e-48
4.354215748845361304e+03 5.732366527088890484e-48
4.384428047293712552e+03 5.868275522129293286e-48
4.414849977747045159e+03 6.007800386780264757e-48
4.445482994764578507e+03 6.151040304012489398e-48
4.476328562998200141e+03 6.298097138655190698e-48
4.507388157262457753e+03 6.449072479217344977e-48
4.538663262605111413e+03 6.604073329849206698e-48
4.570155374378115084e+03 6.763206210326060678e-48
4.601865998309110182e+03 6.926579903721219949e-48
4.633796650573441184e+03 7.094304701579123287e-48
4.665948857866618710e+03 7.266492209137910517e-48
4.698324157477344670e+03 7.443254970256100926e-48
4.730924097361000349e+03 7.624706392292222766e-48
4.763750236213644712e+03 7.810960136874048419e-48
4.796804143546572959e+03 8.002129801904650427e-48
4.830087399761322558e+03 8.198328383328237351e-48
4.863601596225267713e+03 8.399667661372976675e-48
4.897348335347696775e+03 8.606257503426707368e-48
4.931329230656409891e+03 8.818205030360392532e-48
4.965545906874899629e+03 9.035613646820884679e-48
4.999999999999999091e+03 9.258581924459354471e-48
