   1.0000000e+00   6.0455290e-31
   1.0093000e+00   5.2215076e-31
   1.0186000e+00   4.5100626e-31
   1.0280000e+00   3.8955074e-31
   1.0376000e+00   3.3648120e-31
   1.0472000e+00   2.9065037e-31
   1.0569000e+00   2.5107114e-31
   1.0667000e+00   2.1687649e-31
   1.0765000e+00   1.8735047e-31
   1.0865000e+00   1.6184529e-31
   1.0966000e+00   1.3981617e-31
   1.1067000e+00   1.2079100e-31
   1.1170000e+00   1.0435484e-31
   1.1273000e+00   9.0162073e-32
   1.1378000e+00   7.7896810e-32
   1.1483000e+00   6.7303925e-32
   1.1589000e+00   5.8153322e-32
   1.1697000e+00   5.0247706e-32
   1.1805000e+00   4.3418057e-32
   1.1915000e+00   3.7519690e-32
   1.2025000e+00   3.2421604e-32
   1.2136000e+00   2.8016064e-32
   1.2249000e+00   2.4211360e-32
   1.2362000e+00   2.0923622e-32
   1.2477000e+00   1.8084870e-32
   1.2592000e+00   1.5630000e-32
   1.2709000e+00   1.3509413e-32
   1.2826000e+00   1.1676964e-32
   1.2945000e+00   1.0092212e-32
   1.3065000e+00   8.7237468e-33
   1.3186000e+00   7.5410119e-33
   1.3308000e+00   6.5189476e-33
   1.3432000e+00   5.6356550e-33
   1.3556000e+00   4.8721796e-33
   1.3682000e+00   4.2122696e-33
   1.3808000e+00   3.6420018e-33
   1.3936000e+00   3.1490055e-33
   1.4065000e+00   2.7228568e-33
   1.4196000e+00   2.3544815e-33
   1.4327000e+00   2.0359949e-33
   1.4460000e+00   1.7607255e-33
   1.4594000e+00   1.5227165e-33
   1.4729000e+00   1.3169641e-33
   1.4865000e+00   1.1389950e-33
   1.5003000e+00   9.8520654e-34
   1.5142000e+00   8.5217286e-34
   1.5282000e+00   7.3717680e-34
   1.5424000e+00   6.3771401e-34
   1.5567000e+00   5.5168614e-34
   1.5711000e+00   4.7729141e-34
   1.5856000e+00   4.1298368e-34
   1.6003000e+00   3.5732341e-34
   1.6151000e+00   3.0919706e-34
   1.6301000e+00   2.6755145e-34
   1.6452000e+00   2.3155709e-34
   1.6604000e+00   2.0039234e-34
   1.6758000e+00   1.7344890e-34
   1.6913000e+00   1.5011150e-34
   1.7070000e+00   1.2993720e-34
   1.7228000e+00   1.1248724e-34
   1.7388000e+00   9.7387292e-35
   1.7549000e+00   8.4316470e-35
   1.7711000e+00   7.3005062e-35
   1.7875000e+00   6.3216811e-35
   1.8041000e+00   5.4746681e-35
   1.8208000e+00   4.7421128e-35
   1.8377000e+00   4.1091946e-35
   1.8547000e+00   3.5670756e-35
   1.8719000e+00   3.2261264e-35
   1.8892000e+00   2.7220219e-35
   1.9067000e+00   2.3188077e-35
   1.9244000e+00   2.0051588e-35
   1.9422000e+00   1.7363056e-35
   1.9602000e+00   1.5041211e-35
   1.9783000e+00   1.3032100e-35
   1.9966000e+00   1.1293632e-35
   2.0151000e+00   9.7875122e-36
   2.0338000e+00   8.4832388e-36
   2.0526000e+00   7.3533169e-36
   2.0716000e+00   6.3746150e-36
   2.0908000e+00   5.5267308e-36
   2.1102000e+00   4.7921588e-36
   2.1297000e+00   4.1554822e-36
   2.1495000e+00   3.6035429e-36
   2.1694000e+00   3.1254704e-36
   2.1895000e+00   2.7109623e-36
   2.2098000e+00   2.3516222e-36
   2.2302000e+00   2.0400409e-36
   2.2509000e+00   1.7699642e-36
   2.2717000e+00   1.5358645e-36
   2.2928000e+00   1.3326394e-36
   2.3140000e+00   1.1567002e-36
   2.3354000e+00   1.0038036e-36
   2.3571000e+00   8.7142225e-37
   2.3789000e+00   7.5649985e-37
   2.4009000e+00   6.5681299e-37
   2.4232000e+00   5.7031194e-37
   2.4456000e+00   4.9524999e-37
   2.4683000e+00   4.3012611e-37
   2.4911000e+00   3.7360211e-37
   2.5142000e+00   3.2453530e-37
   2.5375000e+00   2.8193976e-37
   2.5610000e+00   2.4497550e-37
   2.5847000e+00   2.1287150e-37
   2.6087000e+00   1.8499461e-37
   2.6328000e+00   1.6079298e-37
   2.6572000e+00   1.3977130e-37
   2.6818000e+00   1.2150802e-37
   2.7067000e+00   1.0565100e-37
   2.7317000e+00   9.1869610e-38
   2.7570000e+00   7.9896676e-38
   2.7826000e+00   6.9490232e-38
   2.8083000e+00   6.0452057e-38
   2.8343000e+00   5.2592249e-38
   2.8606000e+00   4.5757488e-38
   2.8871000e+00   3.9820203e-38
   2.9138000e+00   3.4655546e-38
   2.9408000e+00   3.0164742e-38
   2.9681000e+00   2.6260203e-38
   2.9955000e+00   2.2864464e-38
   3.0233000e+00   1.9909210e-38
   3.0513000e+00   1.7339622e-38
   3.0796000e+00   1.5101952e-38
   3.1081000e+00   1.3156090e-38
   3.1369000e+00   1.1461844e-38
   3.1659000e+00   9.9884034e-39
   3.1952000e+00   8.7048900e-39
   3.2248000e+00   7.5872810e-39
   3.2547000e+00   6.6142436e-39
   3.2849000e+00   5.7668836e-39
   3.3153000e+00   5.0287954e-39
   3.3460000e+00   4.3858831e-39
   3.3770000e+00   3.8256699e-39
   3.4083000e+00   3.3376040e-39
   3.4398000e+00   2.9122212e-39
   3.4717000e+00   2.5415714e-39
   3.5038000e+00   2.2183158e-39
   3.5363000e+00   1.9366160e-39
   3.5690000e+00   1.6909366e-39
   3.6021000e+00   1.4766343e-39
   3.6355000e+00   1.2898154e-39
   3.6691000e+00   1.1267435e-39
   3.7031000e+00   9.8451613e-40
   3.7374000e+00   8.6042489e-40
   3.7720000e+00   7.5213063e-40
   3.8070000e+00   6.5756345e-40
   3.8422000e+00   5.7499244e-40
   3.8778000e+00   5.0292548e-40
   3.9137000e+00   4.3999258e-40
   3.9500000e+00   3.8502288e-40
   3.9866000e+00   3.3697945e-40
   4.0235000e+00   2.9501498e-40
   4.0608000e+00   2.5834133e-40
   4.0984000e+00   2.2629185e-40
   4.1363000e+00   1.9827456e-40
   4.1747000e+00   1.7376512e-40
   4.2133000e+00   1.5232496e-40
   4.2523000e+00   1.3358736e-40
   4.2917000e+00   1.1718062e-40
   4.3315000e+00   1.0283988e-40
   4.3716000e+00   9.0269001e-41
   4.4121000e+00   7.9270532e-41
   4.4530000e+00   6.9640694e-41
   4.4942000e+00   6.1205588e-41
   4.5358000e+00   5.3815429e-41
   4.5778000e+00   4.7339904e-41
   4.6202000e+00   4.1664443e-41
   4.6630000e+00   3.6687249e-41
   4.7062000e+00   3.2322636e-41
   4.7498000e+00   2.8493176e-41
   4.7938000e+00   2.5133177e-41
   4.8382000e+00   2.2183158e-41
   4.8830000e+00   1.9592132e-41
   4.9282000e+00   1.7317250e-41
   4.9739000e+00   1.5317048e-41
   5.0200000e+00   1.3559333e-41
   5.0665000e+00   1.2013849e-41
   5.1134000e+00   1.0653043e-41
   5.1607000e+00   9.4556250e-42
   5.2085000e+00   8.4013022e-42
   5.2568000e+00   7.4720222e-42
   5.3055000e+00   6.6533044e-42
   5.3546000e+00   5.9306861e-42
   5.4042000e+00   5.2927604e-42
   5.4543000e+00   4.7297550e-42
   5.5048000e+00   4.2320718e-42
   5.5558000e+00   3.7919773e-42
   5.6072000e+00   3.4025492e-42
   5.6592000e+00   3.0572523e-42
   5.7116000e+00   2.7516174e-42
   5.7645000e+00   2.4803100e-42
   5.8179000e+00   2.2392130e-42
   5.8718000e+00   2.0252136e-42
   5.9262000e+00   1.8346702e-42
   5.9810000e+00   1.6651322e-42
   6.0364000e+00   1.5136381e-42
   6.0923000e+00   1.3787456e-42
   6.1488000e+00   1.2579866e-42
   6.2057000e+00   1.1500418e-42
   6.2632000e+00   1.0532917e-42
   6.3212000e+00   9.6634798e-43
   6.3798000e+00   8.8832510e-43
   6.4389000e+00   8.1812025e-43
   6.4985000e+00   7.5484819e-43
   6.5587000e+00   6.9774280e-43
   6.6194000e+00   6.4612659e-43
   6.6807000e+00   5.9938564e-43
   6.7426000e+00   5.5699354e-43
   6.8051000e+00   5.1848640e-43
   6.8681000e+00   4.8344209e-43
   6.9317000e+00   4.5148992e-43
   6.9959000e+00   4.2231802e-43
   7.0607000e+00   3.9564100e-43
   7.1261000e+00   3.7118556e-43
   7.1921000e+00   3.4874930e-43
   7.2587000e+00   3.2811130e-43
   7.3260000e+00   3.0911376e-43
   7.3938000e+00   2.9158920e-43
   7.4623000e+00   2.7539405e-43
   7.5314000e+00   2.6040609e-43
   7.6012000e+00   2.4651225e-43
   7.6716000e+00   2.3362722e-43
   7.7426000e+00   2.2164322e-43
   7.8144000e+00   2.1048826e-43
   7.8867000e+00   2.0009518e-43
   7.9598000e+00   1.9040132e-43
   8.0335000e+00   1.7703056e-43
   8.1079000e+00   1.6841174e-43
   8.1830000e+00   1.6031215e-43
   8.2588000e+00   1.5270901e-43
   8.3353000e+00   1.4556514e-43
   8.4125000e+00   1.3883821e-43
   8.4904000e+00   1.3250328e-43
   8.5691000e+00   1.2652249e-43
   8.6484000e+00   1.2088834e-43
   8.7285000e+00   1.1555920e-43
   8.8094000e+00   1.1053630e-43
   8.8910000e+00   1.0577455e-43
   8.9733000e+00   1.0128306e-43
   9.0564000e+00   9.7026020e-44
   9.1403000e+00   9.2994503e-44
   9.2250000e+00   8.9185850e-44
   9.3104000e+00   8.5573801e-44
   9.3966000e+00   8.2156757e-44
   9.4837000e+00   7.8927284e-44
   9.5715000e+00   7.5872702e-44
   9.6602000e+00   7.2986426e-44
   9.7496000e+00   7.0262105e-44
   9.8400000e+00   6.7698836e-44
   9.9311000e+00   6.5285360e-44
   1.0023000e+01   6.3031124e-44
   1.0116000e+01   6.0565210e-44
   1.0210000e+01   5.8196738e-44
   1.0304000e+01   5.5941710e-44
   1.0400000e+01   5.3749786e-44
   1.0496000e+01   5.1660744e-44
   1.0593000e+01   4.9648752e-44
   1.0691000e+01   4.7716034e-44
   1.0790000e+01   4.5855940e-44
   1.0890000e+01   4.4066406e-44
   1.0991000e+01   4.2345408e-44
   1.1093000e+01   4.0690958e-44
   1.1196000e+01   3.9101108e-44
   1.1299000e+01   3.7585577e-44
   1.1404000e+01   3.6115202e-44
   1.1510000e+01   3.4703964e-44
   1.1616000e+01   3.3357370e-44
   1.1724000e+01   3.2051741e-44
   1.1832000e+01   3.0810781e-44
   1.1942000e+01   2.9604644e-44
   1.2053000e+01   2.8446196e-44
   1.2164000e+01   2.7343930e-44
   1.2277000e+01   2.6273168e-44
   1.2391000e+01   2.5246032e-44
   1.2505000e+01   2.4267408e-44
   1.2621000e+01   2.3320344e-44
   1.2738000e+01   2.2410090e-44
   1.2856000e+01   2.1535563e-44
   1.2975000e+01   2.0698577e-44
   1.3095000e+01   1.9892282e-44
   1.3217000e+01   1.9110298e-44
   1.3339000e+01   1.8368381e-44
   1.3463000e+01   1.7649122e-44
   1.3587000e+01   1.6965062e-44
   1.3713000e+01   1.6302182e-44
   1.3840000e+01   1.5667529e-44
   1.3968000e+01   1.5057744e-44
   1.4098000e+01   1.4467278e-44
   1.4228000e+01   1.3905126e-44
   1.4360000e+01   1.3363360e-44
   1.4493000e+01   1.2841422e-44
   1.4627000e+01   1.2340988e-44
   1.4763000e+01   1.1859210e-44
   1.4900000e+01   1.1395563e-44
   1.5038000e+01   1.0951623e-44
   1.5177000e+01   1.0524708e-44
   1.5317000e+01   1.0116336e-44
   1.5459000e+01   9.7217628e-45
   1.5602000e+01   9.3431556e-45
   1.5747000e+01   8.9775625e-45
   1.5893000e+01   8.6272517e-45
   1.6040000e+01   8.2911951e-45
   1.6189000e+01   7.9669906e-45
   1.6339000e+01   7.6562500e-45
   1.6490000e+01   7.3583800e-45
   1.6643000e+01   7.0709599e-45
   1.6797000e+01   6.7955292e-45
   1.6952000e+01   6.5315491e-45
   1.7109000e+01   6.2769175e-45
   1.7268000e+01   6.0313862e-45
   1.7428000e+01   5.7960814e-45
   1.7589000e+01   5.5706818e-45
   1.7752000e+01   5.3532636e-45
   1.7917000e+01   5.1439018e-45
   1.8082000e+01   4.9444805e-45
   1.8250000e+01   4.7510692e-45
   1.8419000e+01   4.5658400e-45
   1.8590000e+01   4.3874726e-45
   1.8762000e+01   4.2165542e-45
   1.8936000e+01   4.0519590e-45
   1.9111000e+01   3.8942592e-45
   1.9288000e+01   3.7423806e-45
   1.9467000e+01   3.5961610e-45
   1.9647000e+01   3.4562641e-45
   1.9829000e+01   3.3214474e-45
   2.0012000e+01   3.1708161e-45
   2.0198000e+01   3.0421843e-45
   2.0385000e+01   2.9196732e-45
   2.0574000e+01   2.8029612e-45
   2.0764000e+01   2.6916382e-45
   2.0957000e+01   2.5856208e-45
   2.1151000e+01   2.4844243e-45
   2.1347000e+01   2.3879837e-45
   2.1544000e+01   2.2959431e-45
   2.1744000e+01   2.2082481e-45
   2.1945000e+01   2.1245646e-45
   2.2149000e+01   2.0446675e-45
   2.2354000e+01   1.9685194e-45
   2.2561000e+01   1.8959058e-45
   2.2770000e+01   1.8266221e-45
   2.2981000e+01   1.7605577e-45
   2.3193000e+01   1.6976872e-45
   2.3408000e+01   1.6377400e-45
   2.3625000e+01   1.5806986e-45
   2.3844000e+01   1.5263868e-45
   2.4065000e+01   1.4747904e-45
   2.4288000e+01   1.4257421e-45
   2.4513000e+01   1.3793053e-45
   2.4740000e+01   1.3352447e-45
   2.4969000e+01   1.2936970e-45
   2.5200000e+01   1.2545056e-45
   2.5433000e+01   1.1999296e-45
   2.5669000e+01   1.1475834e-45
   2.5907000e+01   1.0975306e-45
   2.6147000e+01   1.0497600e-45
   2.6389000e+01   1.0040660e-45
   2.6633000e+01   9.6038010e-46
   2.6880000e+01   9.1851425e-46
   2.7129000e+01   8.7852960e-46
   2.7380000e+01   8.4030414e-46
   2.7634000e+01   8.0360910e-46
   2.7890000e+01   7.6862018e-46
   2.8148000e+01   7.3516900e-46
   2.8409000e+01   7.0315129e-46
   2.8672000e+01   6.7252049e-46
   2.8938000e+01   6.4318032e-46
   2.9206000e+01   6.1518881e-46
   2.9476000e+01   5.8840205e-46
   2.9749000e+01   5.6278073e-46
   3.0025000e+01   5.3824000e-46
   3.0303000e+01   5.1479072e-46
   3.0583000e+01   4.9244048e-46
   3.0867000e+01   4.7093340e-46
   3.1153000e+01   4.5041573e-46
   3.1441000e+01   4.3085305e-46
   3.1732000e+01   4.1209000e-46
   3.2026000e+01   3.9414161e-46
   3.2323000e+01   3.7694222e-46
   3.2622000e+01   3.6054414e-46
   3.2924000e+01   3.4484490e-46
   3.3229000e+01   3.2982192e-46
   3.3537000e+01   3.1545312e-46
   3.3848000e+01   3.0168216e-46
   3.4161000e+01   2.8859214e-46
   3.4478000e+01   2.7599177e-46
   3.4797000e+01   2.6396501e-46
   3.5119000e+01   2.5249210e-46
   3.5445000e+01   2.4146052e-46
   3.5773000e+01   2.3094881e-46
   3.6104000e+01   2.2090877e-46
   3.6439000e+01   2.1126623e-46
   3.6776000e+01   2.0209466e-46
   3.7117000e+01   1.9326560e-46
   3.7461000e+01   1.8485122e-46
   3.7807000e+01   1.7681021e-46
   3.8158000e+01   1.6910402e-46
   3.8511000e+01   1.6174752e-46
   3.8868000e+01   1.5470384e-46
   3.9228000e+01   1.4796290e-46
   3.9591000e+01   1.4151482e-46
   3.9958000e+01   1.3534996e-46
   4.0328000e+01   1.3142330e-46
   4.0701000e+01   1.2757703e-46
   4.1078000e+01   1.2385464e-46
   4.1459000e+01   1.2025316e-46
   4.1843000e+01   1.1674802e-46
   4.2230000e+01   1.1337990e-46
   4.2622000e+01   1.1008206e-46
   4.3016000e+01   1.0689492e-46
   4.3415000e+01   1.0381572e-46
   4.3817000e+01   1.0084176e-46
   4.4223000e+01   9.7966445e-47
   4.4632000e+01   9.5173682e-47
   4.5046000e+01   9.2475149e-47
   4.5463000e+01   8.9866608e-47
   4.5884000e+01   8.7357062e-47
   4.6309000e+01   8.4927283e-47
   4.6738000e+01   8.2579021e-47
   4.7171000e+01   8.0315652e-47
   4.7608000e+01   7.8129689e-47
   4.8049000e+01   7.6015730e-47
   4.8494000e+01   7.3978921e-47
   4.8943000e+01   7.2012196e-47
   4.9396000e+01   7.0113828e-47
   4.9854000e+01   6.8283780e-47
   5.0315000e+01   6.6515442e-47
   5.0782000e+01   6.4810550e-47
   5.1252000e+01   6.3165935e-47
   5.1727000e+01   6.1580117e-47
   5.2206000e+01   6.0050101e-47
   5.2689000e+01   5.8574532e-47
   5.3177000e+01   5.7149064e-47
   5.3670000e+01   5.5776999e-47
   5.4167000e+01   5.4454068e-47
   5.4669000e+01   5.3176181e-47
   5.5175000e+01   5.1943732e-47
   5.5686000e+01   5.0755650e-47
   5.6202000e+01   4.9609484e-47
   5.6722000e+01   4.8505653e-47
   5.7248000e+01   4.7440411e-47
   5.7778000e+01   4.6411519e-47
   5.8313000e+01   4.5420860e-47
   5.8853000e+01   4.4464891e-47
   5.9398000e+01   4.3542842e-47
   5.9948000e+01   4.2653961e-47
   6.0504000e+01   4.1796225e-47
   6.1064000e+01   4.0968960e-47
   6.1630000e+01   4.0171512e-47
   6.2200000e+01   3.9403240e-47
   6.2777000e+01   3.8661037e-47
   6.3358000e+01   3.7944368e-47
   6.3945000e+01   3.7253933e-47
   6.4537000e+01   3.6586772e-47
   6.5135000e+01   3.5944821e-47
   6.5738000e+01   3.5325192e-47
   6.6347000e+01   3.4726270e-47
   6.6962000e+01   3.4149998e-47
   6.7582000e+01   3.3592457e-47
   6.8208000e+01   3.3055600e-47
   6.8840000e+01   3.2537898e-47
   6.9477000e+01   3.2037864e-47
   7.0121000e+01   3.1555183e-47
   7.0770000e+01   3.1089546e-47
   7.1426000e+01   3.0640653e-47
   7.2087000e+01   3.0207115e-47
   7.2755000e+01   2.9788672e-47
   7.3429000e+01   2.9385073e-47
   7.4109000e+01   2.8994994e-47
   7.4795000e+01   2.8618220e-47
   7.5488000e+01   2.8255603e-47
   7.6187000e+01   2.7903750e-47
   7.6893000e+01   2.7566700e-47
   7.7605000e+01   2.7239005e-47
   7.8324000e+01   2.6924683e-47
   7.9049000e+01   2.6620440e-47
   7.9781000e+01   2.6326135e-47
   8.0520000e+01   2.6043671e-47
   8.1266000e+01   2.5768822e-47
   8.2019000e+01   2.5505530e-47
   8.2779000e+01   2.5249620e-47
   8.3545000e+01   2.5003000e-47
   8.4319000e+01   2.4766548e-47
   8.5100000e+01   2.4536172e-47
   8.5888000e+01   2.4314761e-47
   8.6684000e+01   2.4101226e-47
   8.7487000e+01   2.3894499e-47
   8.8297000e+01   2.3695477e-47
   8.9115000e+01   2.3504074e-47
   8.9940000e+01   2.3318275e-47
   9.0773000e+01   2.3138986e-47
   9.1614000e+01   2.2966139e-47
   9.2463000e+01   2.2799670e-47
   9.3319000e+01   2.2638564e-47
   9.4183000e+01   2.2484667e-47
   9.5056000e+01   2.2335076e-47
   9.5936000e+01   2.2190694e-47
   9.6825000e+01   2.2052416e-47
   9.7721000e+01   2.1918315e-47
   9.8627000e+01   2.1789290e-47
   9.9540000e+01   2.1666232e-47
   1.0046000e+02   2.1716532e-47
   1.0139000e+02   2.1588104e-47
   1.0233000e+02   2.1463762e-47
   1.0328000e+02   2.1344400e-47
   1.0424000e+02   2.1229056e-47
   1.0520000e+02   2.1117701e-47
   1.0618000e+02   2.1010306e-47
   1.0716000e+02   2.0906842e-47
   1.0815000e+02   2.0807282e-47
   1.0915000e+02   2.0712511e-47
   1.1016000e+02   2.0619773e-47
   1.1118000e+02   2.0530867e-47
   1.1221000e+02   2.0445771e-47
   1.1325000e+02   2.0363559e-47
   1.1430000e+02   2.0285115e-47
   1.1536000e+02   2.0209520e-47
   1.1643000e+02   2.0136759e-47
   1.1751000e+02   2.0067712e-47
   1.1860000e+02   2.0000573e-47
   1.1970000e+02   1.9937118e-47
   1.2080000e+02   1.9875547e-47
   1.2192000e+02   1.9817633e-47
   1.2305000e+02   1.9762470e-47
   1.2419000e+02   1.9710048e-47
   1.2534000e+02   1.9659469e-47
   1.2650000e+02   1.9612498e-47
   1.2768000e+02   1.9567352e-47
   1.2886000e+02   1.9525793e-47
   1.3005000e+02   1.9486044e-47
   1.3126000e+02   1.9448100e-47
   1.3247000e+02   1.9413717e-47
   1.3370000e+02   1.9382006e-47
   1.3494000e+02   1.9352081e-47
   1.3619000e+02   1.9325695e-47
   1.3745000e+02   1.9301964e-47
   1.3872000e+02   1.9280003e-47
   1.4001000e+02   1.9260688e-47
   1.4130000e+02   1.9245769e-47
   1.4261000e+02   1.9232610e-47
   1.4393000e+02   1.9222086e-47
   1.4527000e+02   1.9215072e-47
   1.4661000e+02   1.9212442e-47
   1.4797000e+02   1.9212442e-47
   1.4934000e+02   1.9216826e-47
   1.5072000e+02   1.9225594e-47
   1.5212000e+02   1.9238750e-47
   1.5353000e+02   1.9258055e-47
   1.5495000e+02   1.9283516e-47
   1.5638000e+02   1.9317783e-47
   1.5783000e+02   1.9360880e-47
   1.5930000e+02   1.9411074e-47
   1.6077000e+02   1.9481630e-47
   1.6226000e+02   1.9440163e-47
   1.6376000e+02   1.9399620e-47
   1.6528000e+02   1.9358240e-47
   1.6681000e+02   1.9317783e-47
   1.6836000e+02   1.9276490e-47
   1.6991000e+02   1.9236119e-47
   1.7149000e+02   1.9195790e-47
   1.7308000e+02   1.9155503e-47
   1.7468000e+02   1.9115258e-47
   1.7630000e+02   1.9074183e-47
   1.7793000e+02   1.9034024e-47
   1.7958000e+02   1.8993907e-47
   1.8124000e+02   1.8953833e-47
   1.8292000e+02   1.8914671e-47
   1.8461000e+02   1.8874680e-47
   1.8632000e+02   1.8834732e-47
   1.8805000e+02   1.8794826e-47
   1.8979000e+02   1.8755829e-47
   1.9155000e+02   1.8716006e-47
   1.9332000e+02   1.8676227e-47
   1.9511000e+02   1.8637352e-47
   1.9692000e+02   1.8597656e-47
   1.9875000e+02   1.8558864e-47
   2.0059000e+02   1.8624403e-47
   2.0244000e+02   1.8686600e-47
   2.0432000e+02   1.8748034e-47
   2.0621000e+02   1.8807834e-47
   2.0812000e+02   1.8867730e-47
   2.1005000e+02   1.8927720e-47
   2.1200000e+02   1.8986063e-47
   2.1396000e+02   1.9045369e-47
   2.1594000e+02   1.9104767e-47
   2.1794000e+02   1.9165133e-47
   2.1996000e+02   1.9226471e-47
   2.2200000e+02   1.9287907e-47
   2.2405000e+02   1.9351201e-47
   2.2613000e+02   1.9415480e-47
   2.2822000e+02   1.9480748e-47
   2.3034000e+02   1.9547009e-47
   2.3247000e+02   1.9614269e-47
   2.3462000e+02   1.9683420e-47
   2.3680000e+02   1.9755358e-47
   2.3899000e+02   1.9826537e-47
   2.4120000e+02   1.9901413e-47
   2.4344000e+02   1.9977324e-47
   2.4569000e+02   2.0054275e-47
   2.4797000e+02   2.0134066e-47
   2.5026000e+02   2.0214915e-47
   2.5258000e+02   2.0297728e-47
   2.5492000e+02   2.0383419e-47
   2.5728000e+02   2.0469290e-47
   2.5967000e+02   2.0558970e-47
   2.6207000e+02   2.0649754e-47
   2.6450000e+02   2.0743470e-47
   2.6695000e+02   2.0838312e-47
   2.6942000e+02   2.0935200e-47
   2.7192000e+02   2.1035065e-47
   2.7443000e+02   2.1137926e-47
   2.7698000e+02   2.1241959e-47
   2.7954000e+02   2.1349020e-47
   2.8213000e+02   2.1458203e-47
   2.8474000e+02   2.1569522e-47
   2.8738000e+02   2.1683924e-47
   2.9004000e+02   2.1801429e-47
   2.9273000e+02   2.1920188e-47
   2.9544000e+02   2.2043025e-47
   2.9818000e+02   2.2168089e-47
   3.0094000e+02   2.2353984e-47
   3.0373000e+02   2.2481822e-47
   3.0654000e+02   2.2613829e-47
   3.0938000e+02   2.2748130e-47
   3.1224000e+02   2.2885699e-47
   3.1514000e+02   2.3026562e-47
   3.1806000e+02   2.3169782e-47
   3.2100000e+02   2.3317309e-47
   3.2397000e+02   2.3468211e-47
   3.2697000e+02   2.3622516e-47
   3.3000000e+02   2.3781228e-47
   3.3306000e+02   2.3942428e-47
   3.3614000e+02   2.4108100e-47
   3.3926000e+02   2.4277300e-47
   3.4240000e+02   2.4451047e-47
   3.4557000e+02   2.4628391e-47
   3.4877000e+02   2.4810361e-47
   3.5200000e+02   2.4997000e-47
   3.5526000e+02   2.5189357e-47
   3.5855000e+02   2.5386482e-47
   3.6187000e+02   2.5588422e-47
   3.6523000e+02   2.5798273e-47
   3.6861000e+02   2.6014080e-47
   3.7202000e+02   2.6240006e-47
   3.7547000e+02   2.6475141e-47
   3.7895000e+02   2.6724764e-47
   3.8246000e+02   2.6994259e-47
   3.8600000e+02   2.7291221e-47
   3.8957000e+02   2.7636049e-47
   3.9318000e+02   2.8067744e-47
   3.9682000e+02   2.8691021e-47
   4.0050000e+02   2.9838906e-47
   4.0421000e+02   3.0092904e-47
   4.0795000e+02   3.0349081e-47
   4.1173000e+02   3.0607450e-47
   4.1555000e+02   3.0869136e-47
   4.1939000e+02   3.1130820e-47
   4.2328000e+02   3.0399785e-47
   4.2720000e+02   3.0278607e-47
   4.3116000e+02   3.0365610e-47
   4.3515000e+02   3.0543308e-47
   4.3918000e+02   3.0769209e-47
   4.4325000e+02   3.1023786e-47
   4.4735000e+02   3.1298430e-47
   4.5150000e+02   3.1587772e-47
   4.5568000e+02   3.1889738e-47
   4.5990000e+02   3.2201085e-47
   4.6416000e+02   3.2521928e-47
   4.6846000e+02   3.2850092e-47
   4.7280000e+02   3.3187969e-47
   4.7718000e+02   3.3532206e-47
   4.8160000e+02   3.3885205e-47
   4.8606000e+02   3.4245904e-47
   4.9056000e+02   3.4614396e-47
   4.9510000e+02   3.4989591e-47
   4.9969000e+02   3.5372756e-47
   5.0432000e+02   3.5763988e-47
   5.0899000e+02   3.6162182e-47
   5.1370000e+02   3.6569837e-47
   5.1846000e+02   3.6984642e-47
   5.2326000e+02   3.7407902e-47
   5.2811000e+02   3.7838492e-47
   5.3300000e+02   3.8278969e-47
   5.3794000e+02   3.8726974e-47
   5.4292000e+02   3.9183844e-47
   5.4795000e+02   3.9649690e-47
   5.5302000e+02   4.0124623e-47
   5.5814000e+02   4.0610031e-47
   5.6331000e+02   4.1103485e-47
   5.6853000e+02   4.1606370e-47
   5.7380000e+02   4.2118802e-47
   5.7911000e+02   4.2640900e-47
   5.8448000e+02   4.3174098e-47
   5.8989000e+02   4.3717222e-47
   5.9535000e+02   4.4270393e-47
   6.0087000e+02   4.4833738e-47
   6.0643000e+02   4.5408730e-47
   6.1205000e+02   4.5994168e-47
   6.1772000e+02   4.6591546e-47
   6.2344000e+02   4.7199648e-47
   6.2921000e+02   4.7819991e-47
   6.3504000e+02   4.8451344e-47
   6.4092000e+02   4.9095246e-47
   6.4686000e+02   4.9751862e-47
   6.5285000e+02   5.0421361e-47
   6.5890000e+02   5.1102482e-47
   6.6500000e+02   5.1798248e-47
   6.7116000e+02   5.2508864e-47
   6.7738000e+02   5.3231616e-47
   6.8365000e+02   5.3971062e-47
   6.8998000e+02   5.4727445e-47
   6.9637000e+02   5.5502500e-47
   7.0282000e+02   5.6302512e-47
   7.0933000e+02   5.7138481e-47
   7.1590000e+02   5.8055256e-47
   7.2253000e+02   5.9280760e-47
   7.2923000e+02   6.0017558e-47
   7.3598000e+02   6.0763584e-47
   7.4280000e+02   6.1517355e-47
   7.4968000e+02   6.2282086e-47
   7.5662000e+02   6.3084895e-47
   7.6363000e+02   6.3961606e-47
   7.7070000e+02   6.4876581e-47
   7.7784000e+02   6.5819146e-47
   7.8505000e+02   6.6781584e-47
   7.9232000e+02   6.7767470e-47
   7.9966000e+02   6.8770532e-47
   8.0706000e+02   6.9795999e-47
   8.1454000e+02   7.0839156e-47
   8.2208000e+02   7.1903616e-47
   8.2970000e+02   7.2989684e-47
   8.3738000e+02   7.4094221e-47
   8.4514000e+02   7.5220929e-47
   8.5296000e+02   7.6368373e-47
   8.6086000e+02   7.7536830e-47
   8.6884000e+02   7.8728354e-47
   8.7689000e+02   7.9941481e-47
   8.8501000e+02   8.1178298e-47
   8.9320000e+02   8.2437320e-47
   9.0148000e+02   8.3720670e-47
   9.0983000e+02   8.5028685e-47
   9.1825000e+02   8.6359849e-47
   9.2676000e+02   8.7716336e-47
   9.3534000e+02   8.9098497e-47
   9.4401000e+02   9.0506682e-47
   9.5275000e+02   9.1941250e-47
   9.6157000e+02   9.3404493e-47
   9.7048000e+02   9.4892926e-47
   9.7947000e+02   9.6408833e-47
   9.8854000e+02   9.7954568e-47
   9.9770000e+02   9.9528557e-47
   1.0069000e+03   1.0112314e-46
   1.0163000e+03   1.0275877e-46
   1.0257000e+03   1.0442796e-46
   1.0352000e+03   1.0613120e-46
   1.0448000e+03   1.1048112e-46
   1.0544000e+03   1.0962090e-46
   1.0642000e+03   1.1140802e-46
   1.0741000e+03   1.1323088e-46
   1.0840000e+03   1.1508998e-46
   1.0941000e+03   1.1698586e-46
   1.1042000e+03   1.1891902e-46
   1.1144000e+03   1.2089002e-46
   1.1247000e+03   1.2292157e-46
   1.1352000e+03   1.2503712e-46
   1.1457000e+03   1.2798397e-46
   1.1563000e+03   1.3002841e-46
   1.1670000e+03   1.3137744e-46
   1.1778000e+03   1.3349492e-46
   1.1887000e+03   1.3572250e-46
   1.1997000e+03   1.3799201e-46
   1.2108000e+03   1.4030402e-46
   1.2220000e+03   1.4268303e-46
   1.2334000e+03   1.4508203e-46
   1.2448000e+03   1.4754961e-46
   1.2563000e+03   1.5003800e-46
   1.2680000e+03   1.5257190e-46
   1.2797000e+03   1.5517685e-46
   1.2915000e+03   1.5782897e-46
   1.3035000e+03   1.6050356e-46
   1.3156000e+03   1.6325173e-46
   1.3278000e+03   1.6604900e-46
   1.3401000e+03   1.6889602e-46
   1.3525000e+03   1.7179345e-46
   1.3650000e+03   1.7474196e-46
   1.3777000e+03   1.7774222e-46
   1.3904000e+03   1.8082181e-46
   1.4033000e+03   1.8392784e-46
   1.4163000e+03   1.8711504e-46
   1.4294000e+03   1.9035721e-46
   1.4426000e+03   1.9365506e-46
   1.4560000e+03   1.9700930e-46
   1.4695000e+03   2.0044896e-46
   1.4831000e+03   2.0391840e-46
   1.4968000e+03   2.0747522e-46
   1.5107000e+03   2.1109184e-46
   1.5247000e+03   2.1479834e-46
   1.5388000e+03   2.1853709e-46
   1.5531000e+03   2.2236774e-46
   1.5675000e+03   2.2626176e-46
   1.5820000e+03   2.3021993e-46
   1.5966000e+03   2.3427364e-46
   1.6114000e+03   2.3839360e-46
   1.6263000e+03   2.4258063e-46
   1.6414000e+03   2.4686694e-46
   1.6566000e+03   2.5131761e-46
   1.6719000e+03   2.5657632e-46
   1.6874000e+03   2.6017690e-46
   1.7031000e+03   2.6477798e-46
   1.7188000e+03   2.6945223e-46
   1.7348000e+03   2.7420048e-46
   1.7508000e+03   2.7909044e-46
   1.7670000e+03   2.8402361e-46
   1.7834000e+03   2.8906800e-46
   1.7999000e+03   2.9422541e-46
   1.8166000e+03   2.9942842e-46
   1.8334000e+03   3.0478176e-46
   1.8504000e+03   3.1021777e-46
   1.8675000e+03   3.1573736e-46
   1.8848000e+03   3.2137733e-46
   1.9023000e+03   3.2710340e-46
   1.9199000e+03   3.3295301e-46
   1.9377000e+03   3.3892810e-46
   1.9557000e+03   3.4499348e-46
   1.9738000e+03   3.5115012e-46
   1.9920000e+03   3.5747465e-46
   2.0105000e+03   3.6393193e-46
   2.0291000e+03   3.7040852e-46
   2.0479000e+03   3.7705872e-46
   2.0669000e+03   3.8384646e-46
   2.0860000e+03   3.9073429e-46
   2.1053000e+03   3.9776314e-46
   2.1248000e+03   4.0493513e-46
   2.1445000e+03   4.1225242e-46
   2.1644000e+03   4.1967620e-46
   2.1844000e+03   4.2724890e-46
   2.2047000e+03   4.3493103e-46
   2.2251000e+03   4.4280785e-46
   2.2457000e+03   4.5079782e-46
   2.2665000e+03   4.5898778e-46
   2.2875000e+03   4.6798669e-46
   2.3087000e+03   4.7571972e-46
   2.3301000e+03   4.8435206e-46
   2.3516000e+03   4.9310644e-46
   2.3734000e+03   5.0202884e-46
   2.3954000e+03   5.1116688e-46
   2.4176000e+03   5.2043297e-46
   2.4400000e+03   5.2987436e-46
   2.4626000e+03   5.3949353e-46
   2.4854000e+03   5.4929297e-46
   2.5084000e+03   5.5927520e-46
   2.5316000e+03   5.6944277e-46
   2.5551000e+03   5.7979824e-46
   2.5788000e+03   5.9034421e-46
   2.6026000e+03   6.0108329e-46
   2.6268000e+03   6.1206760e-46
   2.6511000e+03   6.2320130e-46
   2.6756000e+03   6.3458648e-46
   2.7004000e+03   6.4612556e-46
   2.7254000e+03   6.5792250e-46
   2.7507000e+03   6.6992969e-46
   2.7762000e+03   6.8214992e-46
   2.8019000e+03   6.9463874e-46
   2.8278000e+03   7.0729402e-46
   2.8540000e+03   7.2022457e-46
   2.8804000e+03   7.3338056e-46
   2.9071000e+03   7.4681958e-46
   2.9340000e+03   7.6049093e-46
   2.9612000e+03   7.7439758e-46
   2.9887000e+03   7.8859872e-46
   3.0163000e+03   8.0309892e-46
   3.0443000e+03   8.1773122e-46
   3.0725000e+03   8.3266874e-46
   3.1009000e+03   8.4797440e-46
   3.1296000e+03   8.6347822e-46
   3.1586000e+03   8.7930041e-46
   3.1879000e+03   8.9544578e-46
   3.2174000e+03   9.1185881e-46
   3.2472000e+03   9.2860373e-46
   3.2773000e+03   9.4568550e-46
   3.3076000e+03   9.6304709e-46
   3.3383000e+03   9.8069186e-46
   3.3692000e+03   9.9874961e-46
   3.4004000e+03   1.0170997e-45
   3.4319000e+03   1.0357455e-45
   3.4637000e+03   1.0548205e-45
   3.4958000e+03   1.0742006e-45
   3.5282000e+03   1.0939556e-45
   3.5608000e+03   1.1140909e-45
   3.5938000e+03   1.1346119e-45
   3.6271000e+03   1.1554561e-45
   3.6607000e+03   1.1766958e-45
   3.6946000e+03   1.1984059e-45
   3.7288000e+03   1.2204542e-45
   3.7634000e+03   1.2429150e-45
   3.7982000e+03   1.2658652e-45
   3.8334000e+03   1.2913961e-45
   3.8689000e+03   1.3129028e-45
   3.9047000e+03   1.3370724e-45
   3.9409000e+03   1.3617576e-45
   3.9774000e+03   1.3868921e-45
   4.0142000e+03   1.4124067e-45
   4.0514000e+03   1.4384573e-45
   4.0889000e+03   1.4650522e-45
   4.1268000e+03   1.4920451e-45
   4.1650000e+03   1.5195963e-45
   4.2036000e+03   1.5476356e-45
   4.2426000e+03   1.5761694e-45
   4.2819000e+03   1.6052844e-45
   4.3215000e+03   1.6349084e-45
   4.3615000e+03   1.6651296e-45
   4.4019000e+03   1.6958748e-45
   4.4427000e+03   1.7272336e-45
   4.4839000e+03   1.7591314e-45
   4.5254000e+03   1.7915749e-45
   4.5673000e+03   1.8247421e-45
   4.6096000e+03   1.8584721e-45
   4.6523000e+03   1.8927720e-45
   4.6954000e+03   1.9278246e-45
   4.7389000e+03   1.9634647e-45
   4.7828000e+03   1.9996995e-45
   4.8271000e+03   2.0367169e-45
   4.8718000e+03   2.0743470e-45
   4.9169000e+03   2.1127812e-45
   4.9624000e+03   2.1518465e-45
   5.0084000e+03   2.1916442e-45
   5.0548000e+03   2.2321845e-45
   5.1016000e+03   2.2734778e-45
   5.1489000e+03   2.3155344e-45
   5.1966000e+03   2.3584621e-45
   5.2447000e+03   2.4020781e-45
   5.2933000e+03   2.4465884e-45
   5.3423000e+03   2.4919066e-45
   5.3918000e+03   2.5380436e-45
   5.4417000e+03   2.5850106e-45
   5.4921000e+03   2.6329213e-45
   5.5430000e+03   2.6816862e-45
   5.5943000e+03   2.7313166e-45
   5.6461000e+03   2.7819295e-45
   5.6984000e+03   2.8334329e-45
   5.7512000e+03   2.8859458e-45
   5.8045000e+03   2.9393747e-45
   5.8582000e+03   2.9938407e-45
   5.9125000e+03   3.0493588e-45
   5.9673000e+03   3.1058329e-45
   6.0225000e+03   3.1635000e-45
   6.0783000e+03   3.2220382e-45
   6.1346000e+03   3.2818004e-45
   6.1914000e+03   3.3426899e-45
   6.2488000e+03   3.4046058e-45
   6.3067000e+03   3.4677965e-45
   6.3651000e+03   3.5320438e-45
   6.4240000e+03   3.5976004e-45
   6.4835000e+03   3.6642441e-45
   6.5436000e+03   3.7322325e-45
   6.6042000e+03   3.8014623e-45
   6.6654000e+03   3.8719506e-45
   6.7271000e+03   3.9438400e-45
   6.7894000e+03   4.0168976e-45
   6.8523000e+03   4.0915212e-45
   6.9158000e+03   4.1674771e-45
   6.9798000e+03   4.2446528e-45
   7.0445000e+03   4.3234570e-45
   7.1097000e+03   4.4036496e-45
   7.1756000e+03   4.4853827e-45
   7.2420000e+03   4.5686785e-45
   7.3091000e+03   4.6534227e-45
   7.3768000e+03   4.7397717e-45
   7.4451000e+03   4.8277483e-45
   7.5141000e+03   4.9173754e-45
   7.5837000e+03   5.0086760e-45
   7.6539000e+03   5.1016735e-45
   7.7248000e+03   5.1963914e-45
   7.7964000e+03   5.2928535e-45
   7.8686000e+03   5.3910838e-45
   7.9415000e+03   5.4912546e-45
   8.0150000e+03   5.5932449e-45
   8.0892000e+03   5.6970794e-45
   8.1642000e+03   5.8027830e-45
   8.2398000e+03   5.9105344e-45
   8.3161000e+03   6.0203633e-45
   8.3931000e+03   6.1321429e-45
   8.4709000e+03   6.2460570e-45
   8.5493000e+03   6.3619766e-45
   8.6285000e+03   6.4802500e-45
   8.7084000e+03   6.6005875e-45
   8.7891000e+03   6.7231800e-45
   8.8705000e+03   6.8480590e-45
   8.9527000e+03   6.9752563e-45
   9.0356000e+03   7.1048041e-45
   9.1193000e+03   7.2369049e-45
   9.2037000e+03   7.3712527e-45
   9.2890000e+03   7.5082225e-45
   9.3750000e+03   7.6476774e-45
   9.4618000e+03   7.7898276e-45
   9.5495000e+03   7.9345338e-45
   9.6379000e+03   8.0820100e-45
   9.7272000e+03   8.2321144e-45
   9.8173000e+03   8.3850649e-45
   9.9082000e+03   8.5409019e-45
   1.0000000e+04   8.6996660e-45
