1.000000000000000000e+00 6.045529009000000408e-31
1.009300000000000086e+00 5.221507600000000642e-31
1.018599999999999950e+00 4.510062648999999545e-31
1.028000000000000025e+00 3.895507396000000371e-31
1.037600000000000078e+00 3.364812048999999932e-31
1.047199999999999909e+00 2.906503743999999905e-31
1.056899999999999951e+00 2.510711448999999728e-31
1.066699999999999982e+00 2.168764899999999607e-31
1.076500000000000012e+00 1.873504656000000034e-31
1.086500000000000021e+00 1.618452900000000050e-31
1.096600000000000019e+00 1.398161664000000067e-31
1.106700000000000017e+00 1.207910025000000084e-31
1.116999999999999993e+00 1.043548416000000131e-31
1.127299999999999969e+00 9.016207289999999567e-32
1.137799999999999923e+00 7.789680999999999196e-32
1.148300000000000098e+00 6.730392490000000106e-32
1.158900000000000041e+00 5.815332249999999684e-32
1.169699999999999962e+00 5.024770559999999205e-32
1.180500000000000105e+00 4.341805689999999793e-32
1.191500000000000004e+00 3.751968999999999938e-32
1.202499999999999902e+00 3.242160360000000517e-32
1.213600000000000012e+00 2.801606439999999708e-32
1.224900000000000100e+00 2.421136000000000159e-32
1.236199999999999966e+00 2.092362249999999710e-32
1.247700000000000031e+00 1.808487039999999919e-32
1.259200000000000097e+00 1.563000040000000305e-32
1.270899999999999919e+00 1.350941289999999901e-32
1.282599999999999962e+00 1.167696359999999964e-32
1.294499999999999984e+00 1.009221159999999899e-32
1.306499999999999995e+00 8.723746801000001019e-33
1.318599999999999994e+00 7.541011921000000323e-33
1.330799999999999983e+00 6.518947599999998642e-33
1.343199999999999950e+00 5.635655040999999442e-33
1.355599999999999916e+00 4.872179600999999805e-33
1.368200000000000083e+00 4.212269603999999964e-33
1.380800000000000027e+00 3.642001801000000506e-33
1.393599999999999950e+00 3.149005456000000296e-33
1.406500000000000083e+00 2.722856761000000339e-33
1.419599999999999973e+00 2.354481529000000149e-33
1.432700000000000085e+00 2.035994883999999824e-33
1.445999999999999952e+00 1.760725520999999938e-33
1.459400000000000031e+00 1.522716484000000078e-33
1.472900000000000098e+00 1.316964100000000025e-33
1.486499999999999932e+00 1.138995001000000064e-33
1.500299999999999967e+00 9.852065440000000011e-34
1.514199999999999990e+00 8.521728640000000989e-34
1.528200000000000003e+00 7.371768009999999544e-34
1.542399999999999993e+00 6.377140089999999764e-34
1.556699999999999973e+00 5.516861439999999774e-34
1.571099999999999941e+00 4.772914090000000663e-34
1.585599999999999898e+00 4.129836840000000245e-34
1.600300000000000056e+00 3.573234089999999458e-34
1.615099999999999980e+00 3.091970560000000393e-34
1.630100000000000104e+00 2.675514489999999961e-34
1.645199999999999996e+00 2.315570890000000534e-34
1.660400000000000098e+00 2.003923360000000405e-34
1.675799999999999956e+00 1.734489000000000105e-34
1.691300000000000026e+00 1.501115040000000161e-34
1.707000000000000073e+00 1.299372010000000139e-34
1.722800000000000109e+00 1.124872360000000006e-34
1.738799999999999901e+00 9.738729224999998122e-35
1.754899999999999904e+00 8.431646975999999965e-35
1.771099999999999897e+00 7.300506249000000429e-35
1.787500000000000089e+00 6.321681080999999913e-35
1.804100000000000037e+00 5.474668080999999322e-35
1.820799999999999974e+00 4.742112769000000154e-35
1.837699999999999889e+00 4.109194608999999541e-35
1.854700000000000015e+00 3.567075625000000567e-35
1.871899999999999897e+00 3.226126401000000032e-35
1.889199999999999990e+00 2.722021928999999920e-35
1.906700000000000061e+00 2.318807715999999944e-35
1.924400000000000110e+00 2.005158840999999944e-35
1.942199999999999926e+00 1.736305560999999746e-35
1.960199999999999942e+00 1.504121088999999647e-35
1.978299999999999947e+00 1.303209999999999909e-35
1.996599999999999930e+00 1.129363236000000021e-35
2.015099999999999891e+00 9.787512249999999942e-36
2.033799999999999830e+00 8.483238759999998619e-36
2.052599999999999980e+00 7.353316889999999640e-36
2.071600000000000108e+00 6.374615039999998677e-36
2.090800000000000214e+00 5.526730809999999426e-36
2.110199999999999854e+00 4.792158810000000417e-36
2.129700000000000149e+00 4.155482249999999626e-36
2.149500000000000188e+00 3.603542890000000669e-36
2.169399999999999995e+00 3.125470410000000419e-36
2.189499999999999780e+00 2.710962250000000324e-36
2.209799999999999986e+00 2.351622249999999879e-36
2.230199999999999960e+00 2.040040889999999845e-36
2.250900000000000123e+00 1.769964160000000257e-36
2.271700000000000053e+00 1.535864489999999944e-36
2.292800000000000171e+00 1.332639359999999913e-36
2.314000000000000057e+00 1.156700249999999972e-36
2.335399999999999920e+00 1.003803610000000020e-36
2.357099999999999973e+00 8.714222500000001193e-37
2.378899999999999793e+00 7.564998529000000339e-37
2.400900000000000034e+00 6.568129935999999705e-37
2.423200000000000021e+00 5.703119361000000305e-37
2.445600000000000218e+00 4.952499875999999384e-37
2.468300000000000161e+00 4.301261056000000453e-37
2.491099999999999870e+00 3.736021128999999445e-37
2.514200000000000212e+00 3.245353023999999697e-37
2.537500000000000089e+00 2.819397604000000462e-37
2.560999999999999943e+00 2.449755024999999947e-37
2.584700000000000220e+00 2.128715044000000418e-37
2.608699999999999797e+00 1.849946121000000160e-37
2.632800000000000029e+00 1.607929800999999870e-37
2.657200000000000006e+00 1.397712996000000085e-37
2.681799999999999962e+00 1.215080164000000016e-37
2.706700000000000106e+00 1.056510015999999940e-37
2.731700000000000017e+00 9.186961000000000018e-38
2.757000000000000117e+00 7.989667560000000964e-38
2.782599999999999962e+00 6.949023210000000800e-38
2.808300000000000018e+00 6.045205689999999182e-38
2.834299999999999820e+00 5.259224889999999716e-38
2.860599999999999810e+00 4.575748810000000187e-38
2.887100000000000222e+00 3.982020250000000021e-38
2.913800000000000168e+00 3.465554559999999816e-38
2.940799999999999859e+00 3.016474239999999846e-38
2.968100000000000183e+00 2.626020250000000342e-38
2.995499999999999829e+00 2.286446409999999823e-38
3.023299999999999876e+00 1.990920999999999797e-38
3.051299999999999901e+00 1.733962240000000141e-38
3.079600000000000115e+00 1.510195210000000126e-38
3.108099999999999863e+00 1.315609000000000016e-38
3.136899999999999800e+00 1.146184359999999956e-38
3.165900000000000158e+00 9.988403364000000166e-39
3.195199999999999818e+00 8.704890000000000480e-39
3.224800000000000111e+00 7.587281025000000910e-39
3.254700000000000149e+00 6.614243583999999226e-39
3.284899999999999931e+00 5.766883599999999833e-39
3.315300000000000136e+00 5.028795395999999514e-39
3.346000000000000085e+00 4.385883076000000437e-39
3.376999999999999780e+00 3.825669904000000584e-39
3.408300000000000107e+00 3.337603983999999698e-39
3.439799999999999969e+00 2.912221225000000058e-39
3.471699999999999786e+00 2.541571396000000199e-39
3.503800000000000026e+00 2.218315801000000015e-39
3.536300000000000221e+00 1.936616048999999857e-39
3.568999999999999950e+00 1.690936641000000106e-39
3.602100000000000080e+00 1.476634328999999756e-39
3.635499999999999954e+00 1.289815396000000247e-39
3.669099999999999806e+00 1.126743489000000037e-39
3.703100000000000058e+00 9.845161289999998649e-40
3.737400000000000055e+00 8.604248889999999120e-40
3.771999999999999797e+00 7.521306250000001447e-40
3.806999999999999940e+00 6.575634489999999516e-40
3.842200000000000060e+00 5.749924409999999587e-40
3.877800000000000136e+00 5.029254760000000122e-40
3.913699999999999957e+00 4.399925760000000265e-40
3.950000000000000178e+00 3.850228839999999932e-40
3.986600000000000144e+00 3.369794489999999851e-40
4.023500000000000298e+00 2.950149760000000191e-40
4.060800000000000409e+00 2.583413289999999749e-40
4.098399999999999821e+00 2.262918489999999669e-40
4.136300000000000310e+00 1.982745610000000093e-40
4.174699999999999633e+00 1.737651240000000238e-40
4.213300000000000267e+00 1.523249640000000087e-40
4.252299999999999969e+00 1.335873640000000032e-40
4.291699999999999626e+00 1.171806249999999853e-40
4.331500000000000128e+00 1.028398810000000059e-40
4.371599999999999930e+00 9.026900100000000426e-41
4.412099999999999689e+00 7.927053156000000410e-41
4.453000000000000291e+00 6.964069401000000763e-41
4.494200000000000195e+00 6.120558755999998981e-41
4.535800000000000054e+00 5.381542880999999993e-41
4.577799999999999869e+00 4.733990416000001340e-41
4.620199999999999640e+00 4.166444304000000111e-41
4.663000000000000256e+00 3.668724899999999419e-41
4.706199999999999939e+00 3.232263608999999653e-41
4.749799999999999578e+00 2.849317640999999832e-41
4.793800000000000061e+00 2.513317689000000061e-41
4.838199999999999612e+00 2.218315800999999811e-41
4.883000000000000007e+00 1.959213168999999895e-41
4.928200000000000358e+00 1.731724995999999999e-41
4.973900000000000432e+00 1.531704768999999779e-41
5.019999999999999574e+00 1.355933329000000263e-41
5.066499999999999559e+00 1.201384921000000132e-41
5.113400000000000389e+00 1.065304320999999996e-41
5.160700000000000287e+00 9.455625000000000749e-42
5.208499999999999908e+00 8.401302249999999726e-42
5.256800000000000139e+00 7.472022249999999519e-42
5.305500000000000327e+00 6.653304359999999775e-42
5.354599999999999582e+00 5.930686089999999940e-42
5.404200000000000337e+00 5.292760360000000443e-42
5.454299999999999926e+00 4.729755040000000049e-42
5.504800000000000360e+00 4.232071840000000132e-42
5.555799999999999628e+00 3.791977289999999550e-42
5.607199999999999740e+00 3.402549160000000493e-42
5.659200000000000230e+00 3.057252250000000257e-42
5.711599999999999788e+00 2.751617440000000011e-42
5.764499999999999957e+00 2.480310010000000077e-42
5.817899999999999849e+00 2.239212959999999653e-42
5.871800000000000352e+00 2.025213609999999921e-42
5.926199999999999690e+00 1.834670249999999770e-42
5.980999999999999872e+00 1.665132159999999972e-42
6.036400000000000432e+00 1.513638089999999859e-42
6.092299999999999827e+00 1.378745640000000029e-42
6.148799999999999599e+00 1.257986560000000191e-42
6.205700000000000216e+00 1.150041759999999900e-42
6.263200000000000323e+00 1.053291690000000194e-42
6.321200000000000152e+00 9.663479808999998348e-43
6.379800000000000360e+00 8.883251000999998563e-43
6.438900000000000290e+00 8.181202500000001413e-43
6.498499999999999943e+00 7.548481923999998264e-43
6.558699999999999974e+00 6.977427961000000875e-43
6.619399999999999729e+00 6.461265924000000736e-43
6.680699999999999861e+00 5.993856400000000323e-43
6.742600000000000371e+00 5.569935423999999598e-43
6.805100000000000371e+00 5.184864036000000056e-43
6.868100000000000094e+00 4.834420900000000149e-43
6.931700000000000195e+00 4.514899248999999728e-43
6.995899999999999785e+00 4.223180195999999585e-43
7.060699999999999754e+00 3.956410000000000376e-43
7.126100000000000101e+00 3.711855625000000391e-43
7.192099999999999937e+00 3.487493025000000423e-43
7.258700000000000152e+00 3.281112960999999506e-43
7.325999999999999623e+00 3.091137603999999779e-43
7.393799999999999706e+00 2.915892001000000226e-43
7.462299999999999933e+00 2.753940483999999912e-43
7.531399999999999650e+00 2.604060900000000516e-43
7.601200000000000401e+00 2.465122500000000326e-43
7.671599999999999753e+00 2.336272225000000095e-43
7.742600000000000371e+00 2.216432240999999626e-43
7.814400000000000013e+00 2.104882640999999640e-43
7.886700000000000266e+00 2.000951824000000523e-43
7.959800000000000431e+00 1.904013224999999894e-43
8.033500000000000085e+00 1.770305625000000198e-43
8.107900000000000773e+00 1.684117443999999815e-43
8.182999999999999829e+00 1.603121520999999771e-43
8.258800000000000807e+00 1.527090084000000064e-43
8.335300000000000153e+00 1.455651408999999878e-43
8.412499999999999645e+00 1.388382120999999905e-43
8.490399999999999281e+00 1.325032801000000091e-43
8.569100000000000605e+00 1.265224899999999860e-43
8.648400000000000531e+00 1.208883360999999876e-43
8.728500000000000369e+00 1.155592035999999973e-43
8.809400000000000119e+00 1.105363009000000083e-43
8.891000000000000014e+00 1.057745528999999974e-43
8.973300000000000054e+00 1.012830625000000160e-43
9.056400000000000006e+00 9.702602010000000493e-44
9.140299999999999869e+00 9.299450250000001629e-44
9.224999999999999645e+00 8.918584959999998870e-44
9.310399999999999565e+00 8.557380090000000132e-44
9.396599999999999397e+00 8.215675690000000454e-44
9.483700000000000685e+00 7.892728359999999668e-44
9.571500000000000341e+00 7.587270249999999370e-44
9.660199999999999676e+00 7.298642560000000194e-44
9.749599999999999156e+00 7.026210489999998910e-44
9.839999999999999858e+00 6.769883609999999464e-44
9.931100000000000705e+00 6.528536010000001133e-44
1.002299999999999969e+01 6.303112360000001091e-44
1.011599999999999966e+01 6.056521000000000969e-44
1.021000000000000085e+01 5.819673760000000280e-44
1.030400000000000027e+01 5.594171039999999963e-44
1.040000000000000036e+01 5.374978559999999615e-44
1.049600000000000044e+01 5.166074409999999331e-44
1.059299999999999997e+01 4.964875239999999896e-44
1.069100000000000072e+01 4.771603359999999310e-44
1.078999999999999915e+01 4.585593959999999948e-44
1.089000000000000057e+01 4.406640639999999730e-44
1.099099999999999966e+01 4.234540840000000337e-44
1.109299999999999997e+01 4.069095839999999743e-44
1.119599999999999973e+01 3.910110759999999687e-44
1.129899999999999949e+01 3.758557689999999345e-44
1.140399999999999991e+01 3.611520159999999725e-44
1.150999999999999979e+01 3.470396409999999899e-44
1.161599999999999966e+01 3.335736959999999954e-44
1.172400000000000020e+01 3.205174090000000448e-44
1.183200000000000074e+01 3.081078089999999736e-44
1.194200000000000017e+01 2.960464359999999925e-44
1.205300000000000082e+01 2.844619560000000097e-44
1.216399999999999970e+01 2.734392959999999859e-44
1.227699999999999925e+01 2.627316809999999786e-44
1.239100000000000001e+01 2.524603209999999925e-44
1.250500000000000078e+01 2.426740839999999976e-44
1.262100000000000044e+01 2.332034409999999829e-44
1.273799999999999955e+01 2.241009000000000038e-44
1.285599999999999987e+01 2.153556250000000046e-44
1.297499999999999964e+01 2.069857689999999892e-44
1.309500000000000064e+01 1.989228159999999882e-44
1.321700000000000053e+01 1.911029760000000271e-44
1.333900000000000041e+01 1.836838090000000272e-44
1.346299999999999919e+01 1.764912249999999683e-44
1.358699999999999974e+01 1.696506249999999738e-44
1.371299999999999919e+01 1.630218239999999981e-44
1.383999999999999986e+01 1.566752889999999675e-44
1.396799999999999997e+01 1.505774410000000144e-44
1.409800000000000075e+01 1.446727840000000123e-44
1.422799999999999976e+01 1.390512640000000117e-44
1.435999999999999943e+01 1.336336000000000231e-44
1.449300000000000033e+01 1.284142239999999930e-44
1.462700000000000067e+01 1.234098810000000230e-44
1.476299999999999990e+01 1.185920999999999996e-44
1.490000000000000036e+01 1.139556250000000132e-44
1.503800000000000026e+01 1.095162250000000141e-44
1.517699999999999960e+01 1.052470809999999910e-44
1.531700000000000017e+01 1.011633640000000103e-44
1.545899999999999963e+01 9.721762801000000454e-45
1.560200000000000031e+01 9.343155599999999475e-45
1.574699999999999989e+01 8.977562500000000382e-45
1.589300000000000068e+01 8.627251689000000866e-45
1.603999999999999915e+01 8.291195135999999442e-45
1.618900000000000006e+01 7.966990563999998819e-45
1.633899999999999864e+01 7.656249999999999815e-45
1.648999999999999844e+01 7.358379961000000537e-45
1.664300000000000068e+01 7.070959921000001007e-45
1.679700000000000060e+01 6.795529225000001315e-45
1.695200000000000173e+01 6.531549123999999276e-45
1.710900000000000176e+01 6.276917529000000077e-45
1.726800000000000068e+01 6.031386244000000547e-45
1.742800000000000082e+01 5.796081424000000385e-45
1.758899999999999864e+01 5.570681768999999849e-45
1.775199999999999889e+01 5.353263556000000207e-45
1.791700000000000159e+01 5.143901841000000274e-45
1.808200000000000074e+01 4.944480488999999452e-45
1.825000000000000000e+01 4.751069184000000739e-45
1.841900000000000048e+01 4.565840040999999394e-45
1.858999999999999986e+01 4.387472643999999325e-45
1.876200000000000045e+01 4.216554225000000348e-45
1.893599999999999994e+01 4.051959024999999325e-45
1.911100000000000065e+01 3.894259216000000142e-45
1.928800000000000026e+01 3.742380625000000816e-45
1.946699999999999875e+01 3.596161023999999508e-45
1.964699999999999847e+01 3.456264099999999881e-45
1.982900000000000063e+01 3.321447423999999229e-45
2.001200000000000045e+01 3.170816099999999418e-45
2.019800000000000040e+01 3.042184335999999413e-45
2.038500000000000156e+01 2.919673155999999490e-45
2.057400000000000162e+01 2.802961248999999588e-45
2.076399999999999935e+01 2.691638160999999880e-45
2.095700000000000074e+01 2.585620801000000070e-45
2.115099999999999980e+01 2.484424335999999672e-45
2.134700000000000131e+01 2.387983689000000081e-45
2.154400000000000048e+01 2.295943056000000069e-45
2.174399999999999977e+01 2.208248063999999944e-45
2.194500000000000028e+01 2.124564648999999913e-45
2.214900000000000091e+01 2.044667524000000273e-45
2.235399999999999920e+01 1.968519423999999973e-45
2.256099999999999994e+01 1.895905763999999831e-45
2.276999999999999957e+01 1.826622120999999881e-45
2.298100000000000165e+01 1.760557680999999824e-45
2.319300000000000139e+01 1.697687209000000203e-45
2.340800000000000125e+01 1.637739960999999684e-45
2.362500000000000000e+01 1.580698564000000079e-45
2.384400000000000119e+01 1.526386760999999806e-45
2.406500000000000128e+01 1.474790409000000081e-45
2.428800000000000026e+01 1.425742081000000063e-45
2.451300000000000168e+01 1.379305321000000131e-45
2.473999999999999844e+01 1.335244680999999937e-45
2.496900000000000119e+01 1.293697023999999841e-45
2.519999999999999929e+01 1.254505561000000047e-45
2.543299999999999983e+01 1.199929600000000001e-45
2.566900000000000048e+01 1.147583376000000169e-45
2.590700000000000003e+01 1.097530640999999865e-45
2.614699999999999847e+01 1.049759999999999918e-45
2.638899999999999935e+01 1.004065969000000182e-45
2.663299999999999912e+01 9.603800999999998402e-46
2.687999999999999901e+01 9.185142490000000221e-46
2.712900000000000134e+01 8.785295999999999856e-46
2.737999999999999901e+01 8.403041440000000387e-46
2.763400000000000034e+01 8.036091040000001436e-46
2.789000000000000057e+01 7.686201760000000652e-46
2.814799999999999969e+01 7.351689960000000343e-46
2.840899999999999892e+01 7.031512890000001169e-46
2.867200000000000060e+01 6.725204889999999796e-46
2.893799999999999883e+01 6.431803209999999548e-46
2.920599999999999952e+01 6.151888090000000684e-46
2.947599999999999909e+01 5.884020489999999597e-46
2.974899999999999878e+01 5.627807289999999614e-46
3.002499999999999858e+01 5.382399999999999683e-46
3.030300000000000082e+01 5.147907209999999909e-46
3.058299999999999841e+01 4.924404809999999472e-46
3.086700000000000088e+01 4.709334010000000372e-46
3.115299999999999869e+01 4.504157290000000033e-46
3.144099999999999895e+01 4.308530490000000586e-46
3.173199999999999932e+01 4.120900000000000450e-46
3.202600000000000335e+01 3.941416089999999907e-46
3.232300000000000040e+01 3.769422249999999871e-46
3.262199999999999989e+01 3.605441440000000696e-46
3.292399999999999949e+01 3.448448999999999529e-46
3.322899999999999920e+01 3.298219209999999569e-46
3.353699999999999903e+01 3.154531210000000064e-46
3.384799999999999898e+01 3.016821609999999891e-46
3.416100000000000136e+01 2.885921440000000265e-46
3.447800000000000153e+01 2.759917690000000263e-46
3.479699999999999704e+01 2.639650089999999898e-46
3.511899999999999977e+01 2.524920999999999853e-46
3.544500000000000028e+01 2.414605210000000150e-46
3.577300000000000324e+01 2.309488090000000207e-46
3.610399999999999920e+01 2.209087689999999633e-46
3.643900000000000006e+01 2.112662250000000480e-46
3.677600000000000335e+01 2.020946559999999753e-46
3.711699999999999733e+01 1.932656040000000463e-46
3.746099999999999852e+01 1.848512159999999711e-46
3.780700000000000216e+01 1.768102090000000338e-46
3.815800000000000125e+01 1.691040160000000196e-46
3.851100000000000279e+01 1.617475240000000012e-46
3.886800000000000210e+01 1.547038439999999870e-46
3.922800000000000153e+01 1.479628959999999999e-46
3.959100000000000108e+01 1.415148160000000061e-46
3.995799999999999841e+01 1.353499559999999929e-46
4.032800000000000296e+01 1.314232959999999971e-46
4.070100000000000051e+01 1.275770250000000023e-46
4.107800000000000296e+01 1.238546409999999951e-46
4.145900000000000318e+01 1.202531559999999925e-46
4.184300000000000352e+01 1.167480249999999903e-46
4.222999999999999687e+01 1.133799040000000157e-46
4.262199999999999989e+01 1.100820639999999999e-46
4.301599999999999824e+01 1.068949210000000076e-46
4.341499999999999915e+01 1.038157210000000086e-46
4.381700000000000017e+01 1.008417640000000025e-46
4.422299999999999898e+01 9.796644483999999642e-47
4.463199999999999790e+01 9.517368249000000681e-47
4.504599999999999937e+01 9.247514895999999312e-47
4.546300000000000097e+01 8.986660803999999528e-47
4.588400000000000034e+01 8.735706225000000397e-47
4.630899999999999750e+01 8.492728335999999752e-47
4.673799999999999955e+01 8.257902128999999324e-47
4.717099999999999937e+01 8.031565161000000283e-47
4.760799999999999699e+01 7.812968880999999314e-47
4.804899999999999949e+01 7.601572968999998723e-47
4.849399999999999977e+01 7.397892121000000580e-47
4.894299999999999784e+01 7.201219600000000701e-47
4.939600000000000080e+01 7.011382755999999516e-47
4.985399999999999920e+01 6.828377956000000395e-47
5.031499999999999773e+01 6.651544249000000671e-47
5.078199999999999648e+01 6.481055024999999174e-47
5.125200000000000244e+01 6.316593528999999720e-47
5.172699999999999676e+01 6.158011729000000712e-47
5.220600000000000307e+01 6.005010064000000994e-47
5.268900000000000006e+01 5.857453156000000220e-47
5.317699999999999960e+01 5.714906409000000315e-47
5.367000000000000171e+01 5.577699856000000312e-47
5.416700000000000159e+01 5.445406848999998739e-47
5.466899999999999693e+01 5.317618084000000579e-47
5.517499999999999716e+01 5.194373183999999307e-47
5.568599999999999994e+01 5.075565049000000453e-47
5.620199999999999818e+01 4.960948356000000438e-47
5.672200000000000131e+01 4.850565316000000061e-47
5.724799999999999756e+01 4.744041129000000773e-47
5.777799999999999869e+01 4.641151876000000391e-47
5.831300000000000239e+01 4.542086025000000608e-47
5.885300000000000153e+01 4.446489124000000218e-47
5.939800000000000324e+01 4.354284169000000658e-47
5.994800000000000040e+01 4.265396099999999818e-47
6.050399999999999778e+01 4.179622500000000182e-47
6.106400000000000006e+01 4.096896048999999600e-47
6.163000000000000256e+01 4.017151160999999816e-47
6.220000000000000284e+01 3.940323984000000146e-47
6.277700000000000102e+01 3.866103684000000091e-47
6.335799999999999699e+01 3.794436800999999645e-47
6.394500000000000028e+01 3.725393296000000056e-47
6.453700000000000614e+01 3.658677169000000276e-47
6.513500000000000512e+01 3.594482116000000008e-47
6.573799999999999955e+01 3.532519225000000216e-47
6.634699999999999420e+01 3.472627040999999863e-47
6.696200000000000330e+01 3.414999844000000187e-47
6.758199999999999363e+01 3.359245681000000044e-47
6.820799999999999841e+01 3.305560035999999813e-47
6.884000000000000341e+01 3.253789764000000316e-47
6.947700000000000387e+01 3.203786404000000378e-47
7.012099999999999511e+01 3.155518275999999958e-47
7.076999999999999602e+01 3.108954564000000037e-47
7.142600000000000193e+01 3.064065315999999693e-47
7.208700000000000330e+01 3.020711521000000493e-47
7.275499999999999545e+01 2.978867240999999882e-47
7.342900000000000205e+01 2.938507264000000282e-47
7.410899999999999466e+01 2.899499408999999792e-47
7.479500000000000171e+01 2.861822016000000100e-47
7.548799999999999955e+01 2.825560336000000119e-47
7.618699999999999761e+01 2.790374975999999675e-47
7.689300000000000068e+01 2.756670015999999771e-47
7.760500000000000398e+01 2.723900481000000237e-47
7.832399999999999807e+01 2.692468320999999581e-47
7.904900000000000659e+01 2.662044024999999909e-47
7.978100000000000591e+01 2.632613481000000320e-47
8.051999999999999602e+01 2.604367089000000111e-47
8.126600000000000534e+01 2.576882169000000088e-47
8.201900000000000546e+01 2.550553009000000091e-47
8.277899999999999636e+01 2.524962001000000238e-47
8.354500000000000171e+01 2.500300008999999706e-47
8.431900000000000261e+01 2.476654755999999779e-47
8.509999999999999432e+01 2.453617155999999667e-47
8.588800000000000523e+01 2.431476099999999687e-47
8.668399999999999750e+01 2.410122649000000091e-47
8.748699999999999477e+01 2.389449924000000109e-47
8.829699999999999704e+01 2.369547683999999866e-47
8.911499999999999488e+01 2.350407360999999804e-47
8.993999999999999773e+01 2.331827521000000069e-47
9.077299999999999613e+01 2.313898608999999862e-47
9.161400000000000432e+01 2.296613929000000046e-47
9.246299999999999386e+01 2.279967000999999797e-47
9.331900000000000261e+01 2.263856400000000028e-47
9.418300000000000693e+01 2.248466724000000021e-47
9.505599999999999739e+01 2.233507600000000160e-47
9.593600000000000705e+01 2.219069448999999995e-47
9.682500000000000284e+01 2.205241599999999923e-47
9.772100000000000364e+01 2.191831488999999945e-47
9.862699999999999534e+01 2.178929041000000358e-47
9.954000000000000625e+01 2.166623209000000074e-47
1.004599999999999937e+02 2.171653200999999826e-47
1.013900000000000006e+02 2.158810369000000202e-47
1.023299999999999983e+02 2.146376240999999724e-47
1.032800000000000011e+02 2.134440000000000107e-47
1.042399999999999949e+02 2.122905624999999976e-47
1.052000000000000028e+02 2.111770115999999798e-47
1.061800000000000068e+02 2.101030569000000336e-47
1.071599999999999966e+02 2.090684175999999987e-47
1.081500000000000057e+02 2.080728224999999877e-47
1.091500000000000057e+02 2.071251120999999774e-47
1.101599999999999966e+02 2.061977281000000074e-47
1.111800000000000068e+02 2.053086720999999844e-47
1.122099999999999937e+02 2.044577089000000068e-47
1.132500000000000000e+02 2.036355876000000278e-47
1.142999999999999972e+02 2.028511520999999906e-47
1.153599999999999994e+02 2.020952024999999802e-47
1.164300000000000068e+02 2.013675875999999884e-47
1.175100000000000051e+02 2.006771208999999969e-47
1.185999999999999943e+02 2.000057283999999956e-47
1.197000000000000028e+02 1.993711800999999858e-47
1.207999999999999972e+02 1.987554723999999602e-47
1.219200000000000017e+02 1.981763289000000051e-47
1.230499999999999972e+02 1.976247025000000115e-47
1.241899999999999977e+02 1.971004816000000263e-47
1.253400000000000034e+02 1.965946920999999862e-47
1.265000000000000000e+02 1.961249795999999722e-47
1.276800000000000068e+02 1.956735224999999816e-47
1.288600000000000136e+02 1.952579344000000188e-47
1.300500000000000114e+02 1.948604449000000233e-47
1.312599999999999909e+02 1.944809999999999561e-47
1.324699999999999989e+02 1.941371721000000168e-47
1.336999999999999886e+02 1.938200624999999832e-47
1.349399999999999977e+02 1.935208081000000215e-47
1.361899999999999977e+02 1.932569520999999876e-47
1.374499999999999886e+02 1.930196355999999864e-47
1.387199999999999989e+02 1.928000281000000087e-47
1.400099999999999909e+02 1.926068769000000207e-47
1.413000000000000114e+02 1.924576899999999861e-47
1.426100000000000136e+02 1.923261025000000251e-47
1.439300000000000068e+02 1.922208648999999924e-47
1.452700000000000102e+02 1.921507224999999966e-47
1.466100000000000136e+02 1.921244223999999987e-47
1.479699999999999989e+02 1.921244223999999987e-47
1.493400000000000034e+02 1.921682569000000130e-47
1.507199999999999989e+02 1.922559409000000418e-47
1.521200000000000045e+02 1.923875043999999881e-47
1.535300000000000011e+02 1.925805455999999672e-47
1.549499999999999886e+02 1.928351568999999691e-47
1.563799999999999955e+02 1.931778304000000127e-47
1.578300000000000125e+02 1.936088000999999683e-47
1.593000000000000114e+02 1.941107364000000266e-47
1.607700000000000102e+02 1.948163044000000213e-47
1.622599999999999909e+02 1.944016280999999822e-47
1.637599999999999909e+02 1.939962025000000092e-47
1.652800000000000011e+02 1.935824003999999882e-47
1.668100000000000023e+02 1.931778304000000127e-47
1.683600000000000136e+02 1.927649024999999855e-47
1.699099999999999966e+02 1.923611881000000075e-47
1.714900000000000091e+02 1.919578969000000185e-47
1.730800000000000125e+02 1.915550288999999696e-47
1.746800000000000068e+02 1.911525840999999826e-47
1.763000000000000114e+02 1.907418276000000239e-47
1.779300000000000068e+02 1.903402383999999858e-47
1.795800000000000125e+02 1.899390723999999851e-47
1.812400000000000091e+02 1.895383296000000219e-47
1.829199999999999875e+02 1.891467081000000017e-47
1.846100000000000136e+02 1.887468025000000207e-47
1.863199999999999932e+02 1.883473200999999800e-47
1.880500000000000114e+02 1.879482609000000010e-47
1.897899999999999920e+02 1.875582863999999881e-47
1.915500000000000114e+02 1.871600644000000156e-47
1.933199999999999932e+02 1.867622656000000320e-47
1.951100000000000136e+02 1.863735241000000087e-47
1.969199999999999875e+02 1.859765624999999586e-47
1.987500000000000000e+02 1.855886400000000289e-47
2.005900000000000034e+02 1.862440335999999853e-47
2.024399999999999977e+02 1.868659983999999778e-47
2.043199999999999932e+02 1.874803401000000160e-47
2.062100000000000080e+02 1.880783424000000141e-47
2.081200000000000045e+02 1.886772969000000358e-47
2.100500000000000114e+02 1.892772036000000324e-47
2.120000000000000000e+02 1.898606329000000318e-47
2.139600000000000080e+02 1.904536880999999836e-47
2.159399999999999977e+02 1.910476681000000261e-47
2.179399999999999977e+02 1.916513284000000222e-47
2.199600000000000080e+02 1.922647104000000003e-47
2.220000000000000000e+02 1.928790723999999938e-47
2.240500000000000114e+02 1.935120099999999776e-47
2.261299999999999955e+02 1.941547969000000199e-47
2.282199999999999989e+02 1.948074768999999684e-47
2.303400000000000034e+02 1.954700944000000266e-47
2.324699999999999989e+02 1.961426944000000004e-47
2.346200000000000045e+02 1.968341955999999744e-47
2.368000000000000114e+02 1.975535809000000212e-47
2.389900000000000091e+02 1.982653729000000115e-47
2.411999999999999886e+02 1.990141320999999748e-47
2.434399999999999977e+02 1.997732415999999857e-47
2.456899999999999977e+02 2.005427524000000300e-47
2.479699999999999989e+02 2.013406641000000112e-47
2.502599999999999909e+02 2.021491521000000190e-47
2.525800000000000125e+02 2.029772808999999816e-47
2.549199999999999875e+02 2.038341904000000083e-47
2.572799999999999727e+02 2.046929049000000321e-47
2.596700000000000159e+02 2.055896964000000076e-47
2.620699999999999932e+02 2.064975363999999811e-47
2.645000000000000000e+02 2.074347025000000168e-47
2.669499999999999886e+02 2.083831200999999921e-47
2.694200000000000159e+02 2.093520025000000239e-47
2.719200000000000159e+02 2.103506496000000202e-47
2.744300000000000068e+02 2.113792576000000134e-47
2.769800000000000182e+02 2.124195920999999902e-47
2.795400000000000205e+02 2.134902025000000149e-47
2.821299999999999955e+02 2.145820328999999934e-47
2.847400000000000091e+02 2.156952249000000007e-47
2.873799999999999955e+02 2.168392355999999867e-47
2.900400000000000205e+02 2.180142863999999569e-47
2.927300000000000182e+02 2.192018760999999789e-47
2.954399999999999977e+02 2.204302499999999646e-47
2.981800000000000068e+02 2.216808888999999768e-47
3.009399999999999977e+02 2.235398399999999834e-47
3.037300000000000182e+02 2.248182224999999854e-47
3.065400000000000205e+02 2.261382915999999715e-47
3.093799999999999955e+02 2.274813024999999870e-47
3.122400000000000091e+02 2.288569921000000192e-47
3.151399999999999864e+02 2.302656195999999845e-47
3.180600000000000023e+02 2.316978224999999799e-47
3.210000000000000000e+02 2.331730944000000319e-47
3.239700000000000273e+02 2.346821135999999829e-47
3.269700000000000273e+02 2.362251609000000181e-47
3.300000000000000000e+02 2.378122755999999945e-47
3.330600000000000023e+02 2.394242761000000050e-47
3.361399999999999864e+02 2.410809999999999551e-47
3.392599999999999909e+02 2.427729983999999862e-47
3.423999999999999773e+02 2.445104703999999919e-47
3.455699999999999932e+02 2.462839128999999962e-47
3.487699999999999818e+02 2.481036099999999826e-47
3.520000000000000000e+02 2.499700008999999660e-47
3.552599999999999909e+02 2.518935720999999775e-47
3.585500000000000114e+02 2.538648224999999955e-47
3.618700000000000045e+02 2.558842225000000177e-47
3.652300000000000182e+02 2.579827264000000150e-47
3.686100000000000136e+02 2.601408015999999948e-47
3.720199999999999818e+02 2.624000624999999890e-47
3.754700000000000273e+02 2.647514115999999913e-47
3.789499999999999886e+02 2.672476415999999949e-47
3.824599999999999795e+02 2.699425936000000563e-47
3.860000000000000000e+02 2.729122081000000475e-47
3.895699999999999932e+02 2.763604900000000066e-47
3.931800000000000068e+02 2.806774441000000154e-47
3.968199999999999932e+02 2.869102095999999756e-47
4.005000000000000000e+02 2.983890624999999865e-47
4.042099999999999795e+02 3.009290449000000506e-47
4.079499999999999886e+02 3.034908099999999928e-47
4.117300000000000182e+02 3.060744976000000114e-47
4.155500000000000114e+02 3.086913599999999453e-47
4.193899999999999864e+02 3.113082025000000072e-47
4.232799999999999727e+02 3.039978495999999919e-47
4.271999999999999886e+02 3.027860676000000197e-47
4.311600000000000250e+02 3.036561025000000077e-47
4.351499999999999773e+02 3.054330756000000130e-47
4.391800000000000068e+02 3.076920900000000192e-47
4.432500000000000000e+02 3.102378601000000299e-47
4.473500000000000227e+02 3.129843025000000112e-47
4.515000000000000000e+02 3.158777209000000159e-47
4.556800000000000068e+02 3.188973840999999573e-47
4.598999999999999773e+02 3.220108516000000411e-47
4.641600000000000250e+02 3.252192783999999599e-47
4.684599999999999795e+02 3.285009225000000039e-47
4.728000000000000114e+02 3.318796881000000287e-47
4.771800000000000068e+02 3.353220648999999863e-47
4.816000000000000227e+02 3.388520521000000327e-47
4.860600000000000023e+02 3.424590400000000530e-47
4.905600000000000023e+02 3.461439555999999519e-47
4.951000000000000227e+02 3.498959104000000162e-47
4.996899999999999977e+02 3.537275625000000104e-47
5.043199999999999932e+02 3.576398809000000049e-47
5.089900000000000091e+02 3.616218224999999958e-47
5.137000000000000455e+02 3.656983729000000047e-47
5.184600000000000364e+02 3.698464225000000012e-47
5.232599999999999909e+02 3.740790243999999552e-47
5.281100000000000136e+02 3.783849169000000031e-47
5.330000000000000000e+02 3.827896899999999931e-47
5.379400000000000546e+02 3.872697361000000566e-47
5.429199999999999591e+02 3.918384409000000145e-47
5.479500000000000455e+02 3.964969023999999529e-47
5.530199999999999818e+02 4.012462335999999819e-47
5.581399999999999864e+02 4.061003075999999965e-47
5.633099999999999454e+02 4.110348544000000124e-47
5.685299999999999727e+02 4.160637008999999660e-47
5.737999999999999545e+02 4.211880200999999680e-47
5.791100000000000136e+02 4.264090000000000564e-47
5.844800000000000182e+02 4.317409848999999500e-47
5.898899999999999864e+02 4.371722160999999970e-47
5.953500000000000227e+02 4.427039295999999245e-47
6.008700000000000045e+02 4.483373764000001161e-47
6.064299999999999500e+02 4.540872995999999869e-47
6.120499999999999545e+02 4.599416760999999799e-47
6.177200000000000273e+02 4.659154564000000519e-47
6.234400000000000546e+02 4.719964803999999853e-47
6.292100000000000364e+02 4.781999103999999554e-47
6.350399999999999636e+02 4.845134449000000879e-47
6.409199999999999591e+02 4.909524623999999671e-47
6.468600000000000136e+02 4.975186224999999999e-47
6.528500000000000227e+02 5.042136064000000840e-47
6.588999999999999773e+02 5.110248195999999168e-47
6.650000000000000000e+02 5.179824840999998862e-47
6.711599999999999682e+02 5.250886369000000510e-47
6.773799999999999955e+02 5.323161600000000201e-47
6.836499999999999773e+02 5.397106224999999967e-47
6.899800000000000182e+02 5.472744483999999402e-47
6.963700000000000045e+02 5.550250000000000100e-47
7.028200000000000500e+02 5.630251225000001071e-47
7.093300000000000409e+02 5.713848100000000587e-47
7.158999999999999773e+02 5.805525635999999779e-47
7.225299999999999727e+02 5.928076035999999336e-47
7.292300000000000182e+02 6.001755841000000683e-47
7.359800000000000182e+02 6.076358401000000736e-47
7.427999999999999545e+02 6.151735488999999768e-47
7.496799999999999500e+02 6.228208561000001277e-47
7.566200000000000045e+02 6.308489476000001052e-47
7.636299999999999955e+02 6.396160576000000088e-47
7.707000000000000455e+02 6.487658116000000487e-47
7.778400000000000318e+02 6.581914640999999399e-47
7.850499999999999545e+02 6.678158399999999496e-47
7.923200000000000500e+02 6.776747040999999798e-47
7.996599999999999682e+02 6.877053183999999925e-47
8.070599999999999454e+02 6.979599936000001201e-47
8.145399999999999636e+02 7.083915555999999289e-47
8.220800000000000409e+02 7.190361616000001150e-47
8.297000000000000455e+02 7.298968355999999617e-47
8.373799999999999955e+02 7.409422083999999556e-47
8.451399999999999864e+02 7.522092900000000614e-47
8.529600000000000364e+02 7.636837320999999704e-47
8.608600000000000136e+02 7.753683024999998808e-47
8.688400000000000318e+02 7.872835441000000638e-47
8.768899999999999864e+02 7.994148100000001233e-47
8.850099999999999909e+02 8.117829801000000524e-47
8.932000000000000455e+02 8.243732025000001421e-47
9.014800000000000182e+02 8.372067001000001177e-47
9.098300000000000409e+02 8.502868520999999185e-47
9.182500000000000000e+02 8.635984899999999131e-47
9.267599999999999909e+02 8.771633649000001324e-47
9.353400000000000318e+02 8.909849664000001705e-47
9.440099999999999909e+02 9.050668225000000338e-47
9.527500000000000000e+02 9.194124996000000442e-47
9.615700000000000500e+02 9.340449316000001356e-47
9.704800000000000182e+02 9.489292569000001068e-47
9.794700000000000273e+02 9.640883344000000128e-47
9.885399999999999636e+02 9.795456783999998181e-47
9.977000000000000455e+02 9.952855695999999478e-47
1.006899999999999977e+03 1.011231359999999889e-46
1.016299999999999955e+03 1.027587689999999912e-46
1.025700000000000045e+03 1.044279609999999896e-46
1.035200000000000045e+03 1.061312039999999879e-46
1.044799999999999955e+03 1.104811209999999899e-46
1.054400000000000091e+03 1.096208999999999785e-46
1.064200000000000045e+03 1.114080249999999953e-46
1.074099999999999909e+03 1.132308809999999853e-46
1.084000000000000000e+03 1.150899840000000108e-46
1.094099999999999909e+03 1.169858560000000074e-46
1.104200000000000045e+03 1.189190249999999986e-46
1.114400000000000091e+03 1.208900249999999979e-46
1.124700000000000045e+03 1.229215689999999832e-46
1.135200000000000045e+03 1.250371240000000123e-46
1.145700000000000045e+03 1.279839690000000066e-46
1.156299999999999955e+03 1.300284090000000221e-46
1.167000000000000000e+03 1.313774439999999898e-46
1.177799999999999955e+03 1.334949159999999990e-46
1.188700000000000045e+03 1.357224999999999836e-46
1.199700000000000045e+03 1.379920089999999902e-46
1.210799999999999955e+03 1.403040249999999942e-46
1.222000000000000000e+03 1.426830250000000056e-46
1.233400000000000091e+03 1.450820250000000219e-46
1.244799999999999955e+03 1.475496090000000055e-46
1.256299999999999955e+03 1.500380009999999869e-46
1.268000000000000000e+03 1.525719040000000137e-46
1.279700000000000045e+03 1.551768490000000033e-46
1.291500000000000000e+03 1.578289690000000052e-46
1.303500000000000000e+03 1.605035610000000106e-46
1.315599999999999909e+03 1.632517289999999813e-46
1.327799999999999955e+03 1.660489960000000044e-46
1.340099999999999909e+03 1.688960160000000165e-46
1.352500000000000000e+03 1.717934490000000031e-46
1.365000000000000000e+03 1.747419609999999984e-46
1.377700000000000045e+03 1.777422240000000460e-46
1.390400000000000091e+03 1.808218090000000397e-46
1.403299999999999955e+03 1.839278439999999788e-46
1.416299999999999955e+03 1.871150409999999813e-46
1.429400000000000091e+03 1.903572090000000081e-46
1.442599999999999909e+03 1.936550560000000449e-46
1.456000000000000000e+03 1.970092959999999901e-46
1.469500000000000000e+03 2.004489640000000010e-46
1.483099999999999909e+03 2.039183999999999719e-46
1.496799999999999955e+03 2.074752160000000359e-46
1.510700000000000045e+03 2.110918410000000074e-46
1.524700000000000045e+03 2.147983359999999834e-46
1.538799999999999955e+03 2.185370889999999864e-46
1.553099999999999909e+03 2.223677439999999569e-46
1.567500000000000000e+03 2.262617639999999844e-46
1.582000000000000000e+03 2.302199289999999774e-46
1.596599999999999909e+03 2.342736359999999906e-46
1.611400000000000091e+03 2.383936000000000239e-46
1.626299999999999955e+03 2.425806250000000246e-46
1.641400000000000091e+03 2.468669439999999696e-46
1.656599999999999909e+03 2.513176089999999687e-46
1.671900000000000091e+03 2.565763239999999820e-46
1.687400000000000091e+03 2.601768999999999536e-46
1.703099999999999909e+03 2.647779840000000193e-46
1.718799999999999955e+03 2.694522250000000196e-46
1.734799999999999955e+03 2.742004810000000096e-46
1.750799999999999955e+03 2.790904359999999888e-46
1.767000000000000000e+03 2.840236090000000241e-46
1.783400000000000091e+03 2.890680040000000137e-46
1.799900000000000091e+03 2.942254089999999513e-46
1.816599999999999909e+03 2.994284159999999754e-46
1.833400000000000091e+03 3.047817640000000364e-46
1.850400000000000091e+03 3.102177689999999789e-46
1.867500000000000000e+03 3.157373610000000528e-46
1.884799999999999955e+03 3.213773290000000286e-46
1.902299999999999955e+03 3.271033959999999859e-46
1.919900000000000091e+03 3.329530089999999689e-46
1.937700000000000045e+03 3.389280999999999723e-46
1.955700000000000045e+03 3.449934759999999848e-46
1.973799999999999955e+03 3.511501210000000525e-46
1.992000000000000000e+03 3.574746490000000692e-46
2.010500000000000000e+03 3.639319290000000270e-46
2.029099999999999909e+03 3.704085160000000575e-46
2.047900000000000091e+03 3.770587239999999852e-46
2.066900000000000091e+03 3.838464639999999736e-46
2.086000000000000000e+03 3.907342890000000173e-46
2.105300000000000182e+03 3.977631360000000665e-46
2.124800000000000182e+03 4.049351290000000394e-46
2.144500000000000000e+03 4.122524160000000493e-46
2.164400000000000091e+03 4.196761959999999672e-46
2.184400000000000091e+03 4.272488999999999780e-46
2.204699999999999818e+03 4.349310250000000740e-46
2.225099999999999909e+03 4.428078489999999796e-46
2.245699999999999818e+03 4.507978239999999168e-46
2.266500000000000000e+03 4.589877760000000687e-46
2.287500000000000000e+03 4.679866890000000358e-46
2.308699999999999818e+03 4.757197209999999965e-46
2.330099999999999909e+03 4.843520640000000526e-46
2.351599999999999909e+03 4.931064360000000275e-46
2.373400000000000091e+03 5.020288360000000028e-46
2.395400000000000091e+03 5.111668810000000682e-46
2.417599999999999909e+03 5.204329689999999446e-46
2.440000000000000000e+03 5.298743609999999591e-46
2.462599999999999909e+03 5.394935290000000132e-46
2.485400000000000091e+03 5.492929690000000477e-46
2.508400000000000091e+03 5.592752010000000421e-46
2.531599999999999909e+03 5.694427690000000929e-46
2.555099999999999909e+03 5.797982409999999470e-46
2.578800000000000182e+03 5.903442090000000122e-46
2.602599999999999909e+03 6.010832889999999579e-46
2.626800000000000182e+03 6.120676000000000271e-46
2.651099999999999909e+03 6.232012960000000160e-46
2.675599999999999909e+03 6.345864809999999897e-46
2.700400000000000091e+03 6.461255610000000491e-46
2.725400000000000091e+03 6.579225000000000594e-46
2.750699999999999818e+03 6.699296889999999435e-46
2.776199999999999818e+03 6.821499240000000138e-46
2.801900000000000091e+03 6.946387359999999616e-46
2.827800000000000182e+03 7.072940249999999226e-46
2.854000000000000000e+03 7.202245690000000339e-46
2.880400000000000091e+03 7.333805609999999268e-46
2.907099999999999909e+03 7.468195839999998719e-46
2.934000000000000000e+03 7.604909290000000739e-46
2.961199999999999818e+03 7.743975840000000687e-46
2.988699999999999818e+03 7.885987239999999958e-46
3.016300000000000182e+03 8.030989210000001028e-46
3.044300000000000182e+03 8.177312159999998837e-46
3.072500000000000000e+03 8.326687360000000066e-46
3.100900000000000091e+03 8.479744000000000165e-46
3.129599999999999909e+03 8.634782249999999294e-46
3.158599999999999909e+03 8.793004089999999992e-46
3.187900000000000091e+03 8.954457759999999115e-46
3.217400000000000091e+03 9.118588089999999003e-46
3.247199999999999818e+03 9.286037290000000550e-46
3.277300000000000182e+03 9.456855040000001399e-46
3.307599999999999909e+03 9.630470890000001575e-46
3.338300000000000182e+03 9.806918559999998021e-46
3.369199999999999818e+03 9.987496090000000109e-46
3.400400000000000091e+03 1.017099664000000070e-45
3.431900000000000091e+03 1.035745488999999829e-45
3.463699999999999818e+03 1.054820484000000128e-45
3.495800000000000182e+03 1.074200624999999990e-45
3.528199999999999818e+03 1.093955625000000082e-45
3.560800000000000182e+03 1.114090883999999937e-45
3.593800000000000182e+03 1.134611856000000093e-45
3.627099999999999909e+03 1.155456063999999875e-45
3.660699999999999818e+03 1.176695808999999927e-45
3.694599999999999909e+03 1.198405924000000071e-45
3.728800000000000182e+03 1.220454225000000202e-45
3.763400000000000091e+03 1.242915025000000153e-45
3.798199999999999818e+03 1.265865241000000067e-45
3.833400000000000091e+03 1.291396095999999841e-45
3.868900000000000091e+03 1.312902755999999962e-45
3.904699999999999818e+03 1.337072356000000061e-45
3.940900000000000091e+03 1.361757604000000123e-45
3.977400000000000091e+03 1.386892081000000077e-45
4.014199999999999818e+03 1.412406724000000023e-45
4.051400000000000091e+03 1.438457329000000351e-45
4.088900000000000091e+03 1.465052175999999993e-45
4.126800000000000182e+03 1.492045129000000090e-45
4.165000000000000000e+03 1.519596324000000046e-45
4.203600000000000364e+03 1.547635600000000330e-45
4.242600000000000364e+03 1.576169400999999881e-45
4.281899999999999636e+03 1.605284355999999874e-45
4.321500000000000000e+03 1.634908355999999982e-45
4.361500000000000000e+03 1.665129635999999771e-45
4.401899999999999636e+03 1.695874760999999654e-45
4.442699999999999818e+03 1.727233599999999934e-45
4.483899999999999636e+03 1.759131364000000353e-45
4.525399999999999636e+03 1.791574928999999776e-45
4.567300000000000182e+03 1.824742088999999768e-45
4.609600000000000364e+03 1.858472100000000248e-45
4.652300000000000182e+03 1.892772035999999916e-45
4.695399999999999636e+03 1.927824649000000378e-45
4.738899999999999636e+03 1.963464721000000004e-45
4.782800000000000182e+03 1.999699523999999822e-45
4.827100000000000364e+03 2.036716899999999707e-45
4.871800000000000182e+03 2.074347024999999809e-45
4.916899999999999636e+03 2.112781224999999881e-45
4.962399999999999636e+03 2.151846544000000146e-45
5.008399999999999636e+03 2.191644225000000036e-45
5.054800000000000182e+03 2.232184515999999821e-45
5.101600000000000364e+03 2.273477760999999617e-45
5.148899999999999636e+03 2.315534399999999694e-45
5.196600000000000364e+03 2.358462096000000017e-45
5.244699999999999818e+03 2.402078121000000188e-45
5.293300000000000182e+03 2.446588369000000105e-45
5.342300000000000182e+03 2.491906561000000155e-45
5.391800000000000182e+03 2.538043640999999797e-45
5.441699999999999818e+03 2.585010648999999890e-45
5.492100000000000364e+03 2.632921343999999900e-45
5.543000000000000000e+03 2.681686224999999966e-45
5.594300000000000182e+03 2.731316644000000133e-45
5.646100000000000364e+03 2.781929535999999825e-45
5.698399999999999636e+03 2.833432900000000518e-45
5.751199999999999818e+03 2.885945841000000054e-45
5.804500000000000000e+03 2.939374655999999803e-45
5.858199999999999818e+03 2.993840655999999701e-45
5.912500000000000000e+03 3.049358841000000442e-45
5.967300000000000182e+03 3.105832899999999926e-45
6.022500000000000000e+03 3.163500025000000098e-45
6.078300000000000182e+03 3.222038169000000629e-45
6.134600000000000364e+03 3.281800368999999616e-45
6.191399999999999636e+03 3.342689856000000728e-45
6.248800000000000182e+03 3.404605801000000598e-45
6.306699999999999818e+03 3.467796543999999677e-45
6.365100000000000364e+03 3.532043760999999085e-45
6.424000000000000000e+03 3.597600399999999926e-45
6.483500000000000000e+03 3.664244088999999687e-45
6.543600000000000364e+03 3.732232463999999794e-45
6.604199999999999818e+03 3.801462335999999028e-45
6.665399999999999636e+03 3.871950624999999963e-45
6.727100000000000364e+03 3.943840000000000493e-45
6.789399999999999636e+03 4.016897641000000230e-45
6.852300000000000182e+03 4.091521224999999932e-45
6.915800000000000182e+03 4.167477135999999978e-45
6.979800000000000182e+03 4.244652800999999351e-45
7.044500000000000000e+03 4.323457009000000175e-45
7.109699999999999818e+03 4.403649600000000110e-45
7.175600000000000364e+03 4.485382729000000258e-45
7.242000000000000000e+03 4.568678463999999558e-45
7.309100000000000364e+03 4.653422656000000573e-45
7.376800000000000182e+03 4.739771715999999199e-45
7.445100000000000364e+03 4.827748324000000545e-45
7.514100000000000364e+03 4.917375375999999410e-45
7.583699999999999818e+03 5.008675983999999584e-45
7.653899999999999636e+03 5.101673476000000770e-45
7.724800000000000182e+03 5.196391396000001081e-45
7.796399999999999636e+03 5.292853504000000147e-45
7.868600000000000364e+03 5.391083775999999118e-45
7.941500000000000000e+03 5.491254609000000411e-45
8.015000000000000000e+03 5.593244943999999014e-45
8.089199999999999818e+03 5.697079441000000262e-45
8.164199999999999818e+03 5.802782976000000432e-45
8.239799999999999272e+03 5.910534399999999668e-45
8.316100000000000364e+03 6.020363281000000057e-45
8.393100000000000364e+03 6.132142863999999137e-45
8.470899999999999636e+03 6.246057023999999324e-45
8.549299999999999272e+03 6.361976643999999739e-45
8.628500000000000000e+03 6.480250000000001411e-45
8.708399999999999636e+03 6.600587536000000268e-45
8.789100000000000364e+03 6.723180024999999162e-45
8.870500000000000000e+03 6.848059008999999324e-45
8.952700000000000728e+03 6.975256324000000116e-45
9.035600000000000364e+03 7.104804100000000267e-45
9.119299999999999272e+03 7.236904900000000253e-45
9.203700000000000728e+03 7.371252735999999277e-45
9.289000000000000000e+03 7.508222499999999618e-45
9.375000000000000000e+03 7.647677400999998929e-45
9.461799999999999272e+03 7.789827600000000002e-45
9.549500000000000000e+03 7.934533776000000477e-45
9.637899999999999636e+03 8.082010000000000002e-45
9.727200000000000728e+03 8.232114361000000342e-45
9.817299999999999272e+03 8.385064900000000082e-45
9.908200000000000728e+03 8.540901888999998973e-45
1.000000000000000000e+04 8.699665983999999884e-45
