   5.0000000e+00   3.9980002e-40
   5.0115000e+00   3.7869160e-40
   5.0231000e+00   3.5872360e-40
   5.0347000e+00   3.3984922e-40
   5.0463000e+00   3.2198714e-40
   5.0579000e+00   3.0509609e-40
   5.0696000e+00   2.8910201e-40
   5.0813000e+00   2.7396870e-40
   5.0930000e+00   2.5966100e-40
   5.1047000e+00   2.4614472e-40
   5.1165000e+00   2.3332562e-40
   5.1283000e+00   2.2117638e-40
   5.1401000e+00   2.0969936e-40
   5.1520000e+00   1.9883820e-40
   5.1639000e+00   1.8856782e-40
   5.1758000e+00   1.7881038e-40
   5.1877000e+00   1.6959853e-40
   5.1997000e+00   1.6085849e-40
   5.2117000e+00   1.5257190e-40
   5.2237000e+00   1.4474496e-40
   5.2357000e+00   1.3731152e-40
   5.2478000e+00   1.3027940e-40
   5.2599000e+00   1.2363216e-40
   5.2720000e+00   1.1731056e-40
   5.2842000e+00   1.1132360e-40
   5.2964000e+00   1.0565784e-40
   5.3086000e+00   1.0030022e-40
   5.3208000e+00   9.5202952e-41
   5.3331000e+00   9.0375444e-41
   5.3454000e+00   8.5801316e-41
   5.3577000e+00   8.1465066e-41
   5.3701000e+00   7.7352025e-41
   5.3825000e+00   7.3453470e-41
   5.3949000e+00   6.9755904e-41
   5.4073000e+00   6.6249832e-41
   5.4198000e+00   6.2924556e-41
   5.4323000e+00   5.9769907e-41
   5.4448000e+00   5.6777732e-41
   5.4574000e+00   5.3940211e-41
   5.4699000e+00   5.1246986e-41
   5.4826000e+00   4.8692484e-41
   5.4952000e+00   4.6268564e-41
   5.5079000e+00   4.3968835e-41
   5.5206000e+00   4.1785882e-41
   5.5333000e+00   3.9713944e-41
   5.5461000e+00   3.7747507e-41
   5.5589000e+00   3.5881298e-41
   5.5717000e+00   3.4109104e-41
   5.5845000e+00   3.2427330e-41
   5.5974000e+00   3.0831367e-41
   5.6103000e+00   2.9314644e-41
   5.6232000e+00   2.7875232e-41
   5.6362000e+00   2.6508082e-41
   5.6492000e+00   2.5210441e-41
   5.6622000e+00   2.3977671e-41
   5.6753000e+00   2.2806355e-41
   5.6884000e+00   2.1694169e-41
   5.7015000e+00   2.0637032e-41
   5.7146000e+00   1.9633761e-41
   5.7278000e+00   1.8679684e-41
   5.7410000e+00   1.7773813e-41
   5.7543000e+00   1.6912656e-41
   5.7675000e+00   1.6094539e-41
   5.7808000e+00   1.5317048e-41
   5.7942000e+00   1.4577888e-41
   5.8075000e+00   1.3875625e-41
   5.8209000e+00   1.3208136e-41
   5.8343000e+00   1.2574116e-41
   5.8478000e+00   1.1970908e-41
   5.8613000e+00   1.1397376e-41
   5.8748000e+00   1.0852412e-41
   5.8884000e+00   1.0333653e-41
   5.9019000e+00   9.8407690e-42
   5.9155000e+00   9.3721700e-42
   5.9292000e+00   8.9263513e-42
   5.9429000e+00   8.5024728e-42
   5.9566000e+00   8.0991468e-42
   5.9703000e+00   7.7156173e-42
   5.9841000e+00   7.3506054e-42
   5.9979000e+00   7.0039623e-42
   6.0117000e+00   6.6734389e-42
   6.0256000e+00   6.3594752e-42
   6.0394000e+00   6.0604592e-42
   6.0534000e+00   5.7763316e-42
   6.0673000e+00   5.5055930e-42
   6.0813000e+00   5.2477646e-42
   6.0954000e+00   5.0028269e-42
   6.1094000e+00   4.7694192e-42
   6.1235000e+00   4.5475562e-42
   6.1376000e+00   4.3359733e-42
   6.1518000e+00   4.1347156e-42
   6.1660000e+00   3.9434016e-42
   6.1802000e+00   3.7608845e-42
   6.1944000e+00   3.5872360e-42
   6.2087000e+00   3.4217600e-42
   6.2230000e+00   3.2645262e-42
   6.2374000e+00   3.1145190e-42
   6.2518000e+00   2.9714864e-42
   6.2662000e+00   2.8355192e-42
   6.2806000e+00   2.7060250e-42
   6.2951000e+00   2.5827704e-42
   6.3096000e+00   2.4652140e-42
   6.3242000e+00   2.3531560e-42
   6.3388000e+00   2.2464014e-42
   6.3534000e+00   2.1447602e-42
   6.3680000e+00   2.0477610e-42
   6.3827000e+00   1.9555226e-42
   6.3974000e+00   1.8675956e-42
   6.4122000e+00   1.7838274e-42
   6.4270000e+00   1.7038081e-42
   6.4418000e+00   1.6276656e-42
   6.4566000e+00   1.5552584e-42
   6.4715000e+00   1.4859610e-42
   6.4865000e+00   1.4199106e-42
   6.5014000e+00   1.3572250e-42
   6.5164000e+00   1.2970932e-42
   6.5314000e+00   1.2398822e-42
   6.5465000e+00   1.1854854e-42
   6.5616000e+00   1.1333732e-42
   6.5767000e+00   1.0838892e-42
   6.5919000e+00   1.0365276e-42
   6.6071000e+00   9.9145832e-43
   6.6223000e+00   9.4844225e-43
   6.6376000e+00   9.0738960e-43
   6.6529000e+00   8.6823260e-43
   6.6682000e+00   8.3086871e-43
   6.6836000e+00   7.9521806e-43
   6.6990000e+00   7.6120390e-43
   6.7145000e+00   7.2875247e-43
   6.7300000e+00   6.9777621e-43
   6.7455000e+00   6.6820815e-43
   6.7610000e+00   6.3998400e-43
   6.7766000e+00   6.1305768e-43
   6.7923000e+00   5.8733830e-43
   6.8079000e+00   5.6278504e-43
   6.8236000e+00   5.3935805e-43
   6.8394000e+00   5.1697538e-43
   6.8551000e+00   4.9561600e-43
   6.8709000e+00   4.7520342e-43
   6.8868000e+00   4.5571950e-43
   6.9027000e+00   4.3710610e-43
   6.9186000e+00   4.1933395e-43
   6.9345000e+00   4.0234918e-43
   6.9505000e+00   3.8612553e-43
   6.9666000e+00   3.7062526e-43
   6.9826000e+00   3.5582418e-43
   6.9987000e+00   3.4167532e-43
   7.0149000e+00   3.2814567e-43
   7.0310000e+00   3.1522610e-43
   7.0473000e+00   3.0287412e-43
   7.0635000e+00   2.9107104e-43
   7.0798000e+00   2.7978810e-43
   7.0961000e+00   2.6900820e-43
   7.1125000e+00   2.5869430e-43
   7.1289000e+00   2.4883137e-43
   7.1453000e+00   2.3940470e-43
   7.1618000e+00   2.3039040e-43
   7.1783000e+00   2.2176565e-43
   7.1949000e+00   2.1351793e-43
   7.2115000e+00   2.0562597e-43
   7.2281000e+00   1.9807840e-43
   7.2448000e+00   1.9086413e-43
   7.2615000e+00   1.8395521e-43
   7.2782000e+00   1.7734205e-43
   7.2950000e+00   1.7102360e-43
   7.3118000e+00   1.6496595e-43
   7.3287000e+00   1.5917706e-43
   7.3456000e+00   1.5363264e-43
   7.3625000e+00   1.4832512e-43
   7.3795000e+00   1.4323954e-43
   7.3965000e+00   1.3837656e-43
   7.4136000e+00   1.3371455e-43
   7.4307000e+00   1.2925463e-43
   7.4478000e+00   1.2498346e-43
   7.4650000e+00   1.2088834e-43
   7.4822000e+00   1.1697084e-43
   7.4994000e+00   1.1321879e-43
   7.5167000e+00   1.0962059e-43
   7.5341000e+00   1.0617822e-43
   7.5514000e+00   1.0287415e-43
   7.5689000e+00   9.9710693e-44
   7.5863000e+00   9.6677465e-44
   7.6038000e+00   9.3776813e-44
   7.6213000e+00   9.0992722e-44
   7.6389000e+00   8.8321896e-44
   7.6565000e+00   8.5761123e-44
   7.6742000e+00   8.3313050e-44
   7.6919000e+00   8.0963012e-44
   7.7096000e+00   7.8708302e-44
   7.7274000e+00   7.6546289e-44
   7.7452000e+00   7.4479868e-44
   7.7631000e+00   7.2490178e-44
   7.7810000e+00   7.0585862e-44
   7.7989000e+00   6.8764573e-44
   7.8169000e+00   6.7013677e-44
   7.8349000e+00   6.5336472e-44
   7.8530000e+00   6.3725954e-44
   7.8711000e+00   6.2185397e-44
   7.8893000e+00   6.0708032e-44
   7.9074000e+00   5.9287380e-44
   7.9257000e+00   5.7931676e-44
   7.9440000e+00   5.6629721e-44
   7.9623000e+00   5.5380209e-44
   7.9806000e+00   5.4186528e-44
   7.9990000e+00   5.3042696e-44
   8.0175000e+00   5.1947526e-44
   8.0360000e+00   5.0895360e-44
   8.0545000e+00   4.9894157e-44
   8.0731000e+00   4.8929440e-44
   8.0917000e+00   4.8013574e-44
   8.1104000e+00   4.7132410e-44
   8.1291000e+00   4.6293826e-44
   8.1478000e+00   4.5492624e-44
   8.1666000e+00   4.4728020e-44
   8.1854000e+00   4.3995062e-44
   8.2043000e+00   4.3301448e-44
   8.2232000e+00   4.2638120e-44
   8.2422000e+00   4.2008602e-44
   8.2612000e+00   4.1412250e-44
   8.2802000e+00   4.0844410e-44
   8.2993000e+00   4.0308593e-44
   8.3185000e+00   3.9804240e-44
   8.3377000e+00   3.9322890e-44
   8.3569000e+00   3.8876009e-44
   8.3762000e+00   3.8455210e-44
   8.3955000e+00   3.8060108e-44
   8.4148000e+00   3.7694222e-44
   8.4342000e+00   3.7353293e-44
   8.4537000e+00   3.7044701e-44
   8.4732000e+00   3.6756558e-44
   8.4927000e+00   3.6500103e-44
   8.5123000e+00   3.6267394e-44
   8.5319000e+00   3.6062010e-44
   8.5516000e+00   3.5887514e-44
   8.5713000e+00   3.5736122e-44
   8.5911000e+00   3.5615238e-44
   8.6109000e+00   3.5524710e-44
   8.6308000e+00   3.5460656e-44
   8.6507000e+00   3.5426768e-44
   8.6706000e+00   3.5423004e-44
   8.6906000e+00   3.5453124e-44
   8.7106000e+00   3.5517172e-44
   8.7307000e+00   3.5615238e-44
   8.7509000e+00   3.5751246e-44
   8.7710000e+00   3.5925412e-44
   8.7913000e+00   3.6138010e-44
   8.8115000e+00   3.6397008e-44
   8.8319000e+00   3.6699065e-44
   8.8522000e+00   3.7052400e-44
   8.8726000e+00   3.7457732e-44
   8.8931000e+00   3.7919773e-44
   8.9136000e+00   3.8443445e-44
   8.9342000e+00   3.9033905e-44
   8.9548000e+00   3.9700563e-44
   8.9754000e+00   4.0441210e-44
   8.9961000e+00   4.1273986e-44
   9.0169000e+00   4.2205594e-44
   9.0377000e+00   4.3243203e-44
   9.0585000e+00   4.4407133e-44
   9.0794000e+00   4.5701888e-44
   9.1003000e+00   4.7149780e-44
   9.1213000e+00   4.8774723e-44
   9.1423000e+00   5.0593505e-44
   9.1634000e+00   5.2638125e-44
   9.1846000e+00   5.4948048e-44
   9.2057000e+00   5.7556808e-44
   9.2270000e+00   6.0516000e-44
   9.2482000e+00   6.3892673e-44
   9.2696000e+00   6.7761296e-44
   9.2909000e+00   7.2215813e-44
   9.3124000e+00   7.7378549e-44
   9.3338000e+00   8.3399664e-44
   9.3554000e+00   9.0486656e-44
   9.3769000e+00   9.8897670e-44
   9.3986000e+00   1.0898582e-43
   9.4202000e+00   1.2122931e-43
   9.4420000e+00   1.3627911e-43
   9.4637000e+00   1.5509419e-43
   9.4856000e+00   1.7903900e-43
   9.5074000e+00   2.1020391e-43
   9.5294000e+00   2.5183335e-43
   9.5513000e+00   3.0930282e-43
   9.5734000e+00   3.9192608e-43
   9.5954000e+00   5.1711919e-43
   9.6176000e+00   7.2063121e-43
   9.6397000e+00   1.0859724e-42
   9.6620000e+00   1.8474246e-42
   9.6842000e+00   3.8990452e-42
   9.7066000e+00   1.3517388e-41
   9.7290000e+00   9.4052622e-40
   9.7514000e+00   2.2363441e-41
   9.7739000e+00   4.7271456e-42
   9.7964000e+00   1.9695316e-42
   9.8190000e+00   1.0650240e-42
   9.8417000e+00   6.6209142e-43
   9.8643000e+00   4.4914123e-43
   9.8871000e+00   3.2349931e-43
   9.9099000e+00   2.4344356e-43
   9.9327000e+00   1.8944256e-43
   9.9557000e+00   1.5138325e-43
   9.9786000e+00   1.2360850e-43
   1.0002000e+01   1.0275230e-43
   1.0025000e+01   8.6718470e-44
   1.0048000e+01   7.4141844e-44
   1.0071000e+01   6.4105176e-44
   1.0094000e+01   5.5979560e-44
   1.0117000e+01   4.9315085e-44
   1.0141000e+01   4.3785563e-44
   1.0164000e+01   3.9148580e-44
   1.0188000e+01   3.5223782e-44
   1.0211000e+01   3.1880102e-44
   1.0235000e+01   2.9002090e-44
   1.0258000e+01   2.6513609e-44
   1.0282000e+01   2.4345361e-44
   1.0306000e+01   2.2446032e-44
   1.0329000e+01   2.0773457e-44
   1.0353000e+01   1.9293210e-44
   1.0377000e+01   1.7977446e-44
   1.0401000e+01   1.6801344e-44
   1.0425000e+01   1.5747740e-44
   1.0449000e+01   1.4796290e-44
   1.0473000e+01   1.3940525e-44
   1.0497000e+01   1.3162973e-44
   1.0522000e+01   1.2454560e-44
   1.0546000e+01   1.1811342e-44
   1.0570000e+01   1.1221165e-44
   1.0594000e+01   1.0679156e-44
   1.0619000e+01   1.0180810e-44
   1.0643000e+01   9.7209740e-45
   1.0668000e+01   9.2962379e-45
   1.0693000e+01   8.9026773e-45
   1.0717000e+01   8.5370208e-45
   1.0742000e+01   8.1967673e-45
   1.0767000e+01   7.8795803e-45
   1.0791000e+01   7.5831006e-45
   1.0816000e+01   7.3056337e-45
   1.0841000e+01   7.0454200e-45
   1.0866000e+01   6.8008061e-45
   1.0891000e+01   6.5707236e-45
   1.0916000e+01   6.3538435e-45
   1.0942000e+01   6.1492259e-45
   1.0967000e+01   5.9555176e-45
   1.0992000e+01   5.7723526e-45
   1.1018000e+01   5.5986310e-45
   1.1043000e+01   5.4336064e-45
   1.1068000e+01   5.2768602e-45
   1.1094000e+01   5.1277057e-45
   1.1120000e+01   4.9854897e-45
   1.1145000e+01   4.8498689e-45
   1.1171000e+01   4.7202396e-45
   1.1197000e+01   4.5964332e-45
   1.1222000e+01   4.4778849e-45
   1.1248000e+01   4.3643200e-45
   1.1274000e+01   4.2554748e-45
   1.1300000e+01   4.1509672e-45
   1.1326000e+01   4.0506860e-45
   1.1352000e+01   3.9541459e-45
   1.1379000e+01   3.8613796e-45
   1.1405000e+01   3.7719251e-45
   1.1431000e+01   3.6858255e-45
   1.1458000e+01   3.6027605e-45
   1.1484000e+01   3.5225412e-45
   1.1510000e+01   3.4451030e-45
   1.1537000e+01   3.3702669e-45
   1.1564000e+01   3.2979752e-45
   1.1590000e+01   3.2280579e-45
   1.1617000e+01   3.1602387e-45
   1.1644000e+01   3.0946969e-45
   1.1671000e+01   3.0310530e-45
   1.1697000e+01   2.9694870e-45
   1.1724000e+01   2.9096315e-45
   1.1752000e+01   2.8515600e-45
   1.1779000e+01   2.7952369e-45
   1.1806000e+01   2.7405225e-45
   1.1833000e+01   2.6872819e-45
   1.1860000e+01   2.6355902e-45
   1.1888000e+01   2.5853157e-45
   1.1915000e+01   2.5364318e-45
   1.1943000e+01   2.4888125e-45
   1.1970000e+01   2.4424352e-45
   1.1998000e+01   2.3972774e-45
   1.2025000e+01   2.3533171e-45
   1.2053000e+01   2.3104365e-45
   1.2081000e+01   2.2686169e-45
   1.2109000e+01   2.2278400e-45
   1.2137000e+01   2.1880877e-45
   1.2165000e+01   2.1493423e-45
   1.2193000e+01   2.1114944e-45
   1.2221000e+01   2.0745292e-45
   1.2249000e+01   2.0385225e-45
   1.2277000e+01   2.0032786e-45
   1.2306000e+01   1.9688744e-45
   1.2334000e+01   1.9352081e-45
   1.2362000e+01   1.9023555e-45
   1.2391000e+01   1.8703030e-45
   1.2419000e+01   1.8388659e-45
   1.2448000e+01   1.8082055e-45
   1.2477000e+01   1.7781402e-45
   1.2506000e+01   1.7488288e-45
   1.2534000e+01   1.7200927e-45
   1.2563000e+01   1.6919237e-45
   1.2592000e+01   1.6644768e-45
   1.2621000e+01   1.6374972e-45
   1.2650000e+01   1.6111393e-45
   1.2680000e+01   1.5853139e-45
   1.2709000e+01   1.5600920e-45
   1.2738000e+01   1.5353075e-45
   1.2767000e+01   1.5110324e-45
   1.2797000e+01   1.4872592e-45
   1.2826000e+01   1.4639806e-45
   1.2856000e+01   1.4411894e-45
   1.2886000e+01   1.4188782e-45
   1.2915000e+01   1.3969654e-45
   1.2945000e+01   1.3754456e-45
   1.2975000e+01   1.3543872e-45
   1.3005000e+01   1.3337104e-45
   1.3035000e+01   1.3134826e-45
   1.3065000e+01   1.2936251e-45
   1.3095000e+01   1.2741330e-45
   1.3125000e+01   1.2550723e-45
   1.3156000e+01   1.2362959e-45
   1.3186000e+01   1.2179402e-45
   1.3216000e+01   1.1998603e-45
   1.3247000e+01   1.1821907e-45
   1.3277000e+01   1.1647886e-45
   1.3308000e+01   1.1477189e-45
   1.3339000e+01   1.1309769e-45
   1.3369000e+01   1.1145582e-45
   1.3400000e+01   1.0983922e-45
   1.3431000e+01   1.0825416e-45
   1.3462000e+01   1.0670022e-45
   1.3493000e+01   1.0517049e-45
   1.3524000e+01   1.0367112e-45
   1.3555000e+01   1.0219530e-45
   1.3587000e+01   1.0074911e-45
   1.3618000e+01   9.9325826e-46
   1.3649000e+01   9.7931444e-46
   1.3681000e+01   9.6559348e-46
   1.3712000e+01   9.5209274e-46
   1.3744000e+01   9.3880960e-46
   1.3776000e+01   9.2580233e-46
   1.3808000e+01   9.1300666e-46
   1.3839000e+01   9.0042005e-46
   1.3871000e+01   8.8804000e-46
   1.3903000e+01   8.7586403e-46
   1.3935000e+01   8.6394845e-46
   1.3968000e+01   8.5217286e-46
   1.4000000e+01   8.4065204e-46
   1.4032000e+01   8.2926721e-46
   1.4064000e+01   8.1807440e-46
   1.4097000e+01   8.0712810e-46
   1.4129000e+01   7.9631196e-46
   1.4162000e+01   7.8568090e-46
   1.4195000e+01   7.7523265e-46
   1.4227000e+01   7.6496496e-46
   1.4260000e+01   7.5482068e-46
   1.4293000e+01   7.4485326e-46
   1.4326000e+01   7.3506054e-46
   1.4359000e+01   7.2544036e-46
   1.4392000e+01   7.1599056e-46
   1.4425000e+01   7.0665589e-46
   1.4459000e+01   6.9748810e-46
   1.4492000e+01   6.8843264e-46
   1.4525000e+01   6.7954062e-46
   1.4559000e+01   6.7081000e-46
   1.4592000e+01   6.6218729e-46
   1.4626000e+01   6.5372262e-46
   1.4660000e+01   6.4536322e-46
   1.4694000e+01   6.3710808e-46
   1.4727000e+01   6.2905656e-46
   1.4761000e+01   6.2105624e-46
   1.4795000e+01   6.1325570e-46
   1.4830000e+01   6.0550445e-46
   1.4864000e+01   5.9790030e-46
   1.4898000e+01   5.9039280e-46
   1.4932000e+01   5.8302932e-46
   1.4967000e+01   5.7576002e-46
   1.5001000e+01   5.6863172e-46
   1.5036000e+01   5.6154781e-46
   1.5071000e+01   5.5460250e-46
   1.5105000e+01   5.4779403e-46
   1.5140000e+01   5.4102760e-46
   1.5175000e+01   5.3439569e-46
   1.5210000e+01   5.2785062e-46
   1.5245000e+01   5.2143723e-46
   1.5280000e+01   5.1506302e-46
   1.5316000e+01   5.0881825e-46
   1.5351000e+01   5.0265640e-46
   1.5386000e+01   4.9657666e-46
   1.5422000e+01   4.9057820e-46
   1.5457000e+01   4.8470426e-46
   1.5493000e+01   4.7886569e-46
   1.5529000e+01   4.7314950e-46
   1.5564000e+01   4.6751088e-46
   1.5600000e+01   4.6194905e-46
   1.5636000e+01   4.5642050e-46
   1.5672000e+01   4.5101017e-46
   1.5709000e+01   4.4567432e-46
   1.5745000e+01   4.4041220e-46
   1.5781000e+01   4.3526477e-46
   1.5817000e+01   4.3014760e-46
   1.5854000e+01   4.2510192e-46
   1.5890000e+01   4.2012701e-46
   1.5927000e+01   4.1522213e-46
   1.5964000e+01   4.1038656e-46
   1.6001000e+01   4.0561960e-46
   1.6038000e+01   4.0092053e-46
   1.6075000e+01   3.9628865e-46
   1.6112000e+01   3.9172326e-46
   1.6149000e+01   3.8718433e-46
   1.6186000e+01   3.8275010e-46
   1.6223000e+01   3.7838030e-46
   1.6261000e+01   3.7403560e-46
   1.6298000e+01   3.6975444e-46
   1.6336000e+01   3.6553616e-46
   1.6374000e+01   3.6138010e-46
   1.6411000e+01   3.5728560e-46
   1.6449000e+01   3.5325202e-46
   1.6487000e+01   3.4927872e-46
   1.6525000e+01   3.4532789e-46
   1.6563000e+01   3.4143648e-46
   1.6601000e+01   3.3760388e-46
   1.6640000e+01   3.3382944e-46
   1.6678000e+01   3.3011256e-46
   1.6716000e+01   3.2641649e-46
   1.6755000e+01   3.2277716e-46
   1.6794000e+01   3.1919396e-46
   1.6832000e+01   3.1566629e-46
   1.6871000e+01   3.1215822e-46
   1.6910000e+01   3.0870490e-46
   1.6949000e+01   3.0530573e-46
   1.6988000e+01   3.0196013e-46
   1.7027000e+01   2.9863296e-46
   1.7067000e+01   2.9535860e-46
   1.7106000e+01   2.9213646e-46
   1.7145000e+01   2.8896600e-46
   1.7185000e+01   2.8581284e-46
   1.7225000e+01   2.8271060e-46
   1.7264000e+01   2.7962528e-46
   1.7304000e+01   2.7659016e-46
   1.7344000e+01   2.7360468e-46
   1.7384000e+01   2.7066830e-46
   1.7424000e+01   2.6774777e-46
   1.7464000e+01   2.6487562e-46
   1.7505000e+01   2.6201897e-46
   1.7545000e+01   2.5921000e-46
   1.7585000e+01   2.5644820e-46
   1.7626000e+01   2.5370118e-46
   1.7667000e+01   2.5100065e-46
   1.7707000e+01   2.4834608e-46
   1.7748000e+01   2.4570562e-46
   1.7789000e+01   2.4311046e-46
   1.7830000e+01   2.4052908e-46
   1.7871000e+01   2.3799233e-46
   1.7912000e+01   2.3549972e-46
   1.7954000e+01   2.3302023e-46
   1.7995000e+01   2.3058423e-46
   1.8037000e+01   2.2816102e-46
   1.8078000e+01   2.2578068e-46
   1.8120000e+01   2.2341281e-46
   1.8162000e+01   2.2108716e-46
   1.8204000e+01   2.1877368e-46
   1.8246000e+01   2.1650180e-46
   1.8288000e+01   2.1427104e-46
   1.8330000e+01   2.1205184e-46
   1.8372000e+01   2.0987317e-46
   1.8414000e+01   2.0770574e-46
   1.8457000e+01   2.0557824e-46
   1.8499000e+01   2.0346170e-46
   1.8542000e+01   2.0135610e-46
   1.8585000e+01   1.9931792e-46
   1.8628000e+01   1.9726203e-46
   1.8671000e+01   1.9527268e-46
   1.8714000e+01   1.9326560e-46
   1.8757000e+01   1.9129656e-46
   1.8800000e+01   1.8936512e-46
   1.8844000e+01   1.8744348e-46
   1.8887000e+01   1.8555888e-46
   1.8931000e+01   1.8368381e-46
   1.8974000e+01   1.8181826e-46
   1.9018000e+01   1.7998906e-46
   1.9062000e+01   1.7819580e-46
   1.9106000e+01   1.7641152e-46
   1.9150000e+01   1.7463623e-46
   1.9194000e+01   1.7289620e-46
   1.9238000e+01   1.7116489e-46
   1.9283000e+01   1.6946832e-46
   1.9327000e+01   1.6778021e-46
   1.9372000e+01   1.6612632e-46
   1.9416000e+01   1.6448063e-46
   1.9461000e+01   1.6284312e-46
   1.9506000e+01   1.6123920e-46
   1.9551000e+01   1.5964322e-46
   1.9596000e+01   1.5808033e-46
   1.9641000e+01   1.5652512e-46
   1.9686000e+01   1.5500250e-46
   1.9732000e+01   1.5348732e-46
   1.9777000e+01   1.5197958e-46
   1.9823000e+01   1.5050382e-46
   1.9869000e+01   1.4903526e-46
   1.9915000e+01   1.4757390e-46
   1.9960000e+01   1.4614392e-46
   2.0006000e+01   1.4472090e-46
   2.0053000e+01   1.4332878e-46
   2.0099000e+01   1.4194340e-46
   2.0145000e+01   1.4058845e-46
   2.0192000e+01   1.3921640e-46
   2.0238000e+01   1.3789805e-46
   2.0285000e+01   1.3656260e-46
   2.0332000e+01   1.3525690e-46
   2.0379000e+01   1.3395748e-46
   2.0426000e+01   1.3268736e-46
   2.0473000e+01   1.3142330e-46
   2.0520000e+01   1.3016528e-46
   2.0567000e+01   1.2893603e-46
   2.0615000e+01   1.2771260e-46
   2.0662000e+01   1.2649501e-46
   2.0710000e+01   1.2530564e-46
   2.0758000e+01   1.2412188e-46
   2.0805000e+01   1.2294374e-46
   2.0853000e+01   1.2179330e-46
   2.0901000e+01   1.2064826e-46
   2.0950000e+01   1.1953049e-46
   2.0998000e+01   1.1839616e-46
   2.1046000e+01   1.1728890e-46
   2.1095000e+01   1.1620840e-46
   2.1144000e+01   1.1511144e-46
   2.1192000e+01   1.1404104e-46
   2.1241000e+01   1.1299690e-46
   2.1290000e+01   1.1193640e-46
   2.1339000e+01   1.1090196e-46
   2.1389000e+01   1.0989329e-46
   2.1438000e+01   1.0886836e-46
   2.1487000e+01   1.0786900e-46
   2.1537000e+01   1.0687424e-46
   2.1586000e+01   1.0590468e-46
   2.1636000e+01   1.0491905e-46
   2.1686000e+01   1.0397881e-46
   2.1736000e+01   1.0302250e-46
   2.1786000e+01   1.0209082e-46
   2.1837000e+01   1.0114325e-46
   2.1887000e+01   1.0024014e-46
   2.1937000e+01   9.9325142e-47
   2.1988000e+01   9.8424257e-47
   2.2039000e+01   9.7535376e-47
   2.2089000e+01   9.6656426e-47
   2.2140000e+01   9.5785369e-47
   2.2191000e+01   9.4924100e-47
   2.2243000e+01   9.4070601e-47
   2.2294000e+01   9.3228680e-47
   2.2345000e+01   9.2394389e-47
   2.2397000e+01   9.1567675e-47
   2.2449000e+01   9.0752297e-47
   2.2500000e+01   8.9944359e-47
   2.2552000e+01   8.9143811e-47
   2.2604000e+01   8.8354360e-47
   2.2656000e+01   8.7570292e-47
   2.2709000e+01   8.6797172e-47
   2.2761000e+01   8.6029335e-47
   2.2813000e+01   8.5272296e-47
   2.2866000e+01   8.4522281e-47
   2.2919000e+01   8.3779240e-47
   2.2972000e+01   8.3044946e-47
   2.3025000e+01   8.2317514e-47
   2.3078000e+01   8.1596896e-47
   2.3131000e+01   8.0886640e-47
   2.3184000e+01   8.0181279e-47
   2.3238000e+01   7.9484357e-47
   2.3291000e+01   7.8794028e-47
   2.3345000e+01   7.8112012e-47
   2.3399000e+01   7.7434720e-47
   2.3453000e+01   7.6767387e-47
   2.3507000e+01   7.6104686e-47
   2.3561000e+01   7.5450070e-47
   2.3615000e+01   7.4801741e-47
   2.3670000e+01   7.4159655e-47
   2.3724000e+01   7.3525480e-47
   2.3779000e+01   7.2895736e-47
   2.3834000e+01   7.2273802e-47
   2.3889000e+01   7.1657918e-47
   2.3944000e+01   7.1049727e-47
   2.3999000e+01   7.0445806e-47
   2.4055000e+01   6.9849478e-47
   2.4110000e+01   6.9259013e-47
   2.4166000e+01   6.8672712e-47
   2.4221000e+01   6.8093854e-47
   2.4277000e+01   6.7520732e-47
   2.4333000e+01   6.6953306e-47
   2.4389000e+01   6.6393163e-47
   2.4446000e+01   6.5836996e-47
   2.4502000e+01   6.5286400e-47
   2.4558000e+01   6.4741334e-47
   2.4615000e+01   6.4203361e-47
   2.4672000e+01   6.3669228e-47
   2.4729000e+01   6.3140505e-47
   2.4786000e+01   6.2617152e-47
   2.4843000e+01   6.2100704e-47
   2.4900000e+01   6.1587965e-47
   2.4958000e+01   6.1080477e-47
   2.5015000e+01   6.0578202e-47
   2.5073000e+01   6.0079551e-47
   2.5131000e+01   5.9587592e-47
   2.5189000e+01   5.9100731e-47
   2.5247000e+01   5.8617398e-47
   2.5305000e+01   5.8140625e-47
   2.5363000e+01   5.7667317e-47
   2.5422000e+01   5.7198969e-47
   2.5480000e+01   5.6735543e-47
   2.5539000e+01   5.6275503e-47
   2.5598000e+01   5.5821818e-47
   2.5657000e+01   5.5371457e-47
   2.5716000e+01   5.4925885e-47
   2.5776000e+01   5.4483590e-47
   2.5835000e+01   5.4047493e-47
   2.5895000e+01   5.3614613e-47
   2.5954000e+01   5.3186390e-47
   2.6014000e+01   5.2762790e-47
   2.6074000e+01   5.2342331e-47
   2.6134000e+01   5.1926436e-47
   2.6194000e+01   5.1515071e-47
   2.6255000e+01   5.1106771e-47
   2.6315000e+01   5.0702944e-47
   2.6376000e+01   5.0303556e-47
   2.6437000e+01   4.9907160e-47
   2.6498000e+01   4.9515147e-47
   2.6559000e+01   4.9127483e-47
   2.6620000e+01   4.8742739e-47
   2.6682000e+01   4.8362288e-47
   2.6743000e+01   4.7984714e-47
   2.6805000e+01   4.7611380e-47
   2.6867000e+01   4.7240878e-47
   2.6929000e+01   4.6874562e-47
   2.6991000e+01   4.6512400e-47
   2.7053000e+01   4.6153001e-47
   2.7115000e+01   4.5797703e-47
   2.7178000e+01   4.5445126e-47
   2.7241000e+01   4.5096597e-47
   2.7303000e+01   4.4750748e-47
   2.7366000e+01   4.4408896e-47
   2.7429000e+01   4.4069682e-47
   2.7493000e+01   4.3733092e-47
   2.7556000e+01   4.3401744e-47
   2.7620000e+01   4.3071656e-47
   2.7683000e+01   4.2745444e-47
   2.7747000e+01   4.2423077e-47
   2.7811000e+01   4.2101930e-47
   2.7875000e+01   4.1785882e-47
   2.7940000e+01   4.1471024e-47
   2.8004000e+01   4.1159923e-47
   2.8069000e+01   4.0852551e-47
   2.8133000e+01   4.0547603e-47
   2.8198000e+01   4.0245067e-47
   2.8263000e+01   3.9946192e-47
   2.8328000e+01   3.9649690e-47
   2.8394000e+01   3.9355548e-47
   2.8459000e+01   3.9065000e-47
   2.8525000e+01   3.8776774e-47
   2.8591000e+01   3.8490857e-47
   2.8656000e+01   3.8207233e-47
   2.8723000e+01   3.7927122e-47
   2.8789000e+01   3.7650496e-47
   2.8855000e+01   3.7374882e-47
   2.8922000e+01   3.7102717e-47
   2.8988000e+01   3.6832761e-47
   2.9055000e+01   3.6565000e-47
   2.9122000e+01   3.6300625e-47
   2.9189000e+01   3.6038410e-47
   2.9257000e+01   3.5778342e-47
   2.9324000e+01   3.5520408e-47
   2.9392000e+01   3.5265782e-47
   2.9460000e+01   3.5013256e-47
   2.9528000e+01   3.4762816e-47
   2.9596000e+01   3.4514450e-47
   2.9664000e+01   3.4268145e-47
   2.9732000e+01   3.4025056e-47
   2.9801000e+01   3.3783994e-47
   2.9870000e+01   3.3544947e-47
   2.9938000e+01   3.3307904e-47
   3.0007000e+01   3.3072851e-47
   3.0077000e+01   3.2839776e-47
   3.0146000e+01   3.2609810e-47
   3.0216000e+01   3.2381790e-47
   3.0285000e+01   3.2155704e-47
   3.0355000e+01   3.1931541e-47
   3.0425000e+01   3.1709287e-47
   3.0495000e+01   3.1488932e-47
   3.0566000e+01   3.1271582e-47
   3.0636000e+01   3.1054985e-47
   3.0707000e+01   3.0841362e-47
   3.0777000e+01   3.0628476e-47
   3.0848000e+01   3.0418534e-47
   3.0920000e+01   3.0210413e-47
   3.0991000e+01   3.0004102e-47
   3.1062000e+01   2.9799589e-47
   3.1134000e+01   2.9596864e-47
   3.1206000e+01   2.9395915e-47
   3.1278000e+01   2.9196732e-47
   3.1350000e+01   2.8999302e-47
   3.1422000e+01   2.8803616e-47
   3.1495000e+01   2.8609661e-47
   3.1567000e+01   2.8418495e-47
   3.1640000e+01   2.8227969e-47
   3.1713000e+01   2.8039143e-47
   3.1786000e+01   2.7852006e-47
   3.1859000e+01   2.7667600e-47
   3.1933000e+01   2.7483806e-47
   3.2007000e+01   2.7301670e-47
   3.2080000e+01   2.7121181e-47
   3.2154000e+01   2.6943366e-47
   3.2228000e+01   2.6766137e-47
   3.2303000e+01   2.6590524e-47
   3.2377000e+01   2.6416516e-47
   3.2452000e+01   2.6244104e-47
   3.2527000e+01   2.6073278e-47
   3.2602000e+01   2.5904028e-47
   3.2677000e+01   2.5735329e-47
   3.2752000e+01   2.5569204e-47
   3.2828000e+01   2.5404624e-47
   3.2904000e+01   2.5240576e-47
   3.2979000e+01   2.5079062e-47
   3.3055000e+01   2.4918067e-47
   3.3132000e+01   2.4759581e-47
   3.3208000e+01   2.4601600e-47
   3.3285000e+01   2.4445114e-47
   3.3361000e+01   2.4290112e-47
   3.3438000e+01   2.4136586e-47
   3.3515000e+01   2.3983547e-47
   3.3593000e+01   2.3832948e-47
   3.3670000e+01   2.3683796e-47
   3.3748000e+01   2.3535112e-47
   3.3826000e+01   2.3387863e-47
   3.3904000e+01   2.3242041e-47
   3.3982000e+01   2.3097636e-47
   3.4060000e+01   2.2954639e-47
   3.4139000e+01   2.2812086e-47
   3.4218000e+01   2.2670930e-47
   3.4296000e+01   2.2532110e-47
   3.4376000e+01   2.2393717e-47
   3.4455000e+01   2.2255750e-47
   3.4534000e+01   2.2120090e-47
   3.4614000e+01   2.1984845e-47
   3.4694000e+01   2.1851885e-47
   3.4774000e+01   2.1719328e-47
   3.4854000e+01   2.1588104e-47
   3.4934000e+01   2.1457277e-47
   3.5015000e+01   2.1327771e-47
   3.5096000e+01   2.1200499e-47
   3.5176000e+01   2.1073608e-47
   3.5258000e+01   2.0947098e-47
   3.5339000e+01   2.0822794e-47
   3.5420000e+01   2.0698860e-47
   3.5502000e+01   2.0576203e-47
   3.5584000e+01   2.0454815e-47
   3.5666000e+01   2.0333786e-47
   3.5748000e+01   2.0214016e-47
   3.5831000e+01   2.0095496e-47
   3.5913000e+01   1.9978218e-47
   3.5996000e+01   1.9861284e-47
   3.6079000e+01   1.9745581e-47
   3.6162000e+01   1.9631102e-47
   3.6246000e+01   1.9517840e-47
   3.6329000e+01   1.9404906e-47
   3.6413000e+01   1.9293178e-47
   3.6497000e+01   1.9181772e-47
   3.6581000e+01   1.9072436e-47
   3.6666000e+01   1.8963412e-47
   3.6750000e+01   1.8855569e-47
   3.6835000e+01   1.8748034e-47
   3.6920000e+01   1.8641670e-47
   3.7005000e+01   1.8536469e-47
   3.7090000e+01   1.8431566e-47
   3.7176000e+01   1.8327817e-47
   3.7262000e+01   1.8225215e-47
   3.7347000e+01   1.8123752e-47
   3.7434000e+01   1.8022572e-47
   3.7520000e+01   1.7922522e-47
   3.7606000e+01   1.7822751e-47
   3.7693000e+01   1.7724100e-47
   3.7780000e+01   1.7626563e-47
   3.7867000e+01   1.7529294e-47
   3.7955000e+01   1.7433130e-47
   3.8042000e+01   1.7338063e-47
   3.8130000e+01   1.7243256e-47
   3.8218000e+01   1.7149537e-47
   3.8306000e+01   1.7056074e-47
   3.8394000e+01   1.6963690e-47
   3.8483000e+01   1.6872378e-47
   3.8571000e+01   1.6781312e-47
   3.8660000e+01   1.6691310e-47
   3.8750000e+01   1.6601550e-47
   3.8839000e+01   1.6513658e-47
   3.8928000e+01   1.6425188e-47
   3.9018000e+01   1.6337764e-47
   3.9108000e+01   1.6251380e-47
   3.9198000e+01   1.6166028e-47
   3.9289000e+01   1.6080902e-47
   3.9379000e+01   1.5996000e-47
   3.9470000e+01   1.5912919e-47
   3.9561000e+01   1.5829258e-47
   3.9652000e+01   1.5747405e-47
   3.9744000e+01   1.5664972e-47
   3.9836000e+01   1.5584335e-47
   3.9927000e+01   1.5503906e-47
   4.0019000e+01   1.5423685e-47
   4.0112000e+01   1.5344456e-47
   4.0204000e+01   1.5266212e-47
   4.0297000e+01   1.5188168e-47
   4.0390000e+01   1.5111101e-47
   4.0483000e+01   1.5034231e-47
   4.0576000e+01   1.4958330e-47
   4.0670000e+01   1.4882621e-47
   4.0764000e+01   1.4807874e-47
   4.0858000e+01   1.4734082e-47
   4.0952000e+01   1.4659709e-47
   4.1046000e+01   1.4587052e-47
   4.1141000e+01   1.4514576e-47
   4.1236000e+01   1.4442280e-47
   4.1331000e+01   1.4370923e-47
   4.1426000e+01   1.4299742e-47
   4.1522000e+01   1.4229493e-47
   4.1618000e+01   1.4160169e-47
   4.1714000e+01   1.4091014e-47
   4.1810000e+01   1.4022029e-47
   4.1906000e+01   1.3953960e-47
   4.2003000e+01   1.3886057e-47
   4.2100000e+01   1.3819063e-47
   4.2197000e+01   1.3752972e-47
   4.2294000e+01   1.3687040e-47
   4.2392000e+01   1.3621266e-47
   4.2489000e+01   1.3556388e-47
   4.2587000e+01   1.3491664e-47
   4.2686000e+01   1.3427827e-47
   4.2784000e+01   1.3364142e-47
   4.2883000e+01   1.3300609e-47
   4.2981000e+01   1.3238682e-47
   4.3081000e+01   1.3176174e-47
   4.3180000e+01   1.3114538e-47
   4.3280000e+01   1.3053769e-47
   4.3379000e+01   1.2992420e-47
   4.3479000e+01   1.2932654e-47
   4.3580000e+01   1.2873026e-47
   4.3680000e+01   1.2813536e-47
   4.3781000e+01   1.2754898e-47
   4.3882000e+01   1.2696394e-47
   4.3983000e+01   1.2638025e-47
   4.4084000e+01   1.2580500e-47
   4.4186000e+01   1.2523813e-47
   4.4288000e+01   1.2466549e-47
   4.4390000e+01   1.2410824e-47
   4.4492000e+01   1.2354522e-47
   4.4595000e+01   1.2299049e-47
   4.4698000e+01   1.2244401e-47
   4.4801000e+01   1.2189874e-47
   4.4904000e+01   1.2135469e-47
   4.5008000e+01   1.2081881e-47
   4.5112000e+01   1.2028411e-47
   4.5216000e+01   1.1975060e-47
   4.5320000e+01   1.1922518e-47
   4.5424000e+01   1.1870781e-47
   4.5529000e+01   1.1818469e-47
   4.5634000e+01   1.1766958e-47
   4.5739000e+01   1.1716244e-47
   4.5845000e+01   1.1665640e-47
   4.5951000e+01   1.1615146e-47
   4.6057000e+01   1.1565441e-47
   4.6163000e+01   1.1515842e-47
   4.6269000e+01   1.1466350e-47
   4.6376000e+01   1.1417641e-47
   4.6483000e+01   1.1369035e-47
   4.6590000e+01   1.1320533e-47
   4.6697000e+01   1.1272806e-47
   4.6805000e+01   1.1225180e-47
   4.6913000e+01   1.1178324e-47
   4.7021000e+01   1.1131565e-47
   4.7130000e+01   1.1084904e-47
   4.7238000e+01   1.1039006e-47
   4.7347000e+01   1.0993203e-47
   4.7457000e+01   1.0947496e-47
   4.7566000e+01   1.0902544e-47
   4.7676000e+01   1.0857684e-47
   4.7786000e+01   1.0813575e-47
   4.7896000e+01   1.0769555e-47
   4.8006000e+01   1.0725625e-47
   4.8117000e+01   1.0681785e-47
   4.8228000e+01   1.0638687e-47
   4.8339000e+01   1.0595676e-47
   4.8451000e+01   1.0553402e-47
   4.8562000e+01   1.0510564e-47
   4.8674000e+01   1.0468460e-47
   4.8787000e+01   1.0427087e-47
   4.8899000e+01   1.0385795e-47
   4.9012000e+01   1.0344586e-47
   4.9125000e+01   1.0303458e-47
   4.9238000e+01   1.0263053e-47
   4.9352000e+01   1.0222727e-47
   4.9465000e+01   1.0182481e-47
   4.9579000e+01   1.0142951e-47
   4.9694000e+01   1.0103498e-47
   4.9808000e+01   1.0064122e-47
   4.9923000e+01   1.0025456e-47
   5.0038000e+01   9.9868640e-48
   5.0154000e+01   9.9483468e-48
   5.0269000e+01   9.9105336e-48
   5.0385000e+01   9.8727924e-48
   5.0502000e+01   9.8351232e-48
   5.0618000e+01   9.7975260e-48
   5.0735000e+01   9.7606256e-48
   5.0852000e+01   9.7237949e-48
   5.0969000e+01   9.6870338e-48
   5.1087000e+01   9.6509636e-48
   5.1204000e+01   9.6149606e-48
   5.1322000e+01   9.5790250e-48
   5.1441000e+01   9.5437745e-48
   5.1559000e+01   9.5079723e-48
   5.1678000e+01   9.4728528e-48
   5.1797000e+01   9.4384128e-48
   5.1917000e+01   9.4034222e-48
   5.2037000e+01   9.3691088e-48
   5.2157000e+01   9.3348581e-48
   5.2277000e+01   9.3012800e-48
   5.2397000e+01   9.2671536e-48
   5.2518000e+01   9.2336977e-48
   5.2639000e+01   9.2009089e-48
   5.2761000e+01   9.1675728e-48
   5.2882000e+01   9.1349018e-48
   5.3004000e+01   9.1022890e-48
   5.3127000e+01   9.0697346e-48
   5.3249000e+01   9.0378397e-48
   5.3372000e+01   9.0054008e-48
   5.3495000e+01   8.9736194e-48
   5.3618000e+01   8.9424922e-48
   5.3742000e+01   8.9108220e-48
   5.3866000e+01   8.8798040e-48
   5.3990000e+01   8.8488401e-48
   5.4115000e+01   8.8185242e-48
   5.4239000e+01   8.7876674e-48
   5.4365000e+01   8.7574565e-48
   5.4490000e+01   8.7272976e-48
   5.4616000e+01   8.6971908e-48
   5.4741000e+01   8.6677248e-48
   5.4868000e+01   8.6383088e-48
   5.4994000e+01   8.6089428e-48
   5.5121000e+01   8.5796268e-48
   5.5248000e+01   8.5503608e-48
   5.5376000e+01   8.5217286e-48
   5.5503000e+01   8.4931445e-48
   5.5631000e+01   8.4646084e-48
   5.5760000e+01   8.4367012e-48
   5.5888000e+01   8.4082601e-48
   5.6017000e+01   8.3804460e-48
   5.6146000e+01   8.3526780e-48
   5.6276000e+01   8.3255332e-48
   5.6405000e+01   8.2978564e-48
   5.6535000e+01   8.2708008e-48
   5.6666000e+01   8.2437894e-48
   5.6797000e+01   8.2168222e-48
   5.6928000e+01   8.1904716e-48
   5.7059000e+01   8.1635918e-48
   5.7190000e+01   8.1373268e-48
   5.7322000e+01   8.1111040e-48
   5.7454000e+01   8.0849236e-48
   5.7587000e+01   8.0593532e-48
   5.7720000e+01   8.0338234e-48
   5.7853000e+01   8.0083340e-48
   5.7986000e+01   7.9828852e-48
   5.8120000e+01   7.9574768e-48
   5.8254000e+01   7.9326722e-48
   5.8388000e+01   7.9073440e-48
   5.8523000e+01   7.8826178e-48
   5.8658000e+01   7.8579302e-48
   5.8793000e+01   7.8338412e-48
   5.8929000e+01   7.8092302e-48
   5.9065000e+01   7.7852160e-48
   5.9201000e+01   7.7612388e-48
   5.9337000e+01   7.7372986e-48
   5.9474000e+01   7.7133953e-48
   5.9611000e+01   7.6900836e-48
   5.9749000e+01   7.6668072e-48
   5.9887000e+01   7.6430132e-48
   6.0025000e+01   7.6203602e-48
   6.0163000e+01   7.5971897e-48
   6.0302000e+01   7.5740544e-48
   6.0441000e+01   7.5515040e-48
   6.0580000e+01   7.5289872e-48
   6.0720000e+01   7.5065040e-48
   6.0860000e+01   7.4840545e-48
   6.1000000e+01   7.4616386e-48
   6.1141000e+01   7.4398018e-48
   6.1282000e+01   7.4179970e-48
   6.1423000e+01   7.3962242e-48
   6.1565000e+01   7.3744834e-48
   6.1707000e+01   7.3527746e-48
   6.1849000e+01   7.3310978e-48
   6.1992000e+01   7.3099937e-48
   6.2135000e+01   7.2889200e-48
   6.2278000e+01   7.2678768e-48
   6.2422000e+01   7.2468640e-48
   6.2566000e+01   7.2258816e-48
   6.2710000e+01   7.2054665e-48
   6.2855000e+01   7.1845442e-48
   6.2999000e+01   7.1641876e-48
   6.3145000e+01   7.1438598e-48
   6.3290000e+01   7.1235610e-48
   6.3436000e+01   7.1038241e-48
   6.3583000e+01   7.0835823e-48
   6.3729000e+01   7.0639008e-48
   6.3876000e+01   7.0442468e-48
   6.4023000e+01   7.0246202e-48
   6.4171000e+01   7.0050209e-48
   6.4319000e+01   6.9854490e-48
   6.4467000e+01   6.9659045e-48
   6.4616000e+01   6.9469145e-48
   6.4765000e+01   6.9279504e-48
   6.4914000e+01   6.9090123e-48
   6.5064000e+01   6.8901000e-48
   6.5214000e+01   6.8712137e-48
   6.5365000e+01   6.8523533e-48
   6.5515000e+01   6.8340416e-48
   6.5666000e+01   6.8152324e-48
   6.5818000e+01   6.7969704e-48
   6.5970000e+01   6.7787330e-48
   6.6122000e+01   6.7605200e-48
   6.6274000e+01   6.7423316e-48
   6.6427000e+01   6.7246862e-48
   6.6580000e+01   6.7065461e-48
   6.6734000e+01   6.6889477e-48
   6.6888000e+01   6.6713724e-48
   6.7042000e+01   6.6538202e-48
   6.7196000e+01   6.6362912e-48
   6.7351000e+01   6.6187853e-48
   6.7507000e+01   6.6018164e-48
   6.7662000e+01   6.5843560e-48
   6.7818000e+01   6.5674313e-48
   6.7975000e+01   6.5505284e-48
   6.8132000e+01   6.5336472e-48
   6.8289000e+01   6.5167878e-48
   6.8446000e+01   6.4999502e-48
   6.8604000e+01   6.4831344e-48
   6.8762000e+01   6.4668490e-48
   6.8921000e+01   6.4500761e-48
   6.9080000e+01   6.4338322e-48
   6.9239000e+01   6.4176089e-48
   6.9399000e+01   6.4014060e-48
   6.9559000e+01   6.3852236e-48
   6.9719000e+01   6.3690617e-48
   6.9880000e+01   6.3534244e-48
   7.0041000e+01   6.3373028e-48
   7.0202000e+01   6.3217045e-48
   7.0364000e+01   6.3061254e-48
   7.0527000e+01   6.2900640e-48
   7.0689000e+01   6.2750250e-48
   7.0852000e+01   6.2595036e-48
   7.1016000e+01   6.2440014e-48
   7.1179000e+01   6.2285185e-48
   7.1344000e+01   6.2135533e-48
   7.1508000e+01   6.1981082e-48
   7.1673000e+01   6.1831796e-48
   7.1838000e+01   6.1682690e-48
   7.2004000e+01   6.1533764e-48
   7.2170000e+01   6.1385018e-48
   7.2336000e+01   6.1236452e-48
   7.2503000e+01   6.1093009e-48
   7.2670000e+01   6.0944797e-48
   7.2838000e+01   6.0801696e-48
   7.3006000e+01   6.0653838e-48
   7.3174000e+01   6.0511080e-48
   7.3343000e+01   6.0368490e-48
   7.3512000e+01   6.0226068e-48
   7.3682000e+01   6.0083814e-48
   7.3852000e+01   5.9941729e-48
   7.4022000e+01   5.9804702e-48
   7.4193000e+01   5.9662948e-48
   7.4364000e+01   5.9526240e-48
   7.4535000e+01   5.9389690e-48
   7.4707000e+01   5.9248428e-48
   7.4879000e+01   5.9112197e-48
   7.5052000e+01   5.8976122e-48
   7.5225000e+01   5.8840205e-48
   7.5399000e+01   5.8709290e-48
   7.5572000e+01   5.8573680e-48
   7.5747000e+01   5.8438228e-48
   7.5921000e+01   5.8307761e-48
   7.6096000e+01   5.8172616e-48
   7.6272000e+01   5.8042446e-48
   7.6448000e+01   5.7912422e-48
   7.6624000e+01   5.7782544e-48
   7.6801000e+01   5.7652812e-48
   7.6978000e+01   5.7523226e-48
   7.7155000e+01   5.7393785e-48
   7.7333000e+01   5.7269276e-48
   7.7512000e+01   5.7140122e-48
   7.7690000e+01   5.7015888e-48
   7.7870000e+01   5.6887020e-48
   7.8049000e+01   5.6763062e-48
   7.8229000e+01   5.6639240e-48
   7.8409000e+01   5.6515553e-48
   7.8590000e+01   5.6392001e-48
   7.8772000e+01   5.6268584e-48
   7.8953000e+01   5.6145303e-48
   7.9135000e+01   5.6022156e-48
   7.9318000e+01   5.5903874e-48
   7.9501000e+01   5.5780992e-48
   7.9684000e+01   5.5662965e-48
   7.9868000e+01   5.5540349e-48
   8.0052000e+01   5.5422576e-48
   8.0236000e+01   5.5304929e-48
   8.0421000e+01   5.5187406e-48
   8.0607000e+01   5.5070009e-48
   8.0793000e+01   5.4952736e-48
   8.0979000e+01   5.4835589e-48
   8.1166000e+01   5.4723245e-48
   8.1353000e+01   5.4606342e-48
   8.1541000e+01   5.4489565e-48
   8.1729000e+01   5.4377576e-48
   8.1917000e+01   5.4265702e-48
   8.2106000e+01   5.4149290e-48
   8.2295000e+01   5.4037652e-48
   8.2485000e+01   5.3926128e-48
   8.2675000e+01   5.3814720e-48
   8.2866000e+01   5.3703428e-48
   8.3057000e+01   5.3592250e-48
   8.3249000e+01   5.3481188e-48
   8.3441000e+01   5.3374861e-48
   8.3633000e+01   5.3264024e-48
   8.3826000e+01   5.3153302e-48
   8.4019000e+01   5.3047302e-48
   8.4213000e+01   5.2941408e-48
   8.4407000e+01   5.2831022e-48
   8.4602000e+01   5.2725344e-48
   8.4797000e+01   5.2619772e-48
   8.4992000e+01   5.2514306e-48
   8.5188000e+01   5.2408945e-48
   8.5385000e+01   5.2303690e-48
   8.5582000e+01   5.2198541e-48
   8.5779000e+01   5.2098062e-48
   8.5977000e+01   5.1993120e-48
   8.6175000e+01   5.1888284e-48
   8.6374000e+01   5.1788105e-48
   8.6573000e+01   5.1683476e-48
   8.6773000e+01   5.1583494e-48
   8.6973000e+01   5.1483610e-48
   8.7173000e+01   5.1379289e-48
   8.7374000e+01   5.1279602e-48
   8.7576000e+01   5.1180013e-48
   8.7778000e+01   5.1080520e-48
   8.7980000e+01   5.0981124e-48
   8.8183000e+01   5.0881825e-48
   8.8386000e+01   5.0787130e-48
   8.8590000e+01   5.0688020e-48
   8.8795000e+01   5.0589006e-48
   8.8999000e+01   5.0494584e-48
   8.9205000e+01   5.0395760e-48
   8.9410000e+01   5.0301518e-48
   8.9616000e+01   5.0202884e-48
   8.9823000e+01   5.0108823e-48
   9.0030000e+01   5.0014850e-48
   9.0238000e+01   4.9920965e-48
   9.0446000e+01   4.9827168e-48
   9.0655000e+01   4.9733460e-48
   9.0864000e+01   4.9639840e-48
   9.1073000e+01   4.9546308e-48
   9.1283000e+01   4.9452864e-48
   9.1494000e+01   4.9359509e-48
   9.1705000e+01   4.9270681e-48
   9.1916000e+01   4.9177498e-48
   9.2128000e+01   4.9084402e-48
   9.2340000e+01   4.8995822e-48
   9.2553000e+01   4.8902900e-48
   9.2767000e+01   4.8814484e-48
   9.2981000e+01   4.8726148e-48
   9.3195000e+01   4.8633481e-48
   9.3410000e+01   4.8545309e-48
   9.3625000e+01   4.8457217e-48
   9.3841000e+01   4.8369205e-48
   9.4058000e+01   4.8281273e-48
   9.4275000e+01   4.8193421e-48
   9.4492000e+01   4.8105649e-48
   9.4710000e+01   4.8022340e-48
   9.4928000e+01   4.7934724e-48
   9.5147000e+01   4.7847188e-48
   9.5367000e+01   4.7764102e-48
   9.5587000e+01   4.7676722e-48
   9.5807000e+01   4.7589422e-48
   9.6028000e+01   4.7506562e-48
   9.6249000e+01   4.7423773e-48
   9.6471000e+01   4.7336705e-48
   9.6694000e+01   4.7254064e-48
   9.6917000e+01   4.7171496e-48
   9.7140000e+01   4.7089000e-48
   9.7364000e+01   4.7006576e-48
   9.7589000e+01   4.6924224e-48
   9.7814000e+01   4.6841945e-48
   9.8039000e+01   4.6759738e-48
   9.8266000e+01   4.6677602e-48
   9.8492000e+01   4.6595540e-48
   9.8719000e+01   4.6513549e-48
   9.8947000e+01   4.6435940e-48
   9.9175000e+01   4.6354090e-48
   9.9404000e+01   4.6272312e-48
   9.9633000e+01   4.6194905e-48
   9.9863000e+01   4.6113268e-48
   1.0009000e+02   4.6035994e-48
   1.0032000e+02   4.5958784e-48
   1.0056000e+02   4.5877356e-48
   1.0079000e+02   4.5800280e-48
   1.0102000e+02   4.5723269e-48
   1.0125000e+02   4.5646322e-48
   1.0149000e+02   4.5569441e-48
   1.0172000e+02   4.5492624e-48
   1.0195000e+02   4.5415872e-48
   1.0219000e+02   4.5339185e-48
   1.0243000e+02   4.5262563e-48
   1.0266000e+02   4.5186005e-48
   1.0290000e+02   4.5109512e-48
   1.0314000e+02   4.5033084e-48
   1.0337000e+02   4.4960962e-48
   1.0361000e+02   4.4884660e-48
   1.0385000e+02   4.4808422e-48
   1.0409000e+02   4.4736480e-48
   1.0433000e+02   4.4660369e-48
   1.0457000e+02   4.4588546e-48
   1.0481000e+02   4.4516780e-48
   1.0505000e+02   4.4440856e-48
   1.0530000e+02   4.4369210e-48
   1.0554000e+02   4.4297621e-48
   1.0578000e+02   4.4226090e-48
   1.0603000e+02   4.4150414e-48
   1.0627000e+02   4.4079002e-48
   1.0652000e+02   4.4007648e-48
   1.0676000e+02   4.3936352e-48
   1.0701000e+02   4.3865114e-48
   1.0725000e+02   4.3793933e-48
   1.0750000e+02   4.3726992e-48
   1.0775000e+02   4.3655924e-48
   1.0800000e+02   4.3584913e-48
   1.0825000e+02   4.3513960e-48
   1.0850000e+02   4.3447234e-48
   1.0875000e+02   4.3376393e-48
   1.0900000e+02   4.3305610e-48
   1.0925000e+02   4.3239044e-48
   1.0950000e+02   4.3168373e-48
   1.0975000e+02   4.3101912e-48
   1.1001000e+02   4.3035503e-48
   1.1026000e+02   4.2964998e-48
   1.1051000e+02   4.2898694e-48
   1.1077000e+02   4.2832442e-48
   1.1102000e+02   4.2766240e-48
   1.1128000e+02   4.2695957e-48
   1.1154000e+02   4.2629861e-48
   1.1179000e+02   4.2563816e-48
   1.1205000e+02   4.2497823e-48
   1.1231000e+02   4.2431880e-48
   1.1257000e+02   4.2365989e-48
   1.1283000e+02   4.2300149e-48
   1.1309000e+02   4.2234360e-48
   1.1335000e+02   4.2172730e-48
   1.1361000e+02   4.2107040e-48
   1.1387000e+02   4.2041402e-48
   1.1414000e+02   4.1975814e-48
   1.1440000e+02   4.1914373e-48
   1.1466000e+02   4.1848885e-48
   1.1493000e+02   4.1787536e-48
   1.1519000e+02   4.1722148e-48
   1.1546000e+02   4.1660892e-48
   1.1572000e+02   4.1595602e-48
   1.1599000e+02   4.1534440e-48
   1.1626000e+02   4.1469250e-48
   1.1653000e+02   4.1408180e-48
   1.1680000e+02   4.1347156e-48
   1.1706000e+02   4.1286176e-48
   1.1733000e+02   4.1221181e-48
   1.1761000e+02   4.1160294e-48
   1.1788000e+02   4.1099453e-48
   1.1815000e+02   4.1038656e-48
   1.1842000e+02   4.0977905e-48
   1.1869000e+02   4.0917198e-48
   1.1897000e+02   4.0856537e-48
   1.1924000e+02   4.0795920e-48
   1.1952000e+02   4.0735349e-48
   1.1979000e+02   4.0678856e-48
   1.2007000e+02   4.0618372e-48
   1.2035000e+02   4.0557932e-48
   1.2062000e+02   4.0497538e-48
   1.2090000e+02   4.0441210e-48
   1.2118000e+02   4.0380903e-48
   1.2146000e+02   4.0320640e-48
   1.2174000e+02   4.0264436e-48
   1.2202000e+02   4.0204260e-48
   1.2230000e+02   4.0148137e-48
   1.2258000e+02   4.0088048e-48
   1.2287000e+02   4.0032006e-48
   1.2315000e+02   3.9976004e-48
   1.2343000e+02   3.9916044e-48
   1.2372000e+02   3.9860122e-48
   1.2400000e+02   3.9804240e-48
   1.2429000e+02   3.9748397e-48
   1.2458000e+02   3.9688608e-48
   1.2486000e+02   3.9632846e-48
   1.2515000e+02   3.9577124e-48
   1.2544000e+02   3.9521440e-48
   1.2573000e+02   3.9465796e-48
   1.2602000e+02   3.9410190e-48
   1.2631000e+02   3.9354624e-48
   1.2660000e+02   3.9299098e-48
   1.2689000e+02   3.9243610e-48
   1.2719000e+02   3.9192121e-48
   1.2748000e+02   3.9136709e-48
   1.2777000e+02   3.9081336e-48
   1.2807000e+02   3.9026002e-48
   1.2836000e+02   3.8974656e-48
   1.2866000e+02   3.8919398e-48
   1.2896000e+02   3.8864180e-48
   1.2925000e+02   3.8812940e-48
   1.2955000e+02   3.8757797e-48
   1.2985000e+02   3.8706628e-48
   1.3015000e+02   3.8651560e-48
   1.3045000e+02   3.8600461e-48
   1.3075000e+02   3.8545469e-48
   1.3105000e+02   3.8494440e-48
   1.3135000e+02   3.8443445e-48
   1.3166000e+02   3.8388565e-48
   1.3196000e+02   3.8337640e-48
   1.3226000e+02   3.8286749e-48
   1.3257000e+02   3.8231981e-48
   1.3288000e+02   3.8181160e-48
   1.3318000e+02   3.8130373e-48
   1.3349000e+02   3.8079620e-48
   1.3380000e+02   3.8028900e-48
   1.3411000e+02   3.7978214e-48
   1.3441000e+02   3.7927562e-48
   1.3472000e+02   3.7876944e-48
   1.3504000e+02   3.7826360e-48
   1.3535000e+02   3.7775810e-48
   1.3566000e+02   3.7725293e-48
   1.3597000e+02   3.7678692e-48
   1.3629000e+02   3.7628240e-48
   1.3660000e+02   3.7577823e-48
   1.3691000e+02   3.7527438e-48
   1.3723000e+02   3.7480960e-48
   1.3755000e+02   3.7430641e-48
   1.3786000e+02   3.7380356e-48
   1.3818000e+02   3.7333968e-48
   1.3850000e+02   3.7283748e-48
   1.3882000e+02   3.7237421e-48
   1.3914000e+02   3.7187266e-48
   1.3946000e+02   3.7140998e-48
   1.3978000e+02   3.7090908e-48
   1.4010000e+02   3.7044701e-48
   1.4043000e+02   3.6994676e-48
   1.4075000e+02   3.6948528e-48
   1.4108000e+02   3.6902410e-48
   1.4140000e+02   3.6856320e-48
   1.4173000e+02   3.6806423e-48
   1.4205000e+02   3.6760393e-48
   1.4238000e+02   3.6714392e-48
   1.4271000e+02   3.6668420e-48
   1.4304000e+02   3.6622477e-48
   1.4337000e+02   3.6576562e-48
   1.4370000e+02   3.6530677e-48
   1.4403000e+02   3.6484820e-48
   1.4436000e+02   3.6438992e-48
   1.4470000e+02   3.6393193e-48
   1.4503000e+02   3.6347422e-48
   1.4536000e+02   3.6301681e-48
   1.4570000e+02   3.6255968e-48
   1.4604000e+02   3.6210284e-48
   1.4637000e+02   3.6164629e-48
   1.4671000e+02   3.6122804e-48
   1.4705000e+02   3.6077204e-48
   1.4739000e+02   3.6031632e-48
   1.4773000e+02   3.5989884e-48
   1.4807000e+02   3.5944368e-48
   1.4841000e+02   3.5898881e-48
   1.4875000e+02   3.5857210e-48
   1.4909000e+02   3.5811778e-48
   1.4944000e+02   3.5770157e-48
   1.4978000e+02   3.5724780e-48
   1.5013000e+02   3.5683210e-48
   1.5047000e+02   3.5637888e-48
   1.5082000e+02   3.5596369e-48
   1.5117000e+02   3.5554874e-48
   1.5152000e+02   3.5509634e-48
   1.5187000e+02   3.5468189e-48
   1.5222000e+02   3.5426768e-48
   1.5257000e+02   3.5385372e-48
   1.5292000e+02   3.5344000e-48
   1.5327000e+02   3.5298894e-48
   1.5363000e+02   3.5257573e-48
   1.5398000e+02   3.5216276e-48
   1.5434000e+02   3.5175003e-48
   1.5469000e+02   3.5133754e-48
   1.5505000e+02   3.5092529e-48
   1.5541000e+02   3.5051328e-48
   1.5576000e+02   3.5010152e-48
   1.5612000e+02   3.4969000e-48
   1.5648000e+02   3.4927872e-48
   1.5684000e+02   3.4890504e-48
   1.5721000e+02   3.4849422e-48
   1.5757000e+02   3.4808365e-48
   1.5793000e+02   3.4767332e-48
   1.5830000e+02   3.4726323e-48
   1.5866000e+02   3.4689063e-48
   1.5903000e+02   3.4648100e-48
   1.5939000e+02   3.4607161e-48
   1.5976000e+02   3.4569965e-48
   1.6013000e+02   3.4529072e-48
   1.6050000e+02   3.4491918e-48
   1.6087000e+02   3.4451072e-48
   1.6124000e+02   3.4413960e-48
   1.6161000e+02   3.4373160e-48
   1.6198000e+02   3.4336090e-48
   1.6236000e+02   3.4295336e-48
   1.6273000e+02   3.4258308e-48
   1.6311000e+02   3.4221300e-48
   1.6348000e+02   3.4180614e-48
   1.6386000e+02   3.4143648e-48
   1.6424000e+02   3.4106702e-48
   1.6462000e+02   3.4069776e-48
   1.6500000e+02   3.4032870e-48
   1.6538000e+02   3.3992297e-48
   1.6576000e+02   3.3955433e-48
   1.6614000e+02   3.3918589e-48
   1.6652000e+02   3.3881765e-48
   1.6691000e+02   3.3844961e-48
   1.6729000e+02   3.3808177e-48
   1.6768000e+02   3.3771413e-48
   1.6807000e+02   3.3734669e-48
   1.6845000e+02   3.3697945e-48
   1.6884000e+02   3.3661241e-48
   1.6923000e+02   3.3624557e-48
   1.6962000e+02   3.3591558e-48
   1.7001000e+02   3.3554912e-48
   1.7040000e+02   3.3518286e-48
   1.7080000e+02   3.3481680e-48
   1.7119000e+02   3.3448752e-48
   1.7159000e+02   3.3412184e-48
   1.7198000e+02   3.3375636e-48
   1.7238000e+02   3.3342760e-48
   1.7278000e+02   3.3306250e-48
   1.7317000e+02   3.3273408e-48
   1.7357000e+02   3.3236936e-48
   1.7397000e+02   3.3204128e-48
   1.7437000e+02   3.3167694e-48
   1.7478000e+02   3.3134921e-48
   1.7518000e+02   3.3098525e-48
   1.7558000e+02   3.3065786e-48
   1.7599000e+02   3.3033062e-48
   1.7639000e+02   3.2996723e-48
   1.7680000e+02   3.2964034e-48
   1.7721000e+02   3.2931361e-48
   1.7762000e+02   3.2895077e-48
   1.7803000e+02   3.2862438e-48
   1.7844000e+02   3.2829816e-48
   1.7885000e+02   3.2797210e-48
   1.7926000e+02   3.2764620e-48
   1.7968000e+02   3.2732046e-48
   1.8009000e+02   3.2699489e-48
   1.8050000e+02   3.2666948e-48
   1.8092000e+02   3.2634423e-48
   1.8134000e+02   3.2601914e-48
   1.8176000e+02   3.2569421e-48
   1.8218000e+02   3.2536944e-48
   1.8260000e+02   3.2504484e-48
   1.8302000e+02   3.2472040e-48
   1.8344000e+02   3.2439612e-48
   1.8386000e+02   3.2410801e-48
   1.8429000e+02   3.2378404e-48
   1.8471000e+02   3.2346023e-48
   1.8514000e+02   3.2313658e-48
   1.8556000e+02   3.2284902e-48
   1.8599000e+02   3.2252568e-48
   1.8642000e+02   3.2223840e-48
   1.8685000e+02   3.2191536e-48
   1.8728000e+02   3.2162836e-48
   1.8771000e+02   3.2130563e-48
   1.8815000e+02   3.2101889e-48
   1.8858000e+02   3.2069646e-48
   1.8901000e+02   3.2041000e-48
   1.8945000e+02   3.2008788e-48
   1.8989000e+02   3.1980169e-48
   1.9033000e+02   3.1951563e-48
   1.9076000e+02   3.1919396e-48
   1.9120000e+02   3.1890816e-48
   1.9165000e+02   3.1862250e-48
   1.9209000e+02   3.1833696e-48
   1.9253000e+02   3.1801589e-48
   1.9297000e+02   3.1773062e-48
   1.9342000e+02   3.1744549e-48
   1.9387000e+02   3.1716048e-48
   1.9431000e+02   3.1687560e-48
   1.9476000e+02   3.1659085e-48
   1.9521000e+02   3.1630622e-48
   1.9566000e+02   3.1602173e-48
   1.9611000e+02   3.1573736e-48
   1.9656000e+02   3.1545312e-48
   1.9702000e+02   3.1516901e-48
   1.9747000e+02   3.1488502e-48
   1.9793000e+02   3.1463664e-48
   1.9838000e+02   3.1435290e-48
   1.9884000e+02   3.1406928e-48
   1.9930000e+02   3.1378580e-48
   1.9976000e+02   3.1353785e-48
   2.0022000e+02   3.1325460e-48
   2.0068000e+02   3.1297148e-48
   2.0114000e+02   3.1272386e-48
   2.0161000e+02   3.1244098e-48
   2.0207000e+02   3.1219356e-48
   2.0254000e+02   3.1191092e-48
   2.0300000e+02   3.1166372e-48
   2.0347000e+02   3.1138132e-48
   2.0394000e+02   3.1113432e-48
   2.0441000e+02   3.1085216e-48
   2.0488000e+02   3.1060538e-48
   2.0536000e+02   3.1035869e-48
   2.0583000e+02   3.1007688e-48
   2.0630000e+02   3.0983040e-48
   2.0678000e+02   3.0958403e-48
   2.0726000e+02   3.0933774e-48
   2.0773000e+02   3.0909156e-48
   2.0821000e+02   3.0881033e-48
   2.0869000e+02   3.0856436e-48
   2.0918000e+02   3.0831848e-48
   2.0966000e+02   3.0807270e-48
   2.1014000e+02   3.0782702e-48
   2.1063000e+02   3.0758144e-48
   2.1111000e+02   3.0733596e-48
   2.1160000e+02   3.0709058e-48
   2.1209000e+02   3.0684529e-48
   2.1258000e+02   3.0663512e-48
   2.1307000e+02   3.0639002e-48
   2.1356000e+02   3.0614501e-48
   2.1405000e+02   3.0590010e-48
   2.1454000e+02   3.0565529e-48
   2.1504000e+02   3.0544553e-48
   2.1553000e+02   3.0520090e-48
   2.1603000e+02   3.0495637e-48
   2.1653000e+02   3.0474685e-48
   2.1703000e+02   3.0450250e-48
   2.1753000e+02   3.0429314e-48
   2.1803000e+02   3.0404897e-48
   2.1853000e+02   3.0383976e-48
   2.1904000e+02   3.0359578e-48
   2.1954000e+02   3.0338672e-48
   2.2005000e+02   3.0314292e-48
   2.2056000e+02   3.0293402e-48
   2.2106000e+02   3.0272520e-48
   2.2157000e+02   3.0251645e-48
   2.2208000e+02   3.0227300e-48
   2.2260000e+02   3.0206440e-48
   2.2311000e+02   3.0185588e-48
   2.2362000e+02   3.0164742e-48
   2.2414000e+02   3.0143904e-48
   2.2466000e+02   3.0119603e-48
   2.2518000e+02   3.0098780e-48
   2.2569000e+02   3.0077965e-48
   2.2622000e+02   3.0057157e-48
   2.2674000e+02   3.0036356e-48
   2.2726000e+02   3.0019028e-48
   2.2778000e+02   2.9998240e-48
   2.2831000e+02   2.9977460e-48
   2.2884000e+02   2.9956686e-48
   2.2936000e+02   2.9935920e-48
   2.2989000e+02   2.9915162e-48
   2.3042000e+02   2.9897868e-48
   2.3095000e+02   2.9877122e-48
   2.3149000e+02   2.9856384e-48
   2.3202000e+02   2.9839108e-48
   2.3256000e+02   2.9818382e-48
   2.3309000e+02   2.9797664e-48
   2.3363000e+02   2.9780405e-48
   2.3417000e+02   2.9759700e-48
   2.3471000e+02   2.9742452e-48
   2.3525000e+02   2.9725208e-48
   2.3579000e+02   2.9704523e-48
   2.3634000e+02   2.9687290e-48
   2.3688000e+02   2.9666618e-48
   2.3743000e+02   2.9649396e-48
   2.3797000e+02   2.9632180e-48
   2.3852000e+02   2.9614968e-48
   2.3907000e+02   2.9594321e-48
   2.3962000e+02   2.9577120e-48
   2.4018000e+02   2.9559925e-48
   2.4073000e+02   2.9542734e-48
   2.4129000e+02   2.9525549e-48
   2.4184000e+02   2.9508368e-48
   2.4240000e+02   2.9491193e-48
   2.4296000e+02   2.9474022e-48
   2.4352000e+02   2.9456857e-48
   2.4408000e+02   2.9439696e-48
   2.4464000e+02   2.9422541e-48
   2.4521000e+02   2.9405390e-48
   2.4577000e+02   2.9391674e-48
   2.4634000e+02   2.9374532e-48
   2.4691000e+02   2.9357396e-48
   2.4748000e+02   2.9343690e-48
   2.4805000e+02   2.9326562e-48
   2.4862000e+02   2.9309440e-48
   2.4919000e+02   2.9295746e-48
   2.4977000e+02   2.9278632e-48
   2.5034000e+02   2.9264945e-48
   2.5092000e+02   2.9247840e-48
   2.5150000e+02   2.9234160e-48
   2.5208000e+02   2.9217065e-48
   2.5266000e+02   2.9203392e-48
   2.5324000e+02   2.9189723e-48
   2.5383000e+02   2.9172640e-48
   2.5441000e+02   2.9158978e-48
   2.5500000e+02   2.9145318e-48
   2.5559000e+02   2.9131662e-48
   2.5618000e+02   2.9118010e-48
   2.5677000e+02   2.9100948e-48
   2.5736000e+02   2.9087302e-48
   2.5795000e+02   2.9073660e-48
   2.5855000e+02   2.9060021e-48
   2.5914000e+02   2.9046385e-48
   2.5974000e+02   2.9032752e-48
   2.6034000e+02   2.9019122e-48
   2.6094000e+02   2.9008902e-48
   2.6154000e+02   2.8995278e-48
   2.6215000e+02   2.8981658e-48
   2.6275000e+02   2.8968040e-48
   2.6336000e+02   2.8957829e-48
   2.6396000e+02   2.8944217e-48
   2.6457000e+02   2.8930608e-48
   2.6518000e+02   2.8920404e-48
   2.6579000e+02   2.8906800e-48
   2.6641000e+02   2.8893200e-48
   2.6702000e+02   2.8883002e-48
   2.6764000e+02   2.8872806e-48
   2.6825000e+02   2.8859214e-48
   2.6887000e+02   2.8849023e-48
   2.6949000e+02   2.8835436e-48
   2.7011000e+02   2.8825248e-48
   2.7074000e+02   2.8815062e-48
   2.7136000e+02   2.8804878e-48
   2.7199000e+02   2.8791302e-48
   2.7261000e+02   2.8781123e-48
   2.7324000e+02   2.8770944e-48
   2.7387000e+02   2.8760768e-48
   2.7450000e+02   2.8750594e-48
   2.7514000e+02   2.8740421e-48
   2.7577000e+02   2.8730250e-48
   2.7641000e+02   2.8720081e-48
   2.7705000e+02   2.8709914e-48
   2.7768000e+02   2.8699748e-48
   2.7832000e+02   2.8692972e-48
   2.7897000e+02   2.8682810e-48
   2.7961000e+02   2.8672649e-48
   2.8025000e+02   2.8662490e-48
   2.8090000e+02   2.8655718e-48
   2.8155000e+02   2.8645562e-48
   2.8220000e+02   2.8638793e-48
   2.8285000e+02   2.8628640e-48
   2.8350000e+02   2.8618489e-48
   2.8415000e+02   2.8611722e-48
   2.8481000e+02   2.8604957e-48
   2.8547000e+02   2.8594810e-48
   2.8613000e+02   2.8588046e-48
   2.8678000e+02   2.8581284e-48
   2.8745000e+02   2.8571141e-48
   2.8811000e+02   2.8564380e-48
   2.8877000e+02   2.8557620e-48
   2.8944000e+02   2.8550861e-48
   2.9011000e+02   2.8544102e-48
   2.9078000e+02   2.8537345e-48
   2.9145000e+02   2.8530588e-48
   2.9212000e+02   2.8523832e-48
   2.9279000e+02   2.8517077e-48
   2.9347000e+02   2.8510323e-48
   2.9414000e+02   2.8503569e-48
   2.9482000e+02   2.8496816e-48
   2.9550000e+02   2.8490064e-48
   2.9618000e+02   2.8486688e-48
   2.9687000e+02   2.8479938e-48
   2.9755000e+02   2.8473188e-48
   2.9824000e+02   2.8469813e-48
   2.9892000e+02   2.8463064e-48
   2.9961000e+02   2.8459690e-48
   3.0031000e+02   2.8452942e-48
   3.0100000e+02   2.8449569e-48
   3.0169000e+02   2.8442823e-48
   3.0239000e+02   2.8439450e-48
   3.0308000e+02   2.8436077e-48
   3.0378000e+02   2.8432704e-48
   3.0448000e+02   2.8425960e-48
   3.0519000e+02   2.8422588e-48
   3.0589000e+02   2.8419216e-48
   3.0660000e+02   2.8415845e-48
   3.0730000e+02   2.8412474e-48
   3.0801000e+02   2.8409102e-48
   3.0872000e+02   2.8405732e-48
   3.0943000e+02   2.8402361e-48
   3.1015000e+02   2.8398990e-48
   3.1086000e+02   2.8395620e-48
   3.1158000e+02   2.8392250e-48
   3.1230000e+02   2.8392250e-48
   3.1302000e+02   2.8388880e-48
   3.1374000e+02   2.8385510e-48
   3.1446000e+02   2.8385510e-48
   3.1519000e+02   2.8382141e-48
   3.1591000e+02   2.8382141e-48
   3.1664000e+02   2.8378772e-48
   3.1737000e+02   2.8378772e-48
   3.1811000e+02   2.8375403e-48
   3.1884000e+02   2.8375403e-48
   3.1957000e+02   2.8375403e-48
   3.2031000e+02   2.8372034e-48
   3.2105000e+02   2.8372034e-48
   3.2179000e+02   2.8372034e-48
   3.2253000e+02   2.8372034e-48
   3.2328000e+02   2.8372034e-48
   3.2402000e+02   2.8372034e-48
   3.2477000e+02   2.8372034e-48
   3.2552000e+02   2.8372034e-48
   3.2627000e+02   2.8372034e-48
   3.2702000e+02   2.8372034e-48
   3.2777000e+02   2.8372034e-48
   3.2853000e+02   2.8375403e-48
   3.2929000e+02   2.8375403e-48
   3.3005000e+02   2.8375403e-48
   3.3081000e+02   2.8378772e-48
   3.3157000e+02   2.8378772e-48
   3.3234000e+02   2.8382141e-48
   3.3310000e+02   2.8382141e-48
   3.3387000e+02   2.8385510e-48
   3.3464000e+02   2.8385510e-48
   3.3541000e+02   2.8388880e-48
   3.3619000e+02   2.8392250e-48
   3.3696000e+02   2.8392250e-48
   3.3774000e+02   2.8395620e-48
   3.3852000e+02   2.8398990e-48
   3.3930000e+02   2.8402361e-48
   3.4008000e+02   2.8405732e-48
   3.4086000e+02   2.8409102e-48
   3.4165000e+02   2.8412474e-48
   3.4244000e+02   2.8415845e-48
   3.4323000e+02   2.8419216e-48
   3.4402000e+02   2.8422588e-48
   3.4481000e+02   2.8429332e-48
   3.4561000e+02   2.8432704e-48
   3.4640000e+02   2.8436077e-48
   3.4720000e+02   2.8442823e-48
   3.4800000e+02   2.8446196e-48
   3.4881000e+02   2.8452942e-48
   3.4961000e+02   2.8456316e-48
   3.5042000e+02   2.8463064e-48
   3.5123000e+02   2.8466438e-48
   3.5204000e+02   2.8473188e-48
   3.5285000e+02   2.8479938e-48
   3.5366000e+02   2.8486688e-48
   3.5448000e+02   2.8493440e-48
   3.5529000e+02   2.8496816e-48
   3.5611000e+02   2.8503569e-48
   3.5693000e+02   2.8510323e-48
   3.5776000e+02   2.8517077e-48
   3.5858000e+02   2.8527210e-48
   3.5941000e+02   2.8533966e-48
   3.6024000e+02   2.8540724e-48
   3.6107000e+02   2.8547482e-48
   3.6190000e+02   2.8554240e-48
   3.6274000e+02   2.8564380e-48
   3.6357000e+02   2.8571141e-48
   3.6441000e+02   2.8581284e-48
   3.6525000e+02   2.8588046e-48
   3.6609000e+02   2.8598192e-48
   3.6694000e+02   2.8604957e-48
   3.6778000e+02   2.8615106e-48
   3.6863000e+02   2.8625256e-48
   3.6948000e+02   2.8635408e-48
   3.7033000e+02   2.8642178e-48
   3.7119000e+02   2.8652333e-48
   3.7204000e+02   2.8662490e-48
   3.7290000e+02   2.8672649e-48
   3.7376000e+02   2.8682810e-48
   3.7462000e+02   2.8692972e-48
   3.7549000e+02   2.8706525e-48
   3.7635000e+02   2.8716692e-48
   3.7722000e+02   2.8726860e-48
   3.7809000e+02   2.8737030e-48
   3.7896000e+02   2.8750594e-48
   3.7984000e+02   2.8760768e-48
   3.8071000e+02   2.8774337e-48
   3.8159000e+02   2.8784516e-48
   3.8247000e+02   2.8798090e-48
   3.8335000e+02   2.8808273e-48
   3.8424000e+02   2.8821853e-48
   3.8512000e+02   2.8835436e-48
   3.8601000e+02   2.8849023e-48
   3.8690000e+02   2.8859214e-48
   3.8779000e+02   2.8872806e-48
   3.8869000e+02   2.8886402e-48
   3.8958000e+02   2.8900000e-48
   3.9048000e+02   2.8917003e-48
   3.9138000e+02   2.8930608e-48
   3.9228000e+02   2.8944217e-48
   3.9319000e+02   2.8957829e-48
   3.9410000e+02   2.8971444e-48
   3.9500000e+02   2.8988468e-48
   3.9592000e+02   2.9002090e-48
   3.9683000e+02   2.9019122e-48
   3.9774000e+02   2.9032752e-48
   3.9866000e+02   2.9049794e-48
   3.9958000e+02   2.9066840e-48
   4.0050000e+02   2.9080481e-48
   4.0143000e+02   2.9097536e-48
   4.0235000e+02   2.9114597e-48
   4.0328000e+02   2.9131662e-48
   4.0421000e+02   2.9148733e-48
   4.0514000e+02   2.9165808e-48
   4.0608000e+02   2.9182889e-48
   4.0701000e+02   2.9199974e-48
   4.0795000e+02   2.9217065e-48
   4.0889000e+02   2.9234160e-48
   4.0983000e+02   2.9254682e-48
   4.1078000e+02   2.9271788e-48
   4.1173000e+02   2.9292322e-48
   4.1268000e+02   2.9309440e-48
   4.1363000e+02   2.9329988e-48
   4.1458000e+02   2.9347116e-48
   4.1554000e+02   2.9367677e-48
   4.1650000e+02   2.9388245e-48
   4.1746000e+02   2.9405390e-48
   4.1842000e+02   2.9425972e-48
   4.1938000e+02   2.9446560e-48
   4.2035000e+02   2.9467156e-48
   4.2132000e+02   2.9487758e-48
   4.2229000e+02   2.9508368e-48
   4.2327000e+02   2.9532423e-48
   4.2424000e+02   2.9553048e-48
   4.2522000e+02   2.9573681e-48
   4.2620000e+02   2.9594321e-48
   4.2718000e+02   2.9618410e-48
   4.2817000e+02   2.9639066e-48
   4.2916000e+02   2.9663173e-48
   4.3015000e+02   2.9687290e-48
   4.3114000e+02   2.9707970e-48
   4.3213000e+02   2.9732105e-48
   4.3313000e+02   2.9756250e-48
   4.3413000e+02   2.9780405e-48
   4.3513000e+02   2.9804570e-48
   4.3613000e+02   2.9828744e-48
   4.3714000e+02   2.9852928e-48
   4.3814000e+02   2.9877122e-48
   4.3916000e+02   2.9901326e-48
   4.4017000e+02   2.9925540e-48
   4.4118000e+02   2.9949764e-48
   4.4220000e+02   2.9977460e-48
   4.4322000e+02   3.0001704e-48
   4.4424000e+02   3.0029424e-48
   4.4527000e+02   3.0053690e-48
   4.4629000e+02   3.0081434e-48
   4.4732000e+02   3.0109190e-48
   4.4835000e+02   3.0136960e-48
   4.4939000e+02   3.0161269e-48
   4.5042000e+02   3.0189063e-48
   4.5146000e+02   3.0216869e-48
   4.5250000e+02   3.0244688e-48
   4.5355000e+02   3.0276000e-48
   4.5459000e+02   3.0303846e-48
   4.5564000e+02   3.0331706e-48
   4.5669000e+02   3.0359578e-48
   4.5775000e+02   3.0390949e-48
   4.5880000e+02   3.0418848e-48
   4.5986000e+02   3.0450250e-48
   4.6092000e+02   3.0481668e-48
   4.6198000e+02   3.0509609e-48
   4.6305000e+02   3.0541058e-48
   4.6412000e+02   3.0572522e-48
   4.6519000e+02   3.0604004e-48
   4.6626000e+02   3.0635501e-48
   4.6733000e+02   3.0667014e-48
   4.6841000e+02   3.0698544e-48
   4.6949000e+02   3.0733596e-48
   4.7057000e+02   3.0765160e-48
   4.7166000e+02   3.0796740e-48
   4.7275000e+02   3.0831848e-48
   4.7384000e+02   3.0866976e-48
   4.7493000e+02   3.0902124e-48
   4.7602000e+02   3.0937292e-48
   4.7712000e+02   3.0972480e-48
   4.7822000e+02   3.1007688e-48
   4.7933000e+02   3.1042916e-48
   4.8043000e+02   3.1081690e-48
   4.8154000e+02   3.1120488e-48
   4.8265000e+02   3.1159310e-48
   4.8376000e+02   3.1201690e-48
   4.8488000e+02   3.1244098e-48
   4.8600000e+02   3.1290072e-48
   4.8712000e+02   3.1339621e-48
   4.8824000e+02   3.1396296e-48
   4.8937000e+02   3.1463664e-48
   4.9049000e+02   3.1552417e-48
   4.9163000e+02   3.1676880e-48
   4.9276000e+02   3.1897960e-48
   4.9390000e+02   3.2414402e-48
   4.9503000e+02   3.4532789e-48
   4.9618000e+02   1.1721722e-47
   4.9732000e+02   3.9089244e-48
   4.9847000e+02   3.3051240e-48
   4.9962000e+02   3.2256160e-48
   5.0077000e+02   3.2030261e-48
   5.0192000e+02   3.1955138e-48
   5.0308000e+02   3.1933690e-48
   5.0424000e+02   3.1937264e-48
   5.0540000e+02   3.1955138e-48
   5.0657000e+02   3.1983746e-48
   5.0774000e+02   3.2012366e-48
   5.0891000e+02   3.2048160e-48
   5.1008000e+02   3.2083974e-48
   5.1126000e+02   3.2119808e-48
   5.1244000e+02   3.2159249e-48
   5.1362000e+02   3.2198714e-48
   5.1480000e+02   3.2238203e-48
   5.1599000e+02   3.2281309e-48
   5.1718000e+02   3.2324444e-48
   5.1837000e+02   3.2367608e-48
   5.1957000e+02   3.2410801e-48
   5.2077000e+02   3.2454022e-48
   5.2197000e+02   3.2497273e-48
   5.2317000e+02   3.2540552e-48
   5.2438000e+02   3.2587470e-48
   5.2559000e+02   3.2630810e-48
   5.2680000e+02   3.2677793e-48
   5.2801000e+02   3.2724810e-48
   5.2923000e+02   3.2771861e-48
   5.3045000e+02   3.2818946e-48
   5.3167000e+02   3.2866064e-48
   5.3290000e+02   3.2913216e-48
   5.3413000e+02   3.2960402e-48
   5.3536000e+02   3.3007622e-48
   5.3660000e+02   3.3058512e-48
   5.3783000e+02   3.3105802e-48
   5.3907000e+02   3.3156768e-48
   5.4032000e+02   3.3204128e-48
   5.4156000e+02   3.3255170e-48
   5.4281000e+02   3.3306250e-48
   5.4406000e+02   3.3357370e-48
   5.4532000e+02   3.3408528e-48
   5.4657000e+02   3.3459726e-48
   5.4784000e+02   3.3510964e-48
   5.4910000e+02   3.3562240e-48
   5.5036000e+02   3.3613556e-48
   5.5163000e+02   3.3668580e-48
   5.5291000e+02   3.3719977e-48
   5.5418000e+02   3.3775088e-48
   5.5546000e+02   3.3826566e-48
   5.5674000e+02   3.3881765e-48
   5.5802000e+02   3.3937008e-48
   5.5931000e+02   3.3992297e-48
   5.6060000e+02   3.4047630e-48
   5.6189000e+02   3.4103009e-48
   5.6319000e+02   3.4158432e-48
   5.6449000e+02   3.4213901e-48
   5.6579000e+02   3.4269414e-48
   5.6709000e+02   3.4328678e-48
   5.6840000e+02   3.4384285e-48
   5.6971000e+02   3.4443648e-48
   5.7103000e+02   3.4499348e-48
   5.7234000e+02   3.4558810e-48
   5.7366000e+02   3.4618324e-48
   5.7499000e+02   3.4677888e-48
   5.7631000e+02   3.4737504e-48
   5.7764000e+02   3.4797172e-48
   5.7897000e+02   3.4856890e-48
   5.8031000e+02   3.4916660e-48
   5.8165000e+02   3.4980221e-48
   5.8299000e+02   3.5040096e-48
   5.8433000e+02   3.5103770e-48
   5.8568000e+02   3.5163750e-48
   5.8703000e+02   3.5227536e-48
   5.8838000e+02   3.5291380e-48
   5.8974000e+02   3.5351520e-48
   5.9110000e+02   3.5415476e-48
   5.9246000e+02   3.5479490e-48
   5.9383000e+02   3.5543561e-48
   5.9520000e+02   3.5611464e-48
   5.9657000e+02   3.5675654e-48
   5.9795000e+02   3.5739902e-48
   5.9933000e+02   3.5807993e-48
   6.0071000e+02   3.5872360e-48
   6.0209000e+02   3.5940576e-48
   6.0348000e+02   3.6008858e-48
   6.0487000e+02   3.6077204e-48
   6.0627000e+02   3.6141812e-48
   6.0767000e+02   3.6210284e-48
   6.0907000e+02   3.6282630e-48
   6.1047000e+02   3.6351236e-48
   6.1188000e+02   3.6419906e-48
   6.1329000e+02   3.6488640e-48
   6.1470000e+02   3.6561264e-48
   6.1612000e+02   3.6630132e-48
   6.1754000e+02   3.6702896e-48
   6.1897000e+02   3.6775733e-48
   6.2039000e+02   3.6848642e-48
   6.2183000e+02   3.6921622e-48
   6.2326000e+02   3.6994676e-48
   6.2470000e+02   3.7067801e-48
   6.2614000e+02   3.7140998e-48
   6.2758000e+02   3.7214268e-48
   6.2903000e+02   3.7287610e-48
   6.3048000e+02   3.7364890e-48
   6.3193000e+02   3.7442250e-48
   6.3339000e+02   3.7515816e-48
   6.3485000e+02   3.7593332e-48
   6.3631000e+02   3.7670928e-48
   6.3778000e+02   3.7748604e-48
   6.3925000e+02   3.7826360e-48
   6.4073000e+02   3.7904196e-48
   6.4220000e+02   3.7982112e-48
   6.4368000e+02   3.8060108e-48
   6.4517000e+02   3.8142090e-48
   6.4666000e+02   3.8220250e-48
   6.4815000e+02   3.8302404e-48
   6.4964000e+02   3.8384646e-48
   6.5114000e+02   3.8463054e-48
   6.5264000e+02   3.8545469e-48
   6.5415000e+02   3.8627972e-48
   6.5566000e+02   3.8710562e-48
   6.5717000e+02   3.8793242e-48
   6.5868000e+02   3.8879952e-48
   6.6020000e+02   3.8962812e-48
   6.6172000e+02   3.9049712e-48
   6.6325000e+02   3.9132752e-48
   6.6478000e+02   3.9219842e-48
   6.6631000e+02   3.9307028e-48
   6.6785000e+02   3.9390341e-48
   6.6939000e+02   3.9477716e-48
   6.7093000e+02   3.9565188e-48
   6.7248000e+02   3.9656740e-48
   6.7403000e+02   3.9744410e-48
   6.7559000e+02   3.9832176e-48
   6.7714000e+02   3.9924036e-48
   6.7870000e+02   4.0012001e-48
   6.8027000e+02   4.0104068e-48
   6.8184000e+02   4.0196240e-48
   6.8341000e+02   4.0284504e-48
   6.8499000e+02   4.0376884e-48
   6.8657000e+02   4.0469369e-48
   6.8815000e+02   4.0565988e-48
   6.8974000e+02   4.0658690e-48
   6.9133000e+02   4.0751497e-48
   6.9292000e+02   4.0848452e-48
   6.9452000e+02   4.0941476e-48
   6.9612000e+02   4.1038656e-48
   6.9773000e+02   4.1135952e-48
   6.9933000e+02   4.1229302e-48
   7.0095000e+02   4.1326824e-48
   7.0256000e+02   4.1424461e-48
   7.0418000e+02   4.1526288e-48
   7.0581000e+02   4.1624160e-48
   7.0744000e+02   4.1722148e-48
   7.0907000e+02   4.1824340e-48
   7.1070000e+02   4.1922562e-48
   7.1234000e+02   4.2025000e-48
   7.1398000e+02   4.2127563e-48
   7.1563000e+02   4.2230250e-48
   7.1728000e+02   4.2333063e-48
   7.1893000e+02   4.2436000e-48
   7.2059000e+02   4.2539063e-48
   7.2225000e+02   4.2642250e-48
   7.2392000e+02   4.2749698e-48
   7.2559000e+02   4.2853140e-48
   7.2726000e+02   4.2960853e-48
   7.2894000e+02   4.3064550e-48
   7.3062000e+02   4.3172528e-48
   7.3230000e+02   4.3280642e-48
   7.3399000e+02   4.3388890e-48
   7.3569000e+02   4.3497274e-48
   7.3738000e+02   4.3609969e-48
   7.3908000e+02   4.3718628e-48
   7.4079000e+02   4.3827422e-48
   7.4250000e+02   4.3940544e-48
   7.4421000e+02   4.4053812e-48
   7.4592000e+02   4.4163022e-48
   7.4764000e+02   4.4276576e-48
   7.4937000e+02   4.4390276e-48
   7.5110000e+02   4.4504122e-48
   7.5283000e+02   4.4622338e-48
   7.5456000e+02   4.4736480e-48
   7.5630000e+02   4.4850768e-48
   7.5805000e+02   4.4969444e-48
   7.5980000e+02   4.5088276e-48
   7.6155000e+02   4.5203012e-48
   7.6330000e+02   4.5322152e-48
   7.6506000e+02   4.5441449e-48
   7.6683000e+02   4.5560902e-48
   7.6860000e+02   4.5684788e-48
   7.7037000e+02   4.5804560e-48
   7.7215000e+02   4.5924490e-48
   7.7393000e+02   4.6048868e-48
   7.7571000e+02   4.6169117e-48
   7.7750000e+02   4.6293826e-48
   7.7929000e+02   4.6418702e-48
   7.8109000e+02   4.6543748e-48
   7.8289000e+02   4.6668961e-48
   7.8470000e+02   4.6794342e-48
   7.8651000e+02   4.6924224e-48
   7.8832000e+02   4.7049948e-48
   7.9014000e+02   4.7180184e-48
   7.9196000e+02   4.7306250e-48
   7.9379000e+02   4.7436840e-48
   7.9562000e+02   4.7567610e-48
   7.9745000e+02   4.7698560e-48
   7.9929000e+02   4.7829690e-48
   8.0113000e+02   4.7961000e-48
   8.0298000e+02   4.8096876e-48
   8.0483000e+02   4.8228552e-48
   8.0669000e+02   4.8364806e-48
   8.0855000e+02   4.8496848e-48
   8.1041000e+02   4.8633481e-48
   8.1228000e+02   4.8770306e-48
   8.1416000e+02   4.8907322e-48
   8.1603000e+02   4.9044532e-48
   8.1791000e+02   4.9186368e-48
   8.1980000e+02   4.9323968e-48
   8.2169000e+02   4.9461760e-48
   8.2359000e+02   4.9604198e-48
   8.2549000e+02   4.9746842e-48
   8.2739000e+02   4.9889690e-48
   8.2930000e+02   5.0032742e-48
   8.3121000e+02   5.0176000e-48
   8.3313000e+02   5.0319462e-48
   8.3505000e+02   5.0463130e-48
   8.3697000e+02   5.0611501e-48
   8.3890000e+02   5.0755584e-48
   8.4084000e+02   5.0904384e-48
   8.4278000e+02   5.1053403e-48
   8.4472000e+02   5.1198113e-48
   8.4667000e+02   5.1352092e-48
   8.4862000e+02   5.1501764e-48
   8.5058000e+02   5.1651653e-48
   8.5254000e+02   5.1801760e-48
   8.5450000e+02   5.1956644e-48
   8.5647000e+02   5.2107193e-48
   8.5845000e+02   5.2262532e-48
   8.6043000e+02   5.2418103e-48
   8.6241000e+02   5.2573904e-48
   8.6440000e+02   5.2729937e-48
   8.6640000e+02   5.2886201e-48
   8.6839000e+02   5.3047302e-48
   8.7040000e+02   5.3204036e-48
   8.7240000e+02   5.3365620e-48
   8.7441000e+02   5.3527450e-48
   8.7643000e+02   5.3684890e-48
   8.7845000e+02   5.3847203e-48
   8.8048000e+02   5.4009760e-48
   8.8251000e+02   5.4177218e-48
   8.8454000e+02   5.4340272e-48
   8.8658000e+02   5.4503572e-48
   8.8863000e+02   5.4671792e-48
   8.9068000e+02   5.4840272e-48
   8.9273000e+02   5.5009012e-48
   8.9479000e+02   5.5178010e-48
   8.9685000e+02   5.5347268e-48
   8.9892000e+02   5.5516784e-48
   9.0099000e+02   5.5686560e-48
   9.0307000e+02   5.5861322e-48
   9.0515000e+02   5.6031624e-48
   9.0724000e+02   5.6206926e-48
   9.0933000e+02   5.6382503e-48
   9.1143000e+02   5.6558352e-48
   9.1353000e+02   5.6734476e-48
   9.1564000e+02   5.6910874e-48
   9.1775000e+02   5.7087545e-48
   9.1987000e+02   5.7269276e-48
   9.2199000e+02   5.7451296e-48
   9.2411000e+02   5.7628804e-48
   9.2625000e+02   5.7811394e-48
   9.2838000e+02   5.7994272e-48
   9.3052000e+02   5.8177440e-48
   9.3267000e+02   5.8360896e-48
   9.3482000e+02   5.8549481e-48
   9.3697000e+02   5.8733523e-48
   9.3913000e+02   5.8922708e-48
   9.4130000e+02   5.9112197e-48
   9.4347000e+02   5.9301990e-48
   9.4565000e+02   5.9492088e-48
   9.4783000e+02   5.9682490e-48
   9.5001000e+02   5.9873196e-48
   9.5220000e+02   6.0069108e-48
   9.5440000e+02   6.0260430e-48
   9.5660000e+02   6.0456974e-48
   9.5881000e+02   6.0653838e-48
   9.6102000e+02   6.0851022e-48
   9.6323000e+02   6.1048526e-48
   9.6545000e+02   6.1246350e-48
   9.6768000e+02   6.1444494e-48
   9.6991000e+02   6.1647924e-48
   9.7215000e+02   6.1846716e-48
   9.7439000e+02   6.2050810e-48
   9.7664000e+02   6.2255240e-48
   9.7889000e+02   6.2465005e-48
   9.8115000e+02   6.2670116e-48
   9.8341000e+02   6.2880578e-48
   9.8568000e+02   6.3091392e-48
   9.8795000e+02   6.3317657e-48
   9.9023000e+02   6.3604840e-48
   9.9251000e+02   6.9542964e-48
   9.9480000e+02   6.4115304e-48
   9.9710000e+02   6.4176089e-48
   9.9939000e+02   6.4363690e-48
   1.0017000e+03   6.4571892e-48
   1.0040000e+03   6.4785521e-48
   1.0063000e+03   6.4999502e-48
   1.0086000e+03   6.5218944e-48
   1.0110000e+03   6.5433640e-48
   1.0133000e+03   6.5653813e-48
   1.0156000e+03   6.5874356e-48
   1.0180000e+03   6.6100410e-48
   1.0203000e+03   6.6321701e-48
   1.0227000e+03   6.6548521e-48
   1.0250000e+03   6.6770560e-48
   1.0274000e+03   6.6998146e-48
   1.0298000e+03   6.7226118e-48
   1.0321000e+03   6.7454478e-48
   1.0345000e+03   6.7688429e-48
   1.0369000e+03   6.7917572e-48
   1.0393000e+03   6.8152324e-48
   1.0417000e+03   6.8382250e-48
   1.0441000e+03   6.8617802e-48
   1.0465000e+03   6.8853760e-48
   1.0489000e+03   6.9090123e-48
   1.0513000e+03   6.9332156e-48
   1.0538000e+03   6.9569338e-48
   1.0562000e+03   6.9812208e-48
   1.0586000e+03   7.0050209e-48
   1.0611000e+03   7.0293917e-48
   1.0635000e+03   7.0538048e-48
   1.0660000e+03   7.0782602e-48
   1.0684000e+03   7.1032910e-48
   1.0709000e+03   7.1278320e-48
   1.0734000e+03   7.1529502e-48
   1.0758000e+03   7.1775768e-48
   1.0783000e+03   7.2027824e-48
   1.0808000e+03   7.2280322e-48
   1.0833000e+03   7.2533262e-48
   1.0858000e+03   7.2792040e-48
   1.0883000e+03   7.3045873e-48
   1.0908000e+03   7.3305562e-48
   1.0933000e+03   7.3560288e-48
   1.0958000e+03   7.3820890e-48
   1.0984000e+03   7.4081952e-48
   1.1009000e+03   7.4348929e-48
   1.1034000e+03   7.4610922e-48
   1.1060000e+03   7.4873377e-48
   1.1085000e+03   7.5141774e-48
   1.1111000e+03   7.5410652e-48
   1.1137000e+03   7.5680010e-48
   1.1162000e+03   7.5949848e-48
   1.1188000e+03   7.6220166e-48
   1.1214000e+03   7.6490965e-48
   1.1240000e+03   7.6767785e-48
   1.1266000e+03   7.7039554e-48
   1.1292000e+03   7.7317364e-48
   1.1318000e+03   7.7595674e-48
   1.1344000e+03   7.7874484e-48
   1.1370000e+03   7.8159385e-48
   1.1396000e+03   7.8439205e-48
   1.1422000e+03   7.8719525e-48
   1.1449000e+03   7.9005966e-48
   1.1475000e+03   7.9292928e-48
   1.1502000e+03   7.9580410e-48
   1.1528000e+03   7.9868412e-48
   1.1555000e+03   8.0162597e-48
   1.1581000e+03   8.0451650e-48
   1.1608000e+03   8.0746906e-48
   1.1635000e+03   8.1037009e-48
   1.1662000e+03   8.1333336e-48
   1.1689000e+03   8.1635918e-48
   1.1715000e+03   8.1933338e-48
   1.1742000e+03   8.2231298e-48
   1.1770000e+03   8.2535544e-48
   1.1797000e+03   8.2834596e-48
   1.1824000e+03   8.3139956e-48
   1.1851000e+03   8.3445877e-48
   1.1879000e+03   8.3758148e-48
   1.1906000e+03   8.4065204e-48
   1.1933000e+03   8.4372821e-48
   1.1961000e+03   8.4686820e-48
   1.1988000e+03   8.5001403e-48
   1.2016000e+03   8.5316568e-48
   1.2044000e+03   8.5632317e-48
   1.2072000e+03   8.5948649e-48
   1.2099000e+03   8.6271438e-48
   1.2127000e+03   8.6588948e-48
   1.2155000e+03   8.6912936e-48
   1.2183000e+03   8.7237530e-48
   1.2211000e+03   8.7562728e-48
   1.2240000e+03   8.7888532e-48
   1.2268000e+03   8.8220880e-48
   1.2296000e+03   8.8547905e-48
   1.2324000e+03   8.8881497e-48
   1.2353000e+03   8.9215716e-48
   1.2381000e+03   8.9550563e-48
   1.2410000e+03   8.9886036e-48
   1.2439000e+03   9.0222137e-48
   1.2467000e+03   9.0564884e-48
   1.2496000e+03   9.0908280e-48
   1.2525000e+03   9.1252326e-48
   1.2554000e+03   9.1597022e-48
   1.2583000e+03   9.1942368e-48
   1.2612000e+03   9.2288364e-48
   1.2641000e+03   9.2641097e-48
   1.2670000e+03   9.2988404e-48
   1.2699000e+03   9.3342470e-48
   1.2728000e+03   9.3697210e-48
   1.2758000e+03   9.4052622e-48
   1.2787000e+03   9.4414853e-48
   1.2817000e+03   9.4771622e-48
   1.2846000e+03   9.5135234e-48
   1.2876000e+03   9.5499541e-48
   1.2905000e+03   9.5864544e-48
   1.2935000e+03   9.6230244e-48
   1.2965000e+03   9.6596640e-48
   1.2995000e+03   9.6969960e-48
   1.3025000e+03   9.7337760e-48
   1.3055000e+03   9.7712508e-48
   1.3085000e+03   9.8087976e-48
   1.3115000e+03   9.8464164e-48
   1.3145000e+03   9.8847360e-48
   1.3176000e+03   9.9225000e-48
   1.3206000e+03   9.9609672e-48
   1.3237000e+03   9.9995088e-48
   1.3267000e+03   1.0038125e-47
   1.3298000e+03   1.0076815e-47
   1.3328000e+03   1.0116216e-47
   1.3359000e+03   1.0155057e-47
   1.3390000e+03   1.0194610e-47
   1.3421000e+03   1.0234241e-47
   1.3452000e+03   1.0273948e-47
   1.3483000e+03   1.0313732e-47
   1.3514000e+03   1.0354237e-47
   1.3545000e+03   1.0394176e-47
   1.3576000e+03   1.0434838e-47
   1.3608000e+03   1.0475580e-47
   1.3639000e+03   1.0516400e-47
   1.3670000e+03   1.0557301e-47
   1.3702000e+03   1.0598931e-47
   1.3734000e+03   1.0639992e-47
   1.3765000e+03   1.0681785e-47
   1.3797000e+03   1.0723660e-47
   1.3829000e+03   1.0765617e-47
   1.3861000e+03   1.0808314e-47
   1.3893000e+03   1.0850436e-47
   1.3925000e+03   1.0893300e-47
   1.3957000e+03   1.0936249e-47
   1.3989000e+03   1.0979282e-47
   1.4021000e+03   1.1022400e-47
   1.4054000e+03   1.1066268e-47
   1.4086000e+03   1.1109556e-47
   1.4118000e+03   1.1153596e-47
   1.4151000e+03   1.1197724e-47
   1.4184000e+03   1.1241938e-47
   1.4216000e+03   1.1286912e-47
   1.4249000e+03   1.1331302e-47
   1.4282000e+03   1.1376454e-47
   1.4315000e+03   1.1421696e-47
   1.4348000e+03   1.1467028e-47
   1.4381000e+03   1.1512449e-47
   1.4414000e+03   1.1557960e-47
   1.4447000e+03   1.1604242e-47
   1.4481000e+03   1.1650617e-47
   1.4514000e+03   1.1697084e-47
   1.4548000e+03   1.1743644e-47
   1.4581000e+03   1.1790296e-47
   1.4615000e+03   1.1837728e-47
   1.4648000e+03   1.1885256e-47
   1.4682000e+03   1.1932879e-47
   1.4716000e+03   1.1980598e-47
   1.4750000e+03   1.2028411e-47
   1.4784000e+03   1.2077015e-47
   1.4818000e+03   1.2125717e-47
   1.4852000e+03   1.2175214e-47
   1.4887000e+03   1.2278016e-47
   1.4921000e+03   1.2274512e-47
   1.4955000e+03   1.2321504e-47
   1.4990000e+03   1.2370696e-47
   1.5024000e+03   1.2420690e-47
   1.5059000e+03   1.2470786e-47
   1.5094000e+03   1.2520982e-47
   1.5129000e+03   1.2571988e-47
   1.5163000e+03   1.2622388e-47
   1.5198000e+03   1.2673600e-47
   1.5233000e+03   1.2724916e-47
   1.5269000e+03   1.2776335e-47
   1.5304000e+03   1.2827859e-47
   1.5339000e+03   1.2880203e-47
   1.5374000e+03   1.2931935e-47
   1.5410000e+03   1.2984492e-47
   1.5445000e+03   1.3037877e-47
   1.5481000e+03   1.3090648e-47
   1.5517000e+03   1.3143525e-47
   1.5553000e+03   1.3197236e-47
   1.5588000e+03   1.3251056e-47
   1.5624000e+03   1.3304986e-47
   1.5660000e+03   1.3359025e-47
   1.5696000e+03   1.3413906e-47
   1.5733000e+03   1.3468166e-47
   1.5769000e+03   1.3523271e-47
   1.5805000e+03   1.3578488e-47
   1.5842000e+03   1.3634556e-47
   1.5878000e+03   1.3690000e-47
   1.5915000e+03   1.3746298e-47
   1.5952000e+03   1.3802711e-47
   1.5988000e+03   1.3859240e-47
   1.6025000e+03   1.3915884e-47
   1.6062000e+03   1.3973392e-47
   1.6099000e+03   1.4030268e-47
   1.6136000e+03   1.4088012e-47
   1.6174000e+03   1.4145873e-47
   1.6211000e+03   1.4203853e-47
   1.6248000e+03   1.4262708e-47
   1.6286000e+03   1.4321683e-47
   1.6323000e+03   1.4380781e-47
   1.6361000e+03   1.4440000e-47
   1.6399000e+03   1.4499341e-47
   1.6436000e+03   1.4558803e-47
   1.6474000e+03   1.4619152e-47
   1.6512000e+03   1.4679626e-47
   1.6550000e+03   1.4740224e-47
   1.6589000e+03   1.4801717e-47
   1.6627000e+03   1.4862567e-47
   1.6665000e+03   1.4924314e-47
   1.6704000e+03   1.4986189e-47
   1.6742000e+03   1.5048193e-47
   1.6781000e+03   1.5110324e-47
   1.6819000e+03   1.5173362e-47
   1.6858000e+03   1.5236532e-47
   1.6897000e+03   1.5299832e-47
   1.6936000e+03   1.5363264e-47
   1.6975000e+03   1.5426827e-47
   1.7014000e+03   1.5491309e-47
   1.7054000e+03   1.5555925e-47
   1.7093000e+03   1.5620675e-47
   1.7132000e+03   1.5685560e-47
   1.7172000e+03   1.5751373e-47
   1.7211000e+03   1.5817324e-47
   1.7251000e+03   1.5882616e-47
   1.7291000e+03   1.5949640e-47
   1.7331000e+03   1.6016004e-47
   1.7371000e+03   1.6083308e-47
   1.7411000e+03   1.6149950e-47
   1.7451000e+03   1.6217534e-47
   1.7491000e+03   1.6286067e-47
   1.7531000e+03   1.6353936e-47
   1.7572000e+03   1.6422756e-47
   1.7612000e+03   1.6491721e-47
   1.7653000e+03   1.6560830e-47
   1.7694000e+03   1.6630084e-47
   1.7735000e+03   1.6700300e-47
   1.7775000e+03   1.6769844e-47
   1.7816000e+03   1.6840354e-47
   1.7858000e+03   1.6911011e-47
   1.7899000e+03   1.6982641e-47
   1.7940000e+03   1.7054422e-47
   1.7981000e+03   1.7125527e-47
   1.8023000e+03   1.7197609e-47
   1.8064000e+03   1.7270674e-47
   1.8106000e+03   1.7343060e-47
   1.8148000e+03   1.7416433e-47
   1.8190000e+03   1.7489960e-47
   1.8232000e+03   1.7563643e-47
   1.8274000e+03   1.7638320e-47
   1.8316000e+03   1.7712314e-47
   1.8358000e+03   1.7787306e-47
   1.8400000e+03   1.7862457e-47
   1.8443000e+03   1.7938613e-47
   1.8485000e+03   1.8014082e-47
   1.8528000e+03   1.8090561e-47
   1.8571000e+03   1.8167201e-47
   1.8613000e+03   1.8244004e-47
   1.8656000e+03   1.8321824e-47
   1.8699000e+03   1.8399810e-47
   1.8743000e+03   1.8477102e-47
   1.8786000e+03   1.8556279e-47
   1.8829000e+03   1.8634762e-47
   1.8872000e+03   1.8714276e-47
   1.8916000e+03   1.8793959e-47
   1.8960000e+03   1.8873811e-47
   1.9003000e+03   1.8953833e-47
   1.9047000e+03   1.9034896e-47
   1.9091000e+03   1.9115258e-47
   1.9135000e+03   1.9197542e-47
   1.9179000e+03   1.9279125e-47
   1.9223000e+03   1.9360880e-47
   1.9268000e+03   1.9443690e-47
   1.9312000e+03   1.9526677e-47
   1.9357000e+03   1.9609841e-47
   1.9401000e+03   1.9694069e-47
   1.9446000e+03   1.9777588e-47
   1.9491000e+03   1.9862175e-47
   1.9536000e+03   1.9947836e-47
   1.9581000e+03   2.0032786e-47
   1.9626000e+03   2.0118813e-47
   1.9671000e+03   2.0205025e-47
   1.9717000e+03   2.0291421e-47
   1.9762000e+03   2.0378002e-47
   1.9808000e+03   2.0465671e-47
   1.9853000e+03   2.0632489e-47
   1.9899000e+03   2.0641575e-47
   1.9945000e+03   2.0729809e-47
   1.9991000e+03   2.0819144e-47
   2.0037000e+03   2.0908671e-47
   2.0083000e+03   2.0998390e-47
   2.0130000e+03   2.1088301e-47
   2.0176000e+03   2.1179324e-47
   2.0223000e+03   2.1270544e-47
   2.0269000e+03   2.1361960e-47
   2.0316000e+03   2.1453571e-47
   2.0363000e+03   2.1546307e-47
   2.0410000e+03   2.1638313e-47
   2.0457000e+03   2.1732379e-47
   2.0504000e+03   2.1825715e-47
   2.0551000e+03   2.1919251e-47
   2.0599000e+03   2.2013926e-47
   2.0646000e+03   2.2108804e-47
   2.0694000e+03   2.2204829e-47
   2.0742000e+03   2.2300117e-47
   2.0789000e+03   2.2396556e-47
   2.0837000e+03   2.2493203e-47
   2.0885000e+03   2.2591009e-47
   2.0934000e+03   2.2688074e-47
   2.0982000e+03   2.2786302e-47
   2.1030000e+03   2.2884742e-47
   2.1079000e+03   2.2984354e-47
   2.1127000e+03   2.3083220e-47
   2.1176000e+03   2.3183262e-47
   2.1225000e+03   2.3283520e-47
   2.1274000e+03   2.3384962e-47
   2.1323000e+03   2.3486624e-47
   2.1372000e+03   2.3587535e-47
   2.1421000e+03   2.3690609e-47
   2.1471000e+03   2.3792933e-47
   2.1520000e+03   2.3896455e-47
   2.1570000e+03   2.4000201e-47
   2.1620000e+03   2.4104172e-47
   2.1670000e+03   2.4209352e-47
   2.1719000e+03   2.4313775e-47
   2.1770000e+03   2.4419411e-47
   2.1820000e+03   2.4526266e-47
   2.1870000e+03   2.4632362e-47
   2.1921000e+03   2.4739681e-47
   2.1971000e+03   2.4847234e-47
   2.2022000e+03   2.4956019e-47
   2.2073000e+03   2.5064041e-47
   2.2123000e+03   2.5173299e-47
   2.2174000e+03   2.5282795e-47
   2.2226000e+03   2.5393537e-47
   2.2277000e+03   2.5504520e-47
   2.2328000e+03   2.5615745e-47
   2.2380000e+03   2.5727213e-47
   2.2431000e+03   2.5838922e-47
   2.2483000e+03   2.5951892e-47
   2.2535000e+03   2.6065109e-47
   2.2587000e+03   2.6179596e-47
   2.2639000e+03   2.6293307e-47
   2.2691000e+03   2.6408293e-47
   2.2743000e+03   2.6523530e-47
   2.2796000e+03   2.6640050e-47
   2.2848000e+03   2.6756825e-47
   2.2901000e+03   2.6873856e-47
   2.2954000e+03   2.6991142e-47
   2.3007000e+03   2.7109725e-47
   2.3060000e+03   2.7227524e-47
   2.3113000e+03   2.7347670e-47
   2.3166000e+03   2.7467033e-47
   2.3220000e+03   2.7587706e-47
   2.3273000e+03   2.7708643e-47
   2.3327000e+03   2.7829845e-47
   2.3381000e+03   2.7952369e-47
   2.3435000e+03   2.8074102e-47
   2.3489000e+03   2.8197162e-47
   2.3543000e+03   2.8321555e-47
   2.3597000e+03   2.8446222e-47
   2.3652000e+03   2.8571163e-47
   2.3706000e+03   2.8696378e-47
   2.3761000e+03   2.8821866e-47
   2.3816000e+03   2.8948704e-47
   2.3871000e+03   2.9075821e-47
   2.3926000e+03   2.9204297e-47
   2.3981000e+03   2.9331973e-47
   2.4036000e+03   2.9461013e-47
   2.4092000e+03   2.9591424e-47
   2.4147000e+03   2.9721033e-47
   2.4203000e+03   2.9852018e-47
   2.4259000e+03   2.9983290e-47
   2.4315000e+03   3.0115949e-47
   2.4371000e+03   3.0247800e-47
   2.4427000e+03   3.0382144e-47
   2.4483000e+03   3.0515681e-47
   2.4540000e+03   3.0650618e-47
   2.4596000e+03   3.0784743e-47
   2.4653000e+03   3.0921384e-47
   2.4710000e+03   3.1057214e-47
   2.4767000e+03   3.1194459e-47
   2.4824000e+03   3.1379043e-47
   2.4881000e+03   3.1470978e-47
   2.4938000e+03   3.1609133e-47
   2.4996000e+03   3.1748717e-47
   2.5054000e+03   3.1889738e-47
   2.5111000e+03   3.2029940e-47
   2.5169000e+03   3.2171584e-47
   2.5227000e+03   3.2314677e-47
   2.5285000e+03   3.2456948e-47
   2.5344000e+03   3.2600674e-47
   2.5402000e+03   3.2744717e-47
   2.5461000e+03   3.2890225e-47
   2.5520000e+03   3.3034906e-47
   2.5578000e+03   3.3181056e-47
   2.5637000e+03   3.3328684e-47
   2.5696000e+03   3.3475482e-47
   2.5756000e+03   3.3624922e-47
   2.5815000e+03   3.3773532e-47
   2.5875000e+03   3.3922470e-47
   2.5934000e+03   3.4072904e-47
   2.5994000e+03   3.4224840e-47
   2.6054000e+03   3.4375942e-47
   2.6114000e+03   3.4528551e-47
   2.6174000e+03   3.4681499e-47
   2.6235000e+03   3.4835965e-47
   2.6295000e+03   3.4990774e-47
   2.6356000e+03   3.5145927e-47
   2.6417000e+03   3.5301422e-47
   2.6478000e+03   3.5458452e-47
   2.6539000e+03   3.5615830e-47
   2.6600000e+03   3.5774753e-47
   2.6661000e+03   3.5932831e-47
   2.6723000e+03   3.6092459e-47
   2.6784000e+03   3.6253645e-47
   2.6846000e+03   3.6415190e-47
   2.6908000e+03   3.6577094e-47
   2.6970000e+03   3.6739358e-47
   2.7032000e+03   3.6903195e-47
   2.7095000e+03   3.7067397e-47
   2.7157000e+03   3.7231963e-47
   2.7220000e+03   3.7398117e-47
   2.7282000e+03   3.7564641e-47
   2.7345000e+03   3.7731535e-47
   2.7408000e+03   3.7900030e-47
   2.7472000e+03   3.8068900e-47
   2.7535000e+03   3.8238146e-47
   2.7598000e+03   3.8409006e-47
   2.7662000e+03   3.8580248e-47
   2.7726000e+03   3.8751870e-47
   2.7790000e+03   3.8925121e-47
   2.7854000e+03   3.9098758e-47
   2.7918000e+03   3.9272782e-47
   2.7982000e+03   3.9447192e-47
   2.8047000e+03   3.9623248e-47
   2.8112000e+03   3.9800957e-47
   2.8176000e+03   3.9977800e-47
   2.8241000e+03   4.0156302e-47
   2.8307000e+03   4.0336471e-47
   2.8372000e+03   4.0515771e-47
   2.8437000e+03   4.0698020e-47
   2.8503000e+03   4.0879400e-47
   2.8569000e+03   4.1062464e-47
   2.8634000e+03   4.1245937e-47
   2.8701000e+03   4.1429820e-47
   2.8767000e+03   4.1615401e-47
   2.8833000e+03   4.1801397e-47
   2.8900000e+03   4.1987808e-47
   2.8966000e+03   4.2175932e-47
   2.9033000e+03   4.2364477e-47
   2.9100000e+03   4.2554748e-47
   2.9167000e+03   4.2745444e-47
   2.9234000e+03   4.2936567e-47
   2.9302000e+03   4.3128116e-47
   2.9369000e+03   4.3321408e-47
   2.9437000e+03   4.3515132e-47
   2.9505000e+03   4.3710610e-47
   2.9573000e+03   4.3906526e-47
   2.9641000e+03   4.4102881e-47
   2.9709000e+03   4.4301005e-47
   2.9778000e+03   4.4506244e-47
   2.9847000e+03   4.4698584e-47
   2.9915000e+03   4.4899380e-47
   2.9984000e+03   4.5100626e-47
   3.0054000e+03   4.5302322e-47
   3.0123000e+03   4.5505818e-47
   3.0192000e+03   4.5709769e-47
   3.0262000e+03   4.5915531e-47
   3.0332000e+03   4.6121756e-47
   3.0402000e+03   4.6328442e-47
   3.0472000e+03   4.6536955e-47
   3.0542000e+03   4.6745936e-47
   3.0613000e+03   4.6955386e-47
   3.0683000e+03   4.7166677e-47
   3.0754000e+03   4.7378442e-47
   3.0825000e+03   4.7590682e-47
   3.0896000e+03   4.7804779e-47
   3.0967000e+03   4.8019356e-47
   3.1039000e+03   4.8235803e-47
   3.1110000e+03   4.8452737e-47
   3.1182000e+03   4.8670157e-47
   3.1254000e+03   4.8889462e-47
   3.1326000e+03   4.9109261e-47
   3.1398000e+03   4.9329552e-47
   3.1470000e+03   4.9551744e-47
   3.1543000e+03   4.9774436e-47
   3.1616000e+03   4.9999041e-47
   3.1689000e+03   5.0224152e-47
   3.1762000e+03   5.0449768e-47
   3.1835000e+03   5.0677313e-47
   3.1908000e+03   5.0905371e-47
   3.1982000e+03   5.1135371e-47
   3.2056000e+03   5.1364456e-47
   3.2130000e+03   5.1596926e-47
   3.2204000e+03   5.1828481e-47
   3.2278000e+03   5.2061997e-47
   3.2352000e+03   5.2297485e-47
   3.2427000e+03   5.2532054e-47
   3.2502000e+03   5.2770054e-47
   3.2577000e+03   5.3007136e-47
   3.2652000e+03   5.3246209e-47
   3.2727000e+03   5.3487282e-47
   3.2803000e+03   5.3727434e-47
   3.2878000e+03   5.3969593e-47
   3.2954000e+03   5.4213769e-47
   3.3030000e+03   5.4458496e-47
   3.3106000e+03   5.4703774e-47
   3.3183000e+03   5.4951086e-47
   3.3259000e+03   5.5198956e-47
   3.3336000e+03   5.5448873e-47
   3.3413000e+03   5.5697862e-47
   3.3490000e+03   5.5950400e-47
   3.3567000e+03   5.6202010e-47
   3.3644000e+03   5.6457190e-47
   3.3722000e+03   5.6711442e-47
   3.3800000e+03   5.6967775e-47
   3.3878000e+03   5.7224686e-47
   3.3956000e+03   5.7483691e-47
   3.4034000e+03   5.7743281e-47
   3.4113000e+03   5.8004979e-47
   3.4191000e+03   5.8267269e-47
   3.4270000e+03   5.8530150e-47
   3.4349000e+03   5.8795157e-47
   3.4428000e+03   5.9060762e-47
   3.4508000e+03   5.9328506e-47
   3.4587000e+03   5.9596856e-47
   3.4667000e+03   5.9865811e-47
   3.4747000e+03   6.1550301e-47
   3.4827000e+03   6.0408647e-47
   3.4907000e+03   6.0682542e-47
   3.4988000e+03   6.0957056e-47
   3.5069000e+03   6.1232190e-47
   3.5149000e+03   6.1509512e-47
   3.5231000e+03   6.1789032e-47
   3.5312000e+03   6.2069187e-47
   3.5393000e+03   6.2349974e-47
   3.5475000e+03   6.2631396e-47
   3.5557000e+03   6.2915038e-47
   3.5639000e+03   6.3200910e-47
   3.5721000e+03   6.3487430e-47
   3.5803000e+03   6.3774599e-47
   3.5886000e+03   6.4064016e-47
   3.5968000e+03   6.4354088e-47
   3.6051000e+03   6.4646424e-47
   3.6135000e+03   6.4939422e-47
   3.6218000e+03   6.5233083e-47
   3.6301000e+03   6.5529025e-47
   3.6385000e+03   6.5825637e-47
   3.6469000e+03   6.6124545e-47
   3.6553000e+03   6.6424130e-47
   3.6637000e+03   6.6726026e-47
   3.6722000e+03   6.7028606e-47
   3.6807000e+03   6.7333512e-47
   3.6891000e+03   6.7639110e-47
   3.6977000e+03   6.7945400e-47
   3.7062000e+03   6.8254035e-47
   3.7147000e+03   6.8563368e-47
   3.7233000e+03   6.8875061e-47
   3.7319000e+03   6.9187460e-47
   3.7405000e+03   6.9502234e-47
   3.7491000e+03   6.9817722e-47
   3.7578000e+03   7.0133925e-47
   3.7664000e+03   7.0452521e-47
   3.7751000e+03   7.0773521e-47
   3.7838000e+03   7.1095251e-47
   3.7925000e+03   7.1417711e-47
   3.8013000e+03   7.1742594e-47
   3.8100000e+03   7.2068214e-47
   3.8188000e+03   7.2396274e-47
   3.8276000e+03   7.2725078e-47
   3.8365000e+03   7.3054628e-47
   3.8453000e+03   7.3386636e-47
   3.8542000e+03   7.3721113e-47
   3.8631000e+03   7.4056351e-47
   3.8720000e+03   7.4392350e-47
   3.8809000e+03   7.4730838e-47
   3.8899000e+03   7.5071827e-47
   3.8988000e+03   7.5413593e-47
   3.9078000e+03   7.5756134e-47
   3.9168000e+03   7.6101197e-47
   3.9259000e+03   7.6447044e-47
   3.9349000e+03   7.6795427e-47
   3.9440000e+03   7.7144602e-47
   3.9531000e+03   7.7496330e-47
   3.9622000e+03   7.7848858e-47
   3.9713000e+03   7.8214567e-47
   3.9805000e+03   7.8558087e-47
   3.9897000e+03   7.8916572e-47
   3.9989000e+03   7.9275874e-47
   4.0081000e+03   7.9635991e-47
   4.0173000e+03   7.9998714e-47
   4.0266000e+03   8.0364053e-47
   4.0359000e+03   8.0730225e-47
   4.0452000e+03   8.1097229e-47
   4.0545000e+03   8.1466871e-47
   4.0639000e+03   8.1839162e-47
   4.0732000e+03   8.2212302e-47
   4.0826000e+03   8.2586291e-47
   4.0921000e+03   8.2962951e-47
   4.1015000e+03   8.3340467e-47
   4.1109000e+03   8.3720670e-47
   4.1204000e+03   8.4101738e-47
   4.1299000e+03   8.4485511e-47
   4.1395000e+03   8.4871999e-47
   4.1490000e+03   8.5257522e-47
   4.1586000e+03   8.5647621e-47
   4.1682000e+03   8.6036755e-47
   4.1778000e+03   8.6430490e-47
   4.1874000e+03   8.6825124e-47
   4.1971000e+03   8.7220657e-47
   4.2067000e+03   8.7618960e-47
   4.2164000e+03   8.8018171e-47
   4.2262000e+03   8.8420170e-47
   4.2359000e+03   8.8823085e-47
   4.2457000e+03   8.9228805e-47
   4.2555000e+03   8.9635450e-47
   4.2653000e+03   9.0044917e-47
   4.2751000e+03   9.0457219e-47
   4.2850000e+03   9.0870463e-47
   4.2948000e+03   9.1284648e-47
   4.3048000e+03   9.1701691e-47
   4.3147000e+03   9.2119684e-47
   4.3246000e+03   9.2540552e-47
   4.3346000e+03   9.2964307e-47
   4.3446000e+03   9.3389030e-47
   4.3546000e+03   9.3814722e-47
   4.3647000e+03   9.4243322e-47
   4.3747000e+03   9.4674846e-47
   4.3848000e+03   9.5107355e-47
   4.3949000e+03   9.5540850e-47
   4.4051000e+03   9.5977290e-47
   4.4152000e+03   9.6416689e-47
   4.4254000e+03   9.6857091e-47
   4.4356000e+03   9.7300469e-47
   4.4458000e+03   9.7744860e-47
   4.4561000e+03   9.8192245e-47
   4.4664000e+03   9.8642638e-47
   4.4767000e+03   9.9092070e-47
   4.4870000e+03   9.9544520e-47
   4.4973000e+03   1.0000000e-46
   4.5077000e+03   1.0046053e-46
   4.5181000e+03   1.0092212e-46
   4.5285000e+03   1.0138476e-46
   4.5390000e+03   1.0184846e-46
   4.5494000e+03   1.0231323e-46
   4.5599000e+03   1.0277904e-46
   4.5704000e+03   1.0324592e-46
   4.5810000e+03   1.0371386e-46
   4.5915000e+03   1.0420326e-46
   4.6021000e+03   1.0467336e-46
   4.6127000e+03   1.0514452e-46
   4.6234000e+03   1.0563728e-46
   4.6340000e+03   1.0611060e-46
   4.6447000e+03   1.0660562e-46
   4.6554000e+03   1.0708110e-46
   4.6662000e+03   1.0757838e-46
   4.6769000e+03   1.0807682e-46
   4.6877000e+03   1.0857640e-46
   4.6985000e+03   1.0905625e-46
   4.7094000e+03   1.0955809e-46
   4.7202000e+03   1.1006108e-46
   4.7311000e+03   1.1056523e-46
   4.7420000e+03   1.1107052e-46
   4.7529000e+03   1.1157697e-46
   4.7639000e+03   1.1210574e-46
   4.7749000e+03   1.1261454e-46
   4.7859000e+03   1.1312450e-46
   4.7969000e+03   1.1363560e-46
   4.8080000e+03   1.1416923e-46
   4.8191000e+03   1.1468268e-46
   4.8302000e+03   1.1521876e-46
   4.8413000e+03   1.1573456e-46
   4.8525000e+03   1.1627309e-46
   4.8637000e+03   1.1681286e-46
   4.8749000e+03   1.1735389e-46
   4.8861000e+03   1.1787445e-46
   4.8974000e+03   1.1841792e-46
   4.9087000e+03   1.1896265e-46
   4.9200000e+03   1.1950862e-46
   4.9314000e+03   1.2005585e-46
   4.9427000e+03   1.2060432e-46
   4.9541000e+03   1.2115405e-46
   4.9656000e+03   1.2172709e-46
   4.9770000e+03   1.2227936e-46
   4.9885000e+03   1.2283289e-46
   5.0000000e+03   1.2340988e-46
