   1.0000000e-04   9.8168458e-16   4.0000250e-18
   1.0092622e-04   9.2987188e-16   3.8551989e-18
   1.0186102e-04   8.8081067e-16   3.7156165e-18
   1.0280447e-04   8.3435422e-16   3.5810879e-18
   1.0375667e-04   7.9036363e-16   3.4514300e-18
   1.0471768e-04   7.4870745e-16   3.3264667e-18
   1.0568760e-04   7.0926123e-16   3.2060278e-18
   1.0666650e-04   6.7190720e-16   3.0899496e-18
   1.0765446e-04   6.3653388e-16   2.9780742e-18
   1.0865158e-04   6.0303574e-16   2.8702494e-18
   1.0965793e-04   5.7131290e-16   2.7663285e-18
   1.1067360e-04   5.4127081e-16   2.6661703e-18
   1.1169868e-04   5.1281998e-16   2.5696385e-18
   1.1273326e-04   4.8587570e-16   2.4766017e-18
   1.1377741e-04   4.6035777e-16   2.3869335e-18
   1.1483124e-04   4.3619031e-16   2.3005118e-18
   1.1589483e-04   4.1330145e-16   2.2172192e-18
   1.1696827e-04   3.9162319e-16   2.1369423e-18
   1.1805165e-04   3.7109114e-16   2.0595720e-18
   1.1914507e-04   3.5164436e-16   1.9850030e-18
   1.2024861e-04   3.3322515e-16   1.9131338e-18
   1.2136238e-04   3.1577891e-16   1.8438668e-18
   1.2248646e-04   2.9925393e-16   1.7771077e-18
   1.2362095e-04   2.8360127e-16   1.7127657e-18
   1.2476596e-04   2.6877461e-16   1.6507533e-18
   1.2592156e-04   2.5473009e-16   1.5909862e-18
   1.2708787e-04   2.4142618e-16   1.5333830e-18
   1.2826498e-04   2.2882358e-16   1.4778655e-18
   1.2945300e-04   2.1688507e-16   1.4243580e-18
   1.3065202e-04   2.0557544e-16   1.3727879e-18
   1.3186214e-04   1.9486133e-16   1.3230849e-18
   1.3308347e-04   1.8471117e-16   1.2751815e-18
   1.3431612e-04   1.7509506e-16   1.2290125e-18
   1.3556018e-04   1.6598470e-16   1.1845152e-18
   1.3681576e-04   1.5735331e-16   1.1416289e-18
   1.3808298e-04   1.4917552e-16   1.1002954e-18
   1.3936193e-04   1.4142731e-16   1.0604584e-18
   1.4065272e-04   1.3408595e-16   1.0220638e-18
   1.4195548e-04   1.2712990e-16   9.8505937e-19
   1.4327030e-04   1.2053879e-16   9.4939470e-19
   1.4459729e-04   1.1429331e-16   9.1502133e-19
   1.4593658e-04   1.0837519e-16   8.8189249e-19
   1.4728827e-04   1.0276714e-16   8.4996314e-19
   1.4865248e-04   9.7452769e-17   8.1918984e-19
   1.5002933e-04   9.2416570e-17   7.8953073e-19
   1.5141893e-04   8.7643854e-17   7.6094548e-19
   1.5282140e-04   8.3120717e-17   7.3339519e-19
   1.5423686e-04   7.8833990e-17   7.0684241e-19
   1.5566544e-04   7.4771203e-17   6.8125101e-19
   1.5710724e-04   7.0920551e-17   6.5658619e-19
   1.5856240e-04   6.7270852e-17   6.3281439e-19
   1.6003103e-04   6.3811520e-17   6.0990329e-19
   1.6151327e-04   6.0532528e-17   5.8782172e-19
   1.6300924e-04   5.7424382e-17   5.6653965e-19
   1.6451906e-04   5.4478092e-17   5.4602812e-19
   1.6604287e-04   5.1685142e-17   5.2625925e-19
   1.6758079e-04   4.9037470e-17   5.0720614e-19
   1.6913295e-04   4.6527440e-17   4.8884287e-19
   1.7069949e-04   4.4147819e-17   4.7114448e-19
   1.7228054e-04   4.1891759e-17   4.5408688e-19
   1.7387624e-04   3.9752773e-17   4.3764688e-19
   1.7548671e-04   3.7724718e-17   4.2180212e-19
   1.7711211e-04   3.5801775e-17   4.0653104e-19
   1.7875255e-04   3.3978433e-17   3.9181287e-19
   1.8040819e-04   3.2249474e-17   3.7762759e-19
   1.8207917e-04   3.0609952e-17   3.6395592e-19
   1.8376562e-04   2.9055187e-17   3.5077924e-19
   1.8546769e-04   2.7580741e-17   3.3807965e-19
   1.8718553e-04   2.6182415e-17   3.2583987e-19
   1.8891928e-04   2.4856229e-17   3.1404325e-19
   1.9066908e-04   2.3598413e-17   3.0267374e-19
   1.9243510e-04   2.2405396e-17   2.9171588e-19
   1.9421747e-04   2.1273796e-17   2.8115477e-19
   1.9601635e-04   2.0200409e-17   2.7097604e-19
   1.9783189e-04   1.9182198e-17   2.6116585e-19
   1.9966425e-04   1.8216289e-17   2.5171084e-19
   2.0151357e-04   1.7299957e-17   2.4259818e-19
   2.0338003e-04   1.6430621e-17   2.3381545e-19
   2.0526378e-04   1.5605836e-17   2.2535071e-19
   2.0716497e-04   1.4823285e-17   2.1719245e-19
   2.0908377e-04   1.4080773e-17   2.0932957e-19
   2.1102034e-04   1.3376221e-17   2.0175138e-19
   2.1297485e-04   1.2707658e-17   1.9444757e-19
   2.1494747e-04   1.2073217e-17   1.8740820e-19
   2.1693835e-04   1.1471129e-17   1.8062371e-19
   2.1894768e-04   1.0899718e-17   1.7408486e-19
   2.2097561e-04   1.0357396e-17   1.6778276e-19
   2.2302233e-04   9.8426562e-18   1.6170883e-19
   2.2508801e-04   9.3540735e-18   1.5585482e-19
   2.2717281e-04   8.8902958e-18   1.5021277e-19
   2.2927693e-04   8.4500421e-18   1.4477499e-19
   2.3140054e-04   8.0320984e-18   1.3953410e-19
   2.3354381e-04   7.6353141e-18   1.3448296e-19
   2.3570694e-04   7.2585988e-18   1.2961471e-19
   2.3789010e-04   6.9009190e-18   1.2492271e-19
   2.4009349e-04   6.5612950e-18   1.2040060e-19
   2.4231728e-04   6.2387984e-18   1.1604222e-19
   2.4456167e-04   5.9325491e-18   1.1184164e-19
   2.4682685e-04   5.6417128e-18   1.0779315e-19
   2.4911300e-04   5.3654987e-18   1.0389124e-19
   2.5142033e-04   5.1031573e-18   1.0013060e-19
   2.5374904e-04   4.8539778e-18   9.6506128e-20
   2.5609931e-04   4.6172866e-18   9.3012882e-20
   2.5847135e-04   4.3924450e-18   8.9646115e-20
   2.6086536e-04   4.1788474e-18   8.6401246e-20
   2.6328155e-04   3.9759197e-18   8.3273863e-20
   2.6572011e-04   3.7831176e-18   8.0259711e-20
   2.6818126e-04   3.5999249e-18   7.7354692e-20
   2.7066521e-04   3.4258523e-18   7.4554852e-20
   2.7317216e-04   3.2604357e-18   7.1856386e-20
   2.7570233e-04   3.1032351e-18   6.9255621e-20
   2.7825594e-04   2.9538331e-18   6.6749021e-20
   2.8083320e-04   2.8118340e-18   6.4333177e-20
   2.8343433e-04   2.6768625e-18   6.2004802e-20
   2.8605955e-04   2.5485626e-18   5.9760729e-20
   2.8870909e-04   2.4265967e-18   5.7597906e-20
   2.9138317e-04   2.3106447e-18   5.5513391e-20
   2.9408202e-04   2.2004027e-18   5.3504350e-20
   2.9680586e-04   2.0955826e-18   5.1568049e-20
   2.9955493e-04   1.9959113e-18   4.9701854e-20
   3.0232947e-04   1.9011294e-18   4.7903228e-20
   3.0512970e-04   1.8109910e-18   4.6169724e-20
   3.0795587e-04   1.7252627e-18   4.4498984e-20
   3.1080822e-04   1.6437232e-18   4.2888736e-20
   3.1368698e-04   1.5661624e-18   4.1336789e-20
   3.1659241e-04   1.4923810e-18   3.9841033e-20
   3.1952475e-04   1.4221900e-18   3.8399433e-20
   3.2248425e-04   1.3554098e-18   3.7010028e-20
   3.2547116e-04   1.2918702e-18   3.5670929e-20
   3.2848574e-04   1.2314096e-18   3.4380314e-20
   3.3152823e-04   1.1738747e-18   3.3136428e-20
   3.3459891e-04   1.1191197e-18   3.1937578e-20
   3.3769803e-04   1.0670067e-18   3.0782135e-20
   3.4082585e-04   1.0174044e-18   2.9668526e-20
   3.4398265e-04   9.7018835e-19   2.8595237e-20
   3.4716868e-04   9.2524042e-19   2.7560808e-20
   3.5038422e-04   8.8244841e-19   2.6563832e-20
   3.5362955e-04   8.4170581e-19   2.5602954e-20
   3.5690493e-04   8.0291153e-19   2.4676865e-20
   3.6021066e-04   7.6596954e-19   2.3784307e-20
   3.6354700e-04   7.3078870e-19   2.2924065e-20
   3.6691424e-04   6.9728244e-19   2.2094970e-20
   3.7031267e-04   6.6536856e-19   2.1295893e-20
   3.7374257e-04   6.3496899e-19   2.0525748e-20
   3.7720425e-04   6.0600961e-19   1.9783487e-20
   3.8069799e-04   5.7841999e-19   1.9068101e-20
   3.8422408e-04   5.5213326e-19   1.8378617e-20
   3.8778284e-04   5.2708588e-19   1.7714096e-20
   3.9137456e-04   5.0321750e-19   1.7073635e-20
   3.9499955e-04   4.8047078e-19   1.6456364e-20
   3.9865811e-04   4.5879127e-19   1.5861441e-20
   4.0235055e-04   4.3812722e-19   1.5288059e-20
   4.0607720e-04   4.1842944e-19   1.4735436e-20
   4.0983837e-04   3.9965122e-19   1.4202823e-20
   4.1363437e-04   3.8174816e-19   1.3689493e-20
   4.1746553e-04   3.6467806e-19   1.3194749e-20
   4.2133217e-04   3.4840082e-19   1.2717919e-20
   4.2523463e-04   3.3287833e-19   1.2258352e-20
   4.2917324e-04   3.1807436e-19   1.1815425e-20
   4.3314832e-04   3.0395448e-19   1.1388535e-20
   4.3716022e-04   2.9048593e-19   1.0977101e-20
   4.4120929e-04   2.7763761e-19   1.0580563e-20
   4.4529585e-04   2.6537992e-19   1.0198383e-20
   4.4942027e-04   2.5368472e-19   9.8300402e-21
   4.5358288e-04   2.4252527e-19   9.4750339e-21
   4.5778405e-04   2.3187612e-19   9.1328810e-21
   4.6202414e-04   2.2171307e-19   8.8031163e-21
   4.6630349e-04   2.1201313e-19   8.4852913e-21
   4.7062248e-04   2.0275439e-19   8.1789736e-21
   4.7498148e-04   1.9391604e-19   7.8837466e-21
   4.7938085e-04   1.8547828e-19   7.5992087e-21
   4.8382097e-04   1.7742227e-19   7.3249730e-21
   4.8830221e-04   1.6973008e-19   7.0606664e-21
   4.9282496e-04   1.6238466e-19   6.8059294e-21
   4.9738960e-04   1.5536978e-19   6.5604155e-21
   5.0199651e-04   1.4866999e-19   6.3237909e-21
   5.0664610e-04   1.4227060e-19   6.0957336e-21
   5.1133875e-04   1.3615762e-19   5.8759334e-21
   5.1607487e-04   1.3031773e-19   5.6640915e-21
   5.2085486e-04   1.2473827e-19   5.4599196e-21
   5.2567911e-04   1.1940716e-19   5.2631401e-21
   5.3054805e-04   1.1431293e-19   5.0734853e-21
   5.3546209e-04   1.0944462e-19   4.8906972e-21
   5.4042164e-04   1.0479185e-19   4.7145272e-21
   5.4542713e-04   1.0034467e-19   4.5447358e-21
   5.5047898e-04   9.6093662e-20   4.3810918e-21
   5.5557762e-04   9.2029821e-20   4.2233729e-21
   5.6072349e-04   8.8144581e-20   4.0713644e-21
   5.6591702e-04   8.4429785e-20   3.9248597e-21
   5.7115865e-04   8.0877657e-20   3.7836593e-21
   5.7644883e-04   7.7480794e-20   3.6475714e-21
   5.8178801e-04   7.4232138e-20   3.5164106e-21
   5.8717664e-04   7.1124966e-20   3.3899988e-21
   5.9261518e-04   6.8152872e-20   3.2681639e-21
   5.9810410e-04   6.5309751e-20   3.1507402e-21
   6.0364385e-04   6.2589781e-20   3.0375681e-21
   6.0923492e-04   5.9987418e-20   2.9284935e-21
   6.1487777e-04   5.7497373e-20   2.8233681e-21
   6.2057288e-04   5.5114607e-20   2.7220489e-21
   6.2632075e-04   5.2834312e-20   2.6243981e-21
   6.3212185e-04   5.0651909e-20   2.5302830e-21
   6.3797668e-04   4.8563026e-20   2.4395754e-21
   6.4388574e-04   4.6563498e-20   2.3521520e-21
   6.4984954e-04   4.4649351e-20   2.2678940e-21
   6.5586857e-04   4.2816795e-20   2.1866866e-21
   6.6194335e-04   4.1062214e-20   2.1084194e-21
   6.6807439e-04   3.9382160e-20   2.0329861e-21
   6.7426222e-04   3.7773342e-20   1.9602839e-21
   6.8050737e-04   3.6232621e-20   1.8902140e-21
   6.8681036e-04   3.4757002e-20   1.8226811e-21
   6.9317173e-04   3.3343625e-20   1.7575933e-21
   6.9959202e-04   3.1989764e-20   1.6948621e-21
   7.0607177e-04   3.0692814e-20   1.6344022e-21
   7.1261154e-04   2.9450289e-20   1.5761314e-21
   7.1921189e-04   2.8259819e-20   1.5199703e-21
   7.2587337e-04   2.7119136e-20   1.4658426e-21
   7.3259654e-04   2.6026080e-20   1.4136747e-21
   7.3938199e-04   2.4978585e-20   1.3633956e-21
   7.4623029e-04   2.3974679e-20   1.3149370e-21
   7.5314202e-04   2.3012480e-20   1.2682329e-21
   7.6011776e-04   2.2090189e-20   1.2232197e-21
   7.6715812e-04   2.1206089e-20   1.1798364e-21
   7.7426368e-04   2.0358538e-20   1.1380238e-21
   7.8143506e-04   1.9545968e-20   1.0977250e-21
   7.8867286e-04   1.8766883e-20   1.0588854e-21
   7.9597770e-04   1.8019850e-20   1.0214520e-21
   8.0335020e-04   1.7303503e-20   9.8537395e-22
   8.1079098e-04   1.6616535e-20   9.5060215e-22
   8.1830068e-04   1.5957697e-20   9.1708932e-22
   8.2587994e-04   1.5325795e-20   8.8478987e-22
   8.3352940e-04   1.4719688e-20   8.5365987e-22
   8.4124970e-04   1.4138285e-20   8.2365698e-22
   8.4904152e-04   1.3580542e-20   7.9474039e-22
   8.5690551e-04   1.3045464e-20   7.6687077e-22
   8.6484233e-04   1.2532097e-20   7.4001021e-22
   8.7285266e-04   1.2039528e-20   7.1412218e-22
   8.8093719e-04   1.1566885e-20   6.8917146e-22
   8.8909660e-04   1.1113335e-20   6.6512413e-22
   8.9733158e-04   1.0678080e-20   6.4194746e-22
   9.0564284e-04   1.0260356e-20   6.1960994e-22
   9.1403107e-04   9.8594331e-21   5.9808118e-22
   9.2249701e-04   9.4746133e-21   5.7733191e-22
   9.3104135e-04   9.1052278e-21   5.5733389e-22
   9.3966483e-04   8.7506370e-21   5.3805993e-22
   9.4836819e-04   8.4102288e-21   5.1948382e-22
   9.5715215e-04   8.0834174e-21   5.0158028e-22
   9.6601748e-04   7.7696420e-21   4.8432497e-22
   9.7496492e-04   7.4683659e-21   4.6769441e-22
   9.8399523e-04   7.1790753e-21   4.5166598e-22
   9.9310918e-04   6.9012781e-21   4.3621789e-22
   1.0023075e-03   6.6345035e-21   4.2132912e-22
   1.0115911e-03   6.3783004e-21   4.0697943e-22
   1.0209607e-03   6.1322370e-21   3.9314928e-22
   1.0304170e-03   5.8958997e-21   3.7981988e-22
   1.0399609e-03   5.6688923e-21   3.6697308e-22
   1.0495932e-03   5.4508354e-21   3.5459143e-22
   1.0593148e-03   5.2413657e-21   3.4265807e-22
   1.0691263e-03   5.0401349e-21   3.3115678e-22
   1.0790288e-03   4.8468095e-21   3.2007190e-22
   1.0890230e-03   4.6610700e-21   3.0938838e-22
   1.0991097e-03   4.4826102e-21   2.9909166e-22
   1.1092899e-03   4.3111365e-21   2.8916776e-22
   1.1195643e-03   4.1463679e-21   2.7960316e-22
   1.1299339e-03   3.9880348e-21   2.7038487e-22
   1.1403996e-03   3.8358790e-21   2.6150034e-22
   1.1509622e-03   3.6896528e-21   2.5293748e-22
   1.1616226e-03   3.5491189e-21   2.4468466e-22
   1.1723818e-03   3.4140499e-21   2.3673064e-22
   1.1832406e-03   3.2842275e-21   2.2906461e-22
   1.1942000e-03   3.1594427e-21   2.2167614e-22
   1.2052609e-03   3.0394949e-21   2.1455518e-22
   1.2164243e-03   2.9241917e-21   2.0769205e-22
   1.2276910e-03   2.8133489e-21   2.0107741e-22
   1.2390622e-03   2.7067895e-21   1.9470226e-22
   1.2505386e-03   2.6043439e-21   1.8855793e-22
   1.2621213e-03   2.5058494e-21   1.8263607e-22
   1.2738113e-03   2.4111500e-21   1.7692861e-22
   1.2856096e-03   2.3200958e-21   1.7142781e-22
   1.2975172e-03   2.2325433e-21   1.6612616e-22
   1.3095350e-03   2.1483546e-21   1.6101648e-22
   1.3216642e-03   2.0673975e-21   1.5609179e-22
   1.3339057e-03   1.9895452e-21   1.5134542e-22
   1.3462606e-03   1.9146759e-21   1.4677089e-22
   1.3587299e-03   1.8426727e-21   1.4236199e-22
   1.3713147e-03   1.7734235e-21   1.3811272e-22
   1.3840161e-03   1.7068207e-21   1.3401730e-22
   1.3968351e-03   1.6427610e-21   1.3007016e-22
   1.4097729e-03   1.5811452e-21   1.2626594e-22
   1.4228305e-03   1.5218781e-21   1.2259945e-22
   1.4360090e-03   1.4648683e-21   1.1906572e-22
   1.4493096e-03   1.4100282e-21   1.1565992e-22
   1.4627334e-03   1.3572735e-21   1.1237744e-22
   1.4762815e-03   1.3065232e-21   1.0921381e-22
   1.4899551e-03   1.2576998e-21   1.0616472e-22
   1.5037553e-03   1.2107287e-21   1.0322603e-22
   1.5176834e-03   1.1655382e-21   1.0039374e-22
   1.5317405e-03   1.1220596e-21   9.7663992e-23
   1.5459277e-03   1.0802268e-21   9.5033081e-23
   1.5602464e-03   1.0399764e-21   9.2497427e-23
   1.5746977e-03   1.0012475e-21   9.0053580e-23
   1.5892829e-03   9.6398139e-22   8.7698216e-23
   1.6040031e-03   9.2812200e-22   8.5428132e-23
   1.6188597e-03   8.9361525e-22   8.3240240e-23
   1.6338539e-03   8.6040925e-22   8.1131563e-23
   1.6489869e-03   8.2845414e-22   7.9099235e-23
   1.6642602e-03   7.9770202e-22   7.7140490e-23
   1.6796749e-03   7.6810684e-22   7.5252664e-23
   1.6952323e-03   7.3962437e-22   7.3433190e-23
   1.7109339e-03   7.1221212e-22   7.1679593e-23
   1.7267809e-03   6.8582924e-22   6.9989487e-23
   1.7427747e-03   6.6043646e-22   6.8360574e-23
   1.7589166e-03   6.3599607e-22   6.6790639e-23
   1.7752080e-03   6.1247181e-22   6.5277545e-23
   1.7916503e-03   5.8982882e-22   6.3819236e-23
   1.8082449e-03   5.6803361e-22   6.2413726e-23
   1.8249932e-03   5.4705397e-22   6.1059105e-23
   1.8418967e-03   5.2685895e-22   5.9753531e-23
   1.8589567e-03   5.0741881e-22   5.8495226e-23
   1.8761747e-03   4.8870492e-22   5.7282481e-23
   1.8935522e-03   4.7068979e-22   5.6113644e-23
   1.9110906e-03   4.5334698e-22   5.4987127e-23
   1.9287915e-03   4.3665107e-22   5.3901398e-23
   1.9466563e-03   4.2057760e-22   5.2854979e-23
   1.9646866e-03   4.0510309e-22   5.1846447e-23
   1.9828839e-03   3.9020493e-22   5.0874431e-23
   2.0012498e-03   3.7586138e-22   4.9937608e-23
   2.0197858e-03   3.6205154e-22   4.9034704e-23
   2.0384934e-03   3.4875532e-22   4.8164491e-23
   2.0573743e-03   3.3595339e-22   4.7325785e-23
   2.0764301e-03   3.2362716e-22   4.6517446e-23
   2.0956624e-03   3.1175874e-22   4.5738374e-23
   2.1150728e-03   3.0033095e-22   4.4987510e-23
   2.1346630e-03   2.8932723e-22   4.4263832e-23
   2.1544347e-03   2.7873169e-22   4.3566355e-23
   2.1743895e-03   2.6852900e-22   4.2894132e-23
   2.1945291e-03   2.5870447e-22   4.2246248e-23
   2.2148552e-03   2.4924391e-22   4.1621821e-23
   2.2353696e-03   2.4013371e-22   4.1020003e-23
   2.2560741e-03   2.3136076e-22   4.0439974e-23
   2.2769703e-03   2.2291245e-22   3.9880947e-23
   2.2980600e-03   2.1477665e-22   3.9342159e-23
   2.3193451e-03   2.0694168e-22   3.8822880e-23
   2.3408273e-03   1.9939633e-22   3.8322401e-23
   2.3625085e-03   1.9212977e-22   3.7840044e-23
   2.3843905e-03   1.8513162e-22   3.7375150e-23
   2.4064752e-03   1.7839188e-22   3.6927089e-23
   2.4287644e-03   1.7190090e-22   3.6495251e-23
   2.4512601e-03   1.6564944e-22   3.6079048e-23
   2.4739641e-03   1.5962857e-22   3.5677914e-23
   2.4968784e-03   1.5382972e-22   3.5291304e-23
   2.5200050e-03   1.4824464e-22   3.4918692e-23
   2.5433458e-03   1.4286537e-22   3.4559570e-23
   2.5669027e-03   1.3768427e-22   3.4213451e-23
   2.5906779e-03   1.3269399e-22   3.3879864e-23
   2.6146732e-03   1.2788744e-22   3.3558355e-23
   2.6388908e-03   1.2325780e-22   3.3248487e-23
   2.6633327e-03   1.1879851e-22   3.2949838e-23
   2.6880010e-03   1.1450326e-22   3.2662002e-23
   2.7128978e-03   1.1036597e-22   3.2384588e-23
   2.7380252e-03   1.0638078e-22   3.2117218e-23
   2.7633853e-03   1.0254208e-22   3.1859528e-23
   2.7889803e-03   9.8844423e-23   3.1611168e-23
   2.8148124e-03   9.5282605e-23   3.1371801e-23
   2.8408837e-03   9.1851599e-23   3.1141100e-23
   2.8671965e-03   8.8546569e-23   3.0918752e-23
   2.8937530e-03   8.5362859e-23   3.0704455e-23
   2.9205555e-03   8.2295987e-23   3.0497916e-23
   2.9476063e-03   7.9341638e-23   3.0298856e-23
   2.9749075e-03   7.6495658e-23   3.0107003e-23
   3.0024617e-03   7.3754048e-23   2.9922096e-23
   3.0302711e-03   7.1112956e-23   2.9743884e-23
   3.0583380e-03   6.8568676e-23   2.9572125e-23
   3.0866649e-03   6.6117638e-23   2.9406584e-23
   3.1152542e-03   6.3756406e-23   2.9247037e-23
   3.1441083e-03   6.1481670e-23   2.9093266e-23
   3.1732296e-03   5.9290245e-23   2.8945063e-23
   3.2026207e-03   5.7179063e-23   2.8802226e-23
   3.2322840e-03   5.5145169e-23   2.8664561e-23
   3.2622220e-03   5.3185720e-23   2.8531880e-23
   3.2924373e-03   5.1297976e-23   2.8404003e-23
   3.3229325e-03   4.9479301e-23   2.8280756e-23
   3.3537102e-03   4.7727154e-23   2.8161971e-23
   3.3847729e-03   4.6039090e-23   2.8047487e-23
   3.4161233e-03   4.4412753e-23   2.7937148e-23
   3.4477641e-03   4.2845876e-23   2.7830804e-23
   3.4796979e-03   4.1336275e-23   2.7728311e-23
   3.5119275e-03   3.9881846e-23   2.7629528e-23
   3.5444557e-03   3.8480565e-23   2.7534322e-23
   3.5772851e-03   3.7130479e-23   2.7442563e-23
   3.6104186e-03   3.5829711e-23   2.7354126e-23
   3.6438590e-03   3.4576451e-23   2.7268892e-23
   3.6776091e-03   3.3368957e-23   2.7186743e-23
   3.7116718e-03   3.2205551e-23   2.7107569e-23
   3.7460500e-03   3.1084616e-23   2.7031261e-23
   3.7807467e-03   3.0004596e-23   2.6957716e-23
   3.8157647e-03   2.8963991e-23   2.6886834e-23
   3.8511070e-03   2.7961357e-23   2.6818518e-23
   3.8867767e-03   2.6995304e-23   2.6752676e-23
   3.9227768e-03   2.6064492e-23   2.6689218e-23
   3.9591103e-03   2.5167630e-23   2.6628057e-23
   3.9957803e-03   2.4303476e-23   2.6569111e-23
   4.0327900e-03   2.3470832e-23   2.6512299e-23
   4.0701425e-03   2.2668546e-23   2.6457544e-23
   4.1078409e-03   2.1895507e-23   2.6404771e-23
   4.1458885e-03   2.1150646e-23   2.6353909e-23
   4.1842885e-03   2.0432930e-23   2.6304889e-23
   4.2230442e-03   1.9741370e-23   2.6257643e-23
   4.2621588e-03   1.9075006e-23   2.6212108e-23
   4.3016358e-03   1.8432920e-23   2.6168222e-23
   4.3414783e-03   1.7814224e-23   2.6125925e-23
   4.3816899e-03   1.7218062e-23   2.6085159e-23
   4.4222740e-03   1.6643613e-23   2.6045869e-23
   4.4632339e-03   1.6090082e-23   2.6008002e-23
   4.5045733e-03   1.5556705e-23   2.5971506e-23
   4.5462955e-03   1.5042748e-23   2.5936331e-23
   4.5884041e-03   1.4547500e-23   2.5902430e-23
   4.6309028e-03   1.4070279e-23   2.5869756e-23
   4.6737951e-03   1.3610427e-23   2.5838265e-23
   4.7170847e-03   1.3167310e-23   2.5807914e-23
   4.7607752e-03   1.2740317e-23   2.5778663e-23
   4.8048704e-03   1.2328860e-23   2.5750470e-23
   4.8493741e-03   1.1932373e-23   2.5723298e-23
   4.8942899e-03   1.1550309e-23   2.5697110e-23
   4.9396217e-03   1.1182142e-23   2.5671870e-23
   4.9853735e-03   1.0827366e-23   2.5647544e-23
   5.0315489e-03   1.0485493e-23   2.5624099e-23
   5.0781521e-03   1.0156051e-23   2.5601502e-23
   5.1251869e-03   9.8385886e-24   2.5579724e-23
   5.1726574e-03   9.5326685e-24   2.5558734e-23
   5.2205675e-03   9.2378703e-24   2.5538504e-23
   5.2689214e-03   8.9537885e-24   2.5519007e-23
   5.3177232e-03   8.6800330e-24   2.5500215e-23
   5.3669769e-03   8.4162274e-24   2.5482104e-23
   5.4166869e-03   8.1620094e-24   2.5464649e-23
   5.4668573e-03   7.9170298e-24   2.5447826e-23
   5.5174924e-03   7.6809523e-24   2.5431612e-23
   5.5685964e-03   7.4534526e-24   2.5415984e-23
   5.6201738e-03   7.2342184e-24   2.5400923e-23
   5.6722290e-03   7.0229490e-24   2.5386407e-23
   5.7247662e-03   6.8193543e-24   2.5372417e-23
   5.7777901e-03   6.6231551e-24   2.5358933e-23
   5.8313051e-03   6.4340822e-24   2.5345937e-23
   5.8853158e-03   6.2518763e-24   2.5333412e-23
   5.9398267e-03   6.0762875e-24   2.5321340e-23
   5.9948425e-03   5.9070751e-24   2.5309705e-23
   6.0503679e-03   5.7440071e-24   2.5298492e-23
   6.1064075e-03   5.5868601e-24   2.5287685e-23
   6.1629663e-03   5.4354187e-24   2.5277269e-23
   6.2200488e-03   5.2894753e-24   2.5267230e-23
   6.2776601e-03   5.1488300e-24   2.5257554e-23
   6.3358050e-03   5.0132903e-24   2.5248229e-23
   6.3944884e-03   4.8826704e-24   2.5239242e-23
   6.4537154e-03   4.7567914e-24   2.5230580e-23
   6.5134909e-03   4.6354812e-24   2.5222231e-23
   6.5738201e-03   4.5185734e-24   2.5214185e-23
   6.6347081e-03   4.4059083e-24   2.5206430e-23
   6.6961601e-03   4.2973314e-24   2.5198956e-23
   6.7581812e-03   4.1926944e-24   2.5191752e-23
   6.8207767e-03   4.0918539e-24   2.5184810e-23
   6.8839521e-03   3.9946722e-24   2.5178118e-23
   6.9477125e-03   3.9010161e-24   2.5171669e-23
   7.0120636e-03   3.8107576e-24   2.5165454e-23
   7.0770107e-03   3.7237734e-24   2.5159463e-23
   7.1425593e-03   3.6399444e-24   2.5153690e-23
   7.2087150e-03   3.5591561e-24   2.5148125e-23
   7.2754835e-03   3.4812980e-24   2.5142762e-23
   7.3428704e-03   3.4062636e-24   2.5137593e-23
   7.4108815e-03   3.3339505e-24   2.5132611e-23
   7.4795225e-03   3.2642598e-24   2.5127810e-23
   7.5487993e-03   3.1970964e-24   2.5123182e-23
   7.6187177e-03   3.1323683e-24   2.5118722e-23
   7.6892837e-03   3.0699873e-24   2.5114424e-23
   7.7605033e-03   3.0098680e-24   2.5110281e-23
   7.8323826e-03   2.9519285e-24   2.5106288e-23
   7.9049276e-03   2.8960895e-24   2.5102440e-23
   7.9781446e-03   2.8422749e-24   2.5098731e-23
   8.0520397e-03   2.7904111e-24   2.5095156e-23
   8.1266192e-03   2.7404273e-24   2.5091711e-23
   8.2018895e-03   2.6922554e-24   2.5088390e-23
   8.2778570e-03   2.6458295e-24   2.5085190e-23
   8.3545281e-03   2.6010863e-24   2.5082106e-23
   8.4319093e-03   2.5579647e-24   2.5079133e-23
   8.5100072e-03   2.5164060e-24   2.5076268e-23
   8.5888286e-03   2.4763533e-24   2.5073506e-23
   8.6683799e-03   2.4377521e-24   2.5070845e-23
   8.7486681e-03   2.4005497e-24   2.5068280e-23
   8.8297000e-03   2.3646953e-24   2.5065808e-23
   8.9114823e-03   2.3301401e-24   2.5063425e-23
   8.9940222e-03   2.2968369e-24   2.5061129e-23
   9.0773265e-03   2.2647403e-24   2.5058915e-23
   9.1614025e-03   2.2338066e-24   2.5056782e-23
   9.2462571e-03   2.2039935e-24   2.5054726e-23
   9.3318977e-03   2.1752605e-24   2.5052745e-23
   9.4183315e-03   2.1475683e-24   2.5050835e-23
   9.5055659e-03   2.1208792e-24   2.5048995e-23
   9.5936083e-03   2.0951569e-24   2.5047221e-23
   9.6824661e-03   2.0703663e-24   2.5045511e-23
   9.7721470e-03   2.0464735e-24   2.5043863e-23
   9.8626585e-03   2.0234461e-24   2.5042275e-23
   9.9540083e-03   2.0012527e-24   2.5040744e-23
   1.0046204e-02   1.9798630e-24   2.5039269e-23
   1.0139254e-02   1.9592480e-24   2.5037847e-23
   1.0233166e-02   1.9393794e-24   2.5036477e-23
   1.0327947e-02   1.9202303e-24   2.5035156e-23
   1.0423607e-02   1.9017746e-24   2.5033883e-23
   1.0520152e-02   1.8839871e-24   2.5032657e-23
   1.0617592e-02   1.8668436e-24   2.5031474e-23
   1.0715934e-02   1.8503209e-24   2.5030335e-23
   1.0815187e-02   1.8343963e-24   2.5029236e-23
   1.0915359e-02   1.8190482e-24   2.5028178e-23
   1.1016459e-02   1.8042558e-24   2.5027158e-23
   1.1118496e-02   1.7899988e-24   2.5026174e-23
   1.1221478e-02   1.7762579e-24   2.5025227e-23
   1.1325413e-02   1.7630144e-24   2.5024313e-23
   1.1430311e-02   1.7502502e-24   2.5023433e-23
   1.1536181e-02   1.7379480e-24   2.5022585e-23
   1.1643031e-02   1.7260911e-24   2.5021767e-23
   1.1750871e-02   1.7146632e-24   2.5020979e-23
   1.1859710e-02   1.7036490e-24   2.5020219e-23
   1.1969557e-02   1.6930333e-24   2.5019487e-23
   1.2080421e-02   1.6828018e-24   2.5018782e-23
   1.2192313e-02   1.6729405e-24   2.5018102e-23
   1.2305240e-02   1.6634360e-24   2.5017446e-23
   1.2419214e-02   1.6542754e-24   2.5016814e-23
   1.2534243e-02   1.6454462e-24   2.5016206e-23
   1.2650337e-02   1.6369365e-24   2.5015619e-23
   1.2767507e-02   1.6287347e-24   2.5015053e-23
   1.2885762e-02   1.6208295e-24   2.5014508e-23
   1.3005113e-02   1.6132104e-24   2.5013983e-23
   1.3125568e-02   1.6058668e-24   2.5013477e-23
   1.3247140e-02   1.5987889e-24   2.5012989e-23
   1.3369837e-02   1.5919669e-24   2.5012519e-23
   1.3493671e-02   1.5853917e-24   2.5012065e-23
   1.3618652e-02   1.5790544e-24   2.5011628e-23
   1.3744791e-02   1.5729462e-24   2.5011207e-23
   1.3872098e-02   1.5670589e-24   2.5010802e-23
   1.4000584e-02   1.5613845e-24   2.5010411e-23
   1.4130260e-02   1.5559153e-24   2.5010034e-23
   1.4261137e-02   1.5506438e-24   2.5009670e-23
   1.4393226e-02   1.5455630e-24   2.5009320e-23
   1.4526539e-02   1.5406658e-24   2.5008983e-23
   1.4661087e-02   1.5359457e-24   2.5008658e-23
   1.4796881e-02   1.5313963e-24   2.5008344e-23
   1.4933932e-02   1.5270113e-24   2.5008042e-23
   1.5072253e-02   1.5227848e-24   2.5007751e-23
   1.5211855e-02   1.5187111e-24   2.5007470e-23
   1.5352750e-02   1.5147846e-24   2.5007200e-23
   1.5494950e-02   1.5110001e-24   2.5006939e-23
   1.5638468e-02   1.5073523e-24   2.5006688e-23
   1.5783314e-02   1.5038364e-24   2.5006446e-23
   1.5929502e-02   1.5004475e-24   2.5006212e-23
   1.6077044e-02   1.4971810e-24   2.5005987e-23
   1.6225953e-02   1.4940326e-24   2.5005771e-23
   1.6376241e-02   1.4909980e-24   2.5005562e-23
   1.6527921e-02   1.4880730e-24   2.5005360e-23
   1.6681005e-02   1.4852537e-24   2.5005166e-23
   1.6835508e-02   1.4825362e-24   2.5004979e-23
   1.6991442e-02   1.4799169e-24   2.5004799e-23
   1.7148820e-02   1.4773922e-24   2.5004625e-23
   1.7307655e-02   1.4749587e-24   2.5004458e-23
   1.7467962e-02   1.4726131e-24   2.5004296e-23
   1.7629754e-02   1.4703522e-24   2.5004141e-23
   1.7793044e-02   1.4681729e-24   2.5003991e-23
   1.7957846e-02   1.4660724e-24   2.5003846e-23
   1.8124175e-02   1.4640477e-24   2.5003707e-23
   1.8292045e-02   1.4620961e-24   2.5003573e-23
   1.8461469e-02   1.4602149e-24   2.5003443e-23
   1.8632463e-02   1.4584017e-24   2.5003319e-23
   1.8805041e-02   1.4566539e-24   2.5003199e-23
   1.8979216e-02   1.4549692e-24   2.5003083e-23
   1.9155006e-02   1.4533453e-24   2.5002971e-23
   1.9332423e-02   1.4517801e-24   2.5002864e-23
   1.9511483e-02   1.4502713e-24   2.5002760e-23
   1.9692203e-02   1.4488170e-24   2.5002660e-23
   1.9874595e-02   1.4474151e-24   2.5002564e-23
   2.0058678e-02   1.4460638e-24   2.5002471e-23
   2.0244465e-02   1.4447613e-24   2.5002381e-23
   2.0431973e-02   1.4435058e-24   2.5002295e-23
   2.0621218e-02   1.4422955e-24   2.5002212e-23
   2.0812216e-02   1.4411289e-24   2.5002132e-23
   2.1004982e-02   1.4400044e-24   2.5002055e-23
   2.1199535e-02   1.4389204e-24   2.5001980e-23
   2.1395889e-02   1.4378756e-24   2.5001909e-23
   2.1594062e-02   1.4368684e-24   2.5001840e-23
   2.1794070e-02   1.4358975e-24   2.5001773e-23
   2.1995931e-02   1.4349616e-24   2.5001709e-23
   2.2199661e-02   1.4340595e-24   2.5001647e-23
   2.2405279e-02   1.4331899e-24   2.5001587e-23
   2.2612801e-02   1.4323516e-24   2.5001530e-23
   2.2822245e-02   1.4315435e-24   2.5001474e-23
   2.3033629e-02   1.4307646e-24   2.5001421e-23
   2.3246971e-02   1.4300137e-24   2.5001370e-23
   2.3462288e-02   1.4292899e-24   2.5001320e-23
   2.3679601e-02   1.4285921e-24   2.5001272e-23
   2.3898926e-02   1.4279195e-24   2.5001226e-23
   2.4120282e-02   1.4272711e-24   2.5001182e-23
   2.4343689e-02   1.4266461e-24   2.5001139e-23
   2.4569165e-02   1.4260435e-24   2.5001098e-23
   2.4796729e-02   1.4254627e-24   2.5001058e-23
   2.5026401e-02   1.4249028e-24   2.5001020e-23
   2.5258200e-02   1.4243630e-24   2.5000983e-23
   2.5492147e-02   1.4238427e-24   2.5000947e-23
   2.5728260e-02   1.4233410e-24   2.5000913e-23
   2.5966560e-02   1.4228575e-24   2.5000880e-23
   2.6207067e-02   1.4223913e-24   2.5000848e-23
   2.6449802e-02   1.4219419e-24   2.5000817e-23
   2.6694785e-02   1.4215087e-24   2.5000788e-23
   2.6942037e-02   1.4210911e-24   2.5000759e-23
   2.7191579e-02   1.4206884e-24   2.5000732e-23
   2.7443433e-02   1.4203003e-24   2.5000705e-23
   2.7697619e-02   1.4199261e-24   2.5000680e-23
   2.7954160e-02   1.4195654e-24   2.5000655e-23
   2.8213077e-02   1.4192176e-24   2.5000631e-23
   2.8474392e-02   1.4188823e-24   2.5000608e-23
   2.8738127e-02   1.4185591e-24   2.5000586e-23
   2.9004305e-02   1.4182475e-24   2.5000565e-23
   2.9272948e-02   1.4179471e-24   2.5000545e-23
   2.9544080e-02   1.4176574e-24   2.5000525e-23
   2.9817723e-02   1.4173782e-24   2.5000506e-23
   3.0093900e-02   1.4171090e-24   2.5000488e-23
   3.0372636e-02   1.4168495e-24   2.5000470e-23
   3.0653953e-02   1.4165993e-24   2.5000453e-23
   3.0937876e-02   1.4163580e-24   2.5000437e-23
   3.1224428e-02   1.4161255e-24   2.5000421e-23
   3.1513635e-02   1.4159012e-24   2.5000406e-23
   3.1805520e-02   1.4156850e-24   2.5000391e-23
   3.2100109e-02   1.4154766e-24   2.5000377e-23
   3.2397426e-02   1.4152756e-24   2.5000363e-23
   3.2697497e-02   1.4150819e-24   2.5000350e-23
   3.3000348e-02   1.4148951e-24   2.5000337e-23
   3.3306003e-02   1.4147150e-24   2.5000325e-23
   3.3614490e-02   1.4145413e-24   2.5000313e-23
   3.3925834e-02   1.4143739e-24   2.5000302e-23
   3.4240061e-02   1.4142124e-24   2.5000291e-23
   3.4557199e-02   1.4140567e-24   2.5000280e-23
   3.4877275e-02   1.4139067e-24   2.5000270e-23
   3.5200315e-02   1.4137619e-24   2.5000261e-23
   3.5526347e-02   1.4136224e-24   2.5000251e-23
   3.5855399e-02   1.4134879e-24   2.5000242e-23
   3.6187498e-02   1.4133581e-24   2.5000233e-23
   3.6522674e-02   1.4132330e-24   2.5000225e-23
   3.6860954e-02   1.4131124e-24   2.5000217e-23
   3.7202367e-02   1.4129961e-24   2.5000209e-23
   3.7546942e-02   1.4128840e-24   2.5000201e-23
   3.7894709e-02   1.4127758e-24   2.5000194e-23
   3.8245697e-02   1.4126716e-24   2.5000187e-23
   3.8599936e-02   1.4125710e-24   2.5000180e-23
   3.8957456e-02   1.4124740e-24   2.5000174e-23
   3.9318288e-02   1.4123805e-24   2.5000167e-23
   3.9682461e-02   1.4122904e-24   2.5000161e-23
   4.0050008e-02   1.4122034e-24   2.5000155e-23
   4.0420958e-02   1.4121196e-24   2.5000150e-23
   4.0795345e-02   1.4120387e-24   2.5000144e-23
   4.1173199e-02   1.4119608e-24   2.5000139e-23
   4.1554553e-02   1.4118856e-24   2.5000134e-23
   4.1939440e-02   1.4118131e-24   2.5000129e-23
   4.2327891e-02   1.4117431e-24   2.5000125e-23
   4.2719940e-02   1.4116757e-24   2.5000120e-23
   4.3115620e-02   1.4116106e-24   2.5000116e-23
   4.3514965e-02   1.4115479e-24   2.5000112e-23
   4.3918009e-02   1.4114874e-24   2.5000108e-23
   4.4324786e-02   1.4114291e-24   2.5000104e-23
   4.4735331e-02   1.4113728e-24   2.5000100e-23
   4.5149678e-02   1.4113185e-24   2.5000096e-23
   4.5567863e-02   1.4112662e-24   2.5000093e-23
   4.5989921e-02   1.4112157e-24   2.5000089e-23
   4.6415888e-02   1.4111670e-24   2.5000086e-23
   4.6845801e-02   1.4111201e-24   2.5000083e-23
   4.7279696e-02   1.4110748e-24   2.5000080e-23
   4.7717609e-02   1.4110311e-24   2.5000077e-23
   4.8159579e-02   1.4109889e-24   2.5000074e-23
   4.8605642e-02   1.4109483e-24   2.5000072e-23
   4.9055837e-02   1.4109091e-24   2.5000069e-23
   4.9510202e-02   1.4108713e-24   2.5000067e-23
   4.9968775e-02   1.4108348e-24   2.5000064e-23
   5.0431595e-02   1.4107996e-24   2.5000062e-23
   5.0898702e-02   1.4107656e-24   2.5000060e-23
   5.1370135e-02   1.4107329e-24   2.5000057e-23
   5.1845935e-02   1.4107013e-24   2.5000055e-23
   5.2326142e-02   1.4106708e-24   2.5000053e-23
   5.2810797e-02   1.4106414e-24   2.5000051e-23
   5.3299941e-02   1.4106131e-24   2.5000050e-23
   5.3793615e-02   1.4105857e-24   2.5000048e-23
   5.4291862e-02   1.4105593e-24   2.5000046e-23
   5.4794723e-02   1.4105339e-24   2.5000044e-23
   5.5302243e-02   1.4105093e-24   2.5000043e-23
   5.5814462e-02   1.4104856e-24   2.5000041e-23
   5.6331427e-02   1.4104627e-24   2.5000040e-23
   5.6853179e-02   1.4104407e-24   2.5000038e-23
   5.7379764e-02   1.4104194e-24   2.5000037e-23
   5.7911226e-02   1.4103988e-24   2.5000036e-23
   5.8447611e-02   1.4103790e-24   2.5000034e-23
   5.8988964e-02   1.4103599e-24   2.5000033e-23
   5.9535331e-02   1.4103414e-24   2.5000032e-23
   6.0086759e-02   1.4103236e-24   2.5000031e-23
   6.0643294e-02   1.4103064e-24   2.5000030e-23
   6.1204984e-02   1.4102899e-24   2.5000029e-23
   6.1771876e-02   1.4102739e-24   2.5000027e-23
   6.2344019e-02   1.4102584e-24   2.5000026e-23
   6.2921461e-02   1.4102435e-24   2.5000026e-23
   6.3504252e-02   1.4102291e-24   2.5000025e-23
   6.4092440e-02   1.4102153e-24   2.5000024e-23
   6.4686077e-02   1.4102019e-24   2.5000023e-23
   6.5285211e-02   1.4101889e-24   2.5000022e-23
   6.5889896e-02   1.4101765e-24   2.5000021e-23
   6.6500180e-02   1.4101644e-24   2.5000020e-23
   6.7116118e-02   1.4101528e-24   2.5000020e-23
   6.7737760e-02   1.4101416e-24   2.5000019e-23
   6.8365160e-02   1.4101307e-24   2.5000018e-23
   6.8998371e-02   1.4101203e-24   2.5000018e-23
   6.9637447e-02   1.4101102e-24   2.5000017e-23
   7.0282443e-02   1.4101005e-24   2.5000016e-23
   7.0933412e-02   1.4100911e-24   2.5000016e-23
   7.1590411e-02   1.4100820e-24   2.5000015e-23
   7.2253495e-02   1.4100732e-24   2.5000015e-23
   7.2922721e-02   1.4100648e-24   2.5000014e-23
   7.3598145e-02   1.4100566e-24   2.5000014e-23
   7.4279825e-02   1.4100487e-24   2.5000013e-23
   7.4967819e-02   1.4100411e-24   2.5000013e-23
   7.5662185e-02   1.4100337e-24   2.5000012e-23
   7.6362983e-02   1.4100266e-24   2.5000012e-23
   7.7070271e-02   1.4100198e-24   2.5000011e-23
   7.7784111e-02   1.4100132e-24   2.5000011e-23
   7.8504562e-02   1.4100068e-24   2.5000011e-23
   7.9231686e-02   1.4100006e-24   2.5000010e-23
   7.9965545e-02   1.4099946e-24   2.5000010e-23
   8.0706201e-02   1.4099889e-24   2.5000009e-23
   8.1453718e-02   1.4099833e-24   2.5000009e-23
   8.2208158e-02   1.4099779e-24   2.5000009e-23
   8.2969585e-02   1.4099727e-24   2.5000008e-23
   8.3738065e-02   1.4099677e-24   2.5000008e-23
   8.4513663e-02   1.4099629e-24   2.5000008e-23
   8.5296445e-02   1.4099582e-24   2.5000008e-23
   8.6086477e-02   1.4099537e-24   2.5000007e-23
   8.6883826e-02   1.4099493e-24   2.5000007e-23
   8.7688561e-02   1.4099451e-24   2.5000007e-23
   8.8500749e-02   1.4099411e-24   2.5000007e-23
   8.9320460e-02   1.4099371e-24   2.5000006e-23
   9.0147763e-02   1.4099333e-24   2.5000006e-23
   9.0982729e-02   1.4099296e-24   2.5000006e-23
   9.1825428e-02   1.4099261e-24   2.5000006e-23
   9.2675933e-02   1.4099227e-24   2.5000005e-23
   9.3534315e-02   1.4099194e-24   2.5000005e-23
   9.4400648e-02   1.4099161e-24   2.5000005e-23
   9.5275005e-02   1.4099131e-24   2.5000005e-23
   9.6157460e-02   1.4099101e-24   2.5000005e-23
   9.7048089e-02   1.4099072e-24   2.5000005e-23
   9.7946967e-02   1.4099044e-24   2.5000004e-23
   9.8854170e-02   1.4099017e-24   2.5000004e-23
   9.9769776e-02   1.4098991e-24   2.5000004e-23
   1.0069386e-01   1.4098965e-24   2.5000004e-23
   1.0162651e-01   1.4098941e-24   2.5000004e-23
   1.0256779e-01   1.4098917e-24   2.5000004e-23
   1.0351780e-01   1.4098895e-24   2.5000003e-23
   1.0447660e-01   1.4098873e-24   2.5000003e-23
   1.0544428e-01   1.4098851e-24   2.5000003e-23
   1.0642092e-01   1.4098831e-24   2.5000003e-23
   1.0740662e-01   1.4098811e-24   2.5000003e-23
   1.0840144e-01   1.4098791e-24   2.5000003e-23
   1.0940547e-01   1.4098773e-24   2.5000003e-23
   1.1041881e-01   1.4098755e-24   2.5000003e-23
   1.1144153e-01   1.4098737e-24   2.5000003e-23
   1.1247372e-01   1.4098720e-24   2.5000002e-23
   1.1351547e-01   1.4098704e-24   2.5000002e-23
   1.1456687e-01   1.4098688e-24   2.5000002e-23
   1.1562801e-01   1.4098673e-24   2.5000002e-23
   1.1669898e-01   1.4098658e-24   2.5000002e-23
   1.1777987e-01   1.4098644e-24   2.5000002e-23
   1.1887077e-01   1.4098630e-24   2.5000002e-23
   1.1997177e-01   1.4098617e-24   2.5000002e-23
   1.2108298e-01   1.4098604e-24   2.5000002e-23
   1.2220447e-01   1.4098591e-24   2.5000002e-23
   1.2333635e-01   1.4098579e-24   2.5000002e-23
   1.2447871e-01   1.4098567e-24   2.5000002e-23
   1.2563166e-01   1.4098556e-24   2.5000002e-23
   1.2679528e-01   1.4098545e-24   2.5000002e-23
   1.2796969e-01   1.4098534e-24   2.5000001e-23
   1.2915497e-01   1.4098524e-24   2.5000001e-23
   1.3035122e-01   1.4098514e-24   2.5000001e-23
   1.3155856e-01   1.4098504e-24   2.5000001e-23
   1.3277708e-01   1.4098495e-24   2.5000001e-23
   1.3400689e-01   1.4098486e-24   2.5000001e-23
   1.3524809e-01   1.4098477e-24   2.5000001e-23
   1.3650078e-01   1.4098469e-24   2.5000001e-23
   1.3776508e-01   1.4098460e-24   2.5000001e-23
   1.3904108e-01   1.4098452e-24   2.5000001e-23
   1.4032891e-01   1.4098445e-24   2.5000001e-23
   1.4162866e-01   1.4098437e-24   2.5000001e-23
   1.4294045e-01   1.4098430e-24   2.5000001e-23
   1.4426440e-01   1.4098423e-24   2.5000001e-23
   1.4560060e-01   1.4098416e-24   2.5000001e-23
   1.4694918e-01   1.4098409e-24   2.5000001e-23
   1.4831025e-01   1.4098403e-24   2.5000001e-23
   1.4968393e-01   1.4098397e-24   2.5000001e-23
   1.5107033e-01   1.4098391e-24   2.5000001e-23
   1.5246957e-01   1.4098385e-24   2.5000001e-23
   1.5388178e-01   1.4098379e-24   2.5000001e-23
   1.5530706e-01   1.4098374e-24   2.5000001e-23
   1.5674554e-01   1.4098369e-24   2.5000001e-23
   1.5819735e-01   1.4098364e-24   2.5000001e-23
   1.5966260e-01   1.4098359e-24   2.5000001e-23
   1.6114143e-01   1.4098354e-24   2.5000001e-23
   1.6263395e-01   1.4098349e-24   2.5000001e-23
   1.6414030e-01   1.4098344e-24   2.5000001e-23
   1.6566060e-01   1.4098340e-24   2.5000001e-23
   1.6719498e-01   1.4098336e-24   2.5000001e-23
   1.6874357e-01   1.4098332e-24   2.5000000e-23
   1.7030650e-01   1.4098328e-24   2.5000000e-23
   1.7188391e-01   1.4098324e-24   2.5000000e-23
   1.7347594e-01   1.4098320e-24   2.5000000e-23
   1.7508270e-01   1.4098316e-24   2.5000000e-23
   1.7670435e-01   1.4098313e-24   2.5000000e-23
   1.7834102e-01   1.4098309e-24   2.5000000e-23
   1.7999285e-01   1.4098306e-24   2.5000000e-23
   1.8165998e-01   1.4098303e-24   2.5000000e-23
   1.8334255e-01   1.4098299e-24   2.5000000e-23
   1.8504070e-01   1.4098296e-24   2.5000000e-23
   1.8675458e-01   1.4098293e-24   2.5000000e-23
   1.8848434e-01   1.4098290e-24   2.5000000e-23
   1.9023012e-01   1.4098288e-24   2.5000000e-23
   1.9199207e-01   1.4098285e-24   2.5000000e-23
   1.9377033e-01   1.4098282e-24   2.5000000e-23
   1.9556507e-01   1.4098280e-24   2.5000000e-23
   1.9737643e-01   1.4098277e-24   2.5000000e-23
   1.9920457e-01   1.4098275e-24   2.5000000e-23
   2.0104964e-01   1.4098272e-24   2.5000000e-23
   2.0291180e-01   1.4098270e-24   2.5000000e-23
   2.0479121e-01   1.4098268e-24   2.5000000e-23
   2.0668802e-01   1.4098266e-24   2.5000000e-23
   2.0860241e-01   1.4098264e-24   2.5000000e-23
   2.1053452e-01   1.4098261e-24   2.5000000e-23
   2.1248454e-01   1.4098259e-24   2.5000000e-23
   2.1445261e-01   1.4098258e-24   2.5000000e-23
   2.1643891e-01   1.4098256e-24   2.5000000e-23
   2.1844361e-01   1.4098254e-24   2.5000000e-23
   2.2046687e-01   1.4098252e-24   2.5000000e-23
   2.2250888e-01   1.4098250e-24   2.5000000e-23
   2.2456980e-01   1.4098249e-24   2.5000000e-23
   2.2664981e-01   1.4098247e-24   2.5000000e-23
   2.2874908e-01   1.4098245e-24   2.5000000e-23
   2.3086780e-01   1.4098244e-24   2.5000000e-23
   2.3300614e-01   1.4098242e-24   2.5000000e-23
   2.3516429e-01   1.4098241e-24   2.5000000e-23
   2.3734243e-01   1.4098239e-24   2.5000000e-23
   2.3954074e-01   1.4098238e-24   2.5000000e-23
   2.4175941e-01   1.4098237e-24   2.5000000e-23
   2.4399863e-01   1.4098235e-24   2.5000000e-23
   2.4625859e-01   1.4098234e-24   2.5000000e-23
   2.4853949e-01   1.4098233e-24   2.5000000e-23
   2.5084151e-01   1.4098232e-24   2.5000000e-23
   2.5316485e-01   1.4098230e-24   2.5000000e-23
   2.5550971e-01   1.4098229e-24   2.5000000e-23
   2.5787629e-01   1.4098228e-24   2.5000000e-23
   2.6026479e-01   1.4098227e-24   2.5000000e-23
   2.6267541e-01   1.4098226e-24   2.5000000e-23
   2.6510836e-01   1.4098225e-24   2.5000000e-23
   2.6756384e-01   1.4098224e-24   2.5000000e-23
   2.7004207e-01   1.4098223e-24   2.5000000e-23
   2.7254325e-01   1.4098222e-24   2.5000000e-23
   2.7506760e-01   1.4098221e-24   2.5000000e-23
   2.7761533e-01   1.4098220e-24   2.5000000e-23
   2.8018666e-01   1.4098219e-24   2.5000000e-23
   2.8278180e-01   1.4098218e-24   2.5000000e-23
   2.8540098e-01   1.4098218e-24   2.5000000e-23
   2.8804442e-01   1.4098217e-24   2.5000000e-23
   2.9071234e-01   1.4098216e-24   2.5000000e-23
   2.9340497e-01   1.4098215e-24   2.5000000e-23
   2.9612254e-01   1.4098214e-24   2.5000000e-23
   2.9886529e-01   1.4098214e-24   2.5000000e-23
   3.0163343e-01   1.4098213e-24   2.5000000e-23
   3.0442722e-01   1.4098212e-24   2.5000000e-23
   3.0724688e-01   1.4098212e-24   2.5000000e-23
   3.1009266e-01   1.4098211e-24   2.5000000e-23
   3.1296480e-01   1.4098210e-24   2.5000000e-23
   3.1586354e-01   1.4098210e-24   2.5000000e-23
   3.1878913e-01   1.4098209e-24   2.5000000e-23
   3.2174182e-01   1.4098208e-24   2.5000000e-23
   3.2472185e-01   1.4098208e-24   2.5000000e-23
   3.2772948e-01   1.4098207e-24   2.5000000e-23
   3.3076498e-01   1.4098207e-24   2.5000000e-23
   3.3382859e-01   1.4098206e-24   2.5000000e-23
   3.3692057e-01   1.4098206e-24   2.5000000e-23
   3.4004119e-01   1.4098205e-24   2.5000000e-23
   3.4319072e-01   1.4098205e-24   2.5000000e-23
   3.4636942e-01   1.4098204e-24   2.5000000e-23
   3.4957756e-01   1.4098204e-24   2.5000000e-23
   3.5281541e-01   1.4098203e-24   2.5000000e-23
   3.5608326e-01   1.4098203e-24   2.5000000e-23
   3.5938137e-01   1.4098202e-24   2.5000000e-23
   3.6271003e-01   1.4098202e-24   2.5000000e-23
   3.6606951e-01   1.4098201e-24   2.5000000e-23
   3.6946012e-01   1.4098201e-24   2.5000000e-23
   3.7288213e-01   1.4098200e-24   2.5000000e-23
   3.7633584e-01   1.4098200e-24   2.5000000e-23
   3.7982153e-01   1.4098200e-24   2.5000000e-23
   3.8333951e-01   1.4098199e-24   2.5000000e-23
   3.8689007e-01   1.4098199e-24   2.5000000e-23
   3.9047352e-01   1.4098198e-24   2.5000000e-23
   3.9409016e-01   1.4098198e-24   2.5000000e-23
   3.9774030e-01   1.4098198e-24   2.5000000e-23
   4.0142425e-01   1.4098197e-24   2.5000000e-23
   4.0514232e-01   1.4098197e-24   2.5000000e-23
   4.0889482e-01   1.4098197e-24   2.5000000e-23
   4.1268208e-01   1.4098196e-24   2.5000000e-23
   4.1650442e-01   1.4098196e-24   2.5000000e-23
   4.2036217e-01   1.4098196e-24   2.5000000e-23
   4.2425564e-01   1.4098196e-24   2.5000000e-23
   4.2818518e-01   1.4098195e-24   2.5000000e-23
   4.3215111e-01   1.4098195e-24   2.5000000e-23
   4.3615378e-01   1.4098195e-24   2.5000000e-23
   4.4019352e-01   1.4098194e-24   2.5000000e-23
   4.4427067e-01   1.4098194e-24   2.5000000e-23
   4.4838559e-01   1.4098194e-24   2.5000000e-23
   4.5253863e-01   1.4098194e-24   2.5000000e-23
   4.5673013e-01   1.4098193e-24   2.5000000e-23
   4.6096045e-01   1.4098193e-24   2.5000000e-23
   4.6522995e-01   1.4098193e-24   2.5000000e-23
   4.6953900e-01   1.4098193e-24   2.5000000e-23
   4.7388796e-01   1.4098192e-24   2.5000000e-23
   4.7827720e-01   1.4098192e-24   2.5000000e-23
   4.8270710e-01   1.4098192e-24   2.5000000e-23
   4.8717802e-01   1.4098192e-24   2.5000000e-23
   4.9169036e-01   1.4098192e-24   2.5000000e-23
   4.9624449e-01   1.4098191e-24   2.5000000e-23
   5.0084080e-01   1.4098191e-24   2.5000000e-23
   5.0547968e-01   1.4098191e-24   2.5000000e-23
   5.1016153e-01   1.4098191e-24   2.5000000e-23
   5.1488675e-01   1.4098191e-24   2.5000000e-23
   5.1965572e-01   1.4098190e-24   2.5000000e-23
   5.2446887e-01   1.4098190e-24   2.5000000e-23
   5.2932661e-01   1.4098190e-24   2.5000000e-23
   5.3422933e-01   1.4098190e-24   2.5000000e-23
   5.3917746e-01   1.4098190e-24   2.5000000e-23
   5.4417143e-01   1.4098189e-24   2.5000000e-23
   5.4921165e-01   1.4098189e-24   2.5000000e-23
   5.5429855e-01   1.4098189e-24   2.5000000e-23
   5.5943257e-01   1.4098189e-24   2.5000000e-23
   5.6461414e-01   1.4098189e-24   2.5000000e-23
   5.6984371e-01   1.4098189e-24   2.5000000e-23
   5.7512171e-01   1.4098189e-24   2.5000000e-23
   5.8044859e-01   1.4098188e-24   2.5000000e-23
   5.8582482e-01   1.4098188e-24   2.5000000e-23
   5.9125084e-01   1.4098188e-24   2.5000000e-23
   5.9672712e-01   1.4098188e-24   2.5000000e-23
   6.0225412e-01   1.4098188e-24   2.5000000e-23
   6.0783231e-01   1.4098188e-24   2.5000000e-23
   6.1346217e-01   1.4098188e-24   2.5000000e-23
   6.1914418e-01   1.4098187e-24   2.5000000e-23
   6.2487881e-01   1.4098187e-24   2.5000000e-23
   6.3066655e-01   1.4098187e-24   2.5000000e-23
   6.3650791e-01   1.4098187e-24   2.5000000e-23
   6.4240337e-01   1.4098187e-24   2.5000000e-23
   6.4835343e-01   1.4098187e-24   2.5000000e-23
   6.5435860e-01   1.4098187e-24   2.5000000e-23
   6.6041940e-01   1.4098187e-24   2.5000000e-23
   6.6653633e-01   1.4098187e-24   2.5000000e-23
   6.7270991e-01   1.4098186e-24   2.5000000e-23
   6.7894068e-01   1.4098186e-24   2.5000000e-23
   6.8522916e-01   1.4098186e-24   2.5000000e-23
   6.9157588e-01   1.4098186e-24   2.5000000e-23
   6.9798139e-01   1.4098186e-24   2.5000000e-23
   7.0444623e-01   1.4098186e-24   2.5000000e-23
   7.1097094e-01   1.4098186e-24   2.5000000e-23
   7.1755609e-01   1.4098186e-24   2.5000000e-23
   7.2420223e-01   1.4098186e-24   2.5000000e-23
   7.3090993e-01   1.4098186e-24   2.5000000e-23
   7.3767976e-01   1.4098186e-24   2.5000000e-23
   7.4451229e-01   1.4098185e-24   2.5000000e-23
   7.5140811e-01   1.4098185e-24   2.5000000e-23
   7.5836779e-01   1.4098185e-24   2.5000000e-23
   7.6539194e-01   1.4098185e-24   2.5000000e-23
   7.7248115e-01   1.4098185e-24   2.5000000e-23
   7.7963601e-01   1.4098185e-24   2.5000000e-23
   7.8685715e-01   1.4098185e-24   2.5000000e-23
   7.9414517e-01   1.4098185e-24   2.5000000e-23
   8.0150070e-01   1.4098185e-24   2.5000000e-23
   8.0892435e-01   1.4098185e-24   2.5000000e-23
   8.1641676e-01   1.4098185e-24   2.5000000e-23
   8.2397857e-01   1.4098185e-24   2.5000000e-23
   8.3161042e-01   1.4098185e-24   2.5000000e-23
   8.3931295e-01   1.4098185e-24   2.5000000e-23
   8.4708683e-01   1.4098184e-24   2.5000000e-23
   8.5493271e-01   1.4098184e-24   2.5000000e-23
   8.6285126e-01   1.4098184e-24   2.5000000e-23
   8.7084315e-01   1.4098184e-24   2.5000000e-23
   8.7890907e-01   1.4098184e-24   2.5000000e-23
   8.8704969e-01   1.4098184e-24   2.5000000e-23
   8.9526571e-01   1.4098184e-24   2.5000000e-23
   9.0355783e-01   1.4098184e-24   2.5000000e-23
   9.1192676e-01   1.4098184e-24   2.5000000e-23
   9.2037320e-01   1.4098184e-24   2.5000000e-23
   9.2889787e-01   1.4098184e-24   2.5000000e-23
   9.3750150e-01   1.4098184e-24   2.5000000e-23
   9.4618482e-01   1.4098184e-24   2.5000000e-23
   9.5494856e-01   1.4098184e-24   2.5000000e-23
   9.6379348e-01   1.4098184e-24   2.5000000e-23
   9.7272032e-01   1.4098184e-24   2.5000000e-23
   9.8172984e-01   1.4098184e-24   2.5000000e-23
   9.9082281e-01   1.4098184e-24   2.5000000e-23
   1.0000000e+00   1.4098184e-24   2.5000000e-23
