   1.0000000e+01   1.2106707e-44
   1.0023060e+01   1.1857975e-44
   1.0046173e+01   1.1617533e-44
   1.0069340e+01   1.1384779e-44
   1.0092560e+01   1.1159180e-44
   1.0115833e+01   1.0940271e-44
   1.0139161e+01   1.0727636e-44
   1.0162542e+01   1.0520906e-44
   1.0185976e+01   1.0319750e-44
   1.0209465e+01   1.0123869e-44
   1.0233008e+01   9.9329964e-45
   1.0256606e+01   9.7468853e-45
   1.0280258e+01   9.5653132e-45
   1.0303964e+01   9.3880777e-45
   1.0327725e+01   9.2149920e-45
   1.0351541e+01   9.0458851e-45
   1.0375412e+01   8.8805988e-45
   1.0399337e+01   8.7189866e-45
   1.0423318e+01   8.5609154e-45
   1.0447355e+01   8.4062714e-45
   1.0471446e+01   8.2549517e-45
   1.0495594e+01   8.1068602e-45
   1.0519796e+01   7.9619071e-45
   1.0544055e+01   7.8200078e-45
   1.0568370e+01   7.6810834e-45
   1.0592741e+01   7.5450585e-45
   1.0617168e+01   7.4118614e-45
   1.0641651e+01   7.2814122e-45
   1.0666191e+01   7.1536280e-45
   1.0690787e+01   7.0284303e-45
   1.0715440e+01   6.9057438e-45
   1.0740150e+01   6.7854963e-45
   1.0764917e+01   6.6676192e-45
   1.0789741e+01   6.5520462e-45
   1.0814622e+01   6.4387142e-45
   1.0839560e+01   6.3275634e-45
   1.0864557e+01   6.2185368e-45
   1.0889610e+01   6.1115795e-45
   1.0914722e+01   6.0066392e-45
   1.0939891e+01   5.9036647e-45
   1.0965119e+01   5.8026069e-45
   1.0990404e+01   5.7034186e-45
   1.1015748e+01   5.6060548e-45
   1.1041151e+01   5.5104799e-45
   1.1066612e+01   5.4166659e-45
   1.1092131e+01   5.3245856e-45
   1.1117710e+01   5.2342123e-45
   1.1143347e+01   5.1455201e-45
   1.1169044e+01   5.0584835e-45
   1.1194800e+01   4.9730779e-45
   1.1220615e+01   4.8892803e-45
   1.1246490e+01   4.8070806e-45
   1.1272425e+01   4.7264733e-45
   1.1298419e+01   4.6474531e-45
   1.1324473e+01   4.5700143e-45
   1.1350587e+01   4.4941514e-45
   1.1376762e+01   4.4198583e-45
   1.1402997e+01   4.3471298e-45
   1.1429292e+01   4.2759465e-45
   1.1455648e+01   4.2062535e-45
   1.1482065e+01   4.1379899e-45
   1.1508543e+01   4.0710977e-45
   1.1535082e+01   4.0055193e-45
   1.1561682e+01   3.9411997e-45
   1.1588343e+01   3.8780846e-45
   1.1615066e+01   3.8161220e-45
   1.1641850e+01   3.7552768e-45
   1.1668696e+01   3.6955279e-45
   1.1695605e+01   3.6368551e-45
   1.1722575e+01   3.5792383e-45
   1.1749607e+01   3.5226585e-45
   1.1776702e+01   3.4670962e-45
   1.1803859e+01   3.4125332e-45
   1.1831079e+01   3.3589478e-45
   1.1858361e+01   3.3063107e-45
   1.1885707e+01   3.2545913e-45
   1.1913115e+01   3.2037599e-45
   1.1940587e+01   3.1537876e-45
   1.1968122e+01   3.1046457e-45
   1.1995721e+01   3.0563065e-45
   1.2023383e+01   3.0087454e-45
   1.2051109e+01   2.9619546e-45
   1.2078899e+01   2.9159331e-45
   1.2106753e+01   2.8706801e-45
   1.2134671e+01   2.8261945e-45
   1.2162654e+01   2.7824753e-45
   1.2190701e+01   2.7395213e-45
   1.2218813e+01   2.6973315e-45
   1.2246989e+01   2.6559008e-45
   1.2275231e+01   2.6152226e-45
   1.2303538e+01   2.5752899e-45
   1.2331910e+01   2.5360964e-45
   1.2360347e+01   2.4976354e-45
   1.2388850e+01   2.4599007e-45
   1.2417419e+01   2.4228854e-45
   1.2446054e+01   2.3865718e-45
   1.2474755e+01   2.3509347e-45
   1.2503521e+01   2.3159489e-45
   1.2532355e+01   2.2815900e-45
   1.2561254e+01   2.2478338e-45
   1.2590221e+01   2.2146567e-45
   1.2619254e+01   2.1820356e-45
   1.2648354e+01   2.1499510e-45
   1.2677521e+01   2.1183859e-45
   1.2706756e+01   2.0873234e-45
   1.2736058e+01   2.0567471e-45
   1.2765427e+01   2.0266411e-45
   1.2794864e+01   1.9969894e-45
   1.2824369e+01   1.9677767e-45
   1.2853942e+01   1.9389886e-45
   1.2883584e+01   1.9106116e-45
   1.2913293e+01   1.8826320e-45
   1.2943071e+01   1.8550370e-45
   1.2972918e+01   1.8278138e-45
   1.3002834e+01   1.8009501e-45
   1.3032818e+01   1.7744321e-45
   1.3062872e+01   1.7482423e-45
   1.3092995e+01   1.7223625e-45
   1.3123188e+01   1.6967754e-45
   1.3153450e+01   1.6714643e-45
   1.3183782e+01   1.6464127e-45
   1.3214184e+01   1.6216061e-45
   1.3244656e+01   1.5970452e-45
   1.3275198e+01   1.5727475e-45
   1.3305811e+01   1.5487306e-45
   1.3336494e+01   1.5250116e-45
   1.3367248e+01   1.5016068e-45
   1.3398073e+01   1.4785317e-45
   1.3428969e+01   1.4557992e-45
   1.3459937e+01   1.4334121e-45
   1.3490975e+01   1.4113699e-45
   1.3522086e+01   1.3896722e-45
   1.3553268e+01   1.3683185e-45
   1.3584522e+01   1.3473078e-45
   1.3615848e+01   1.3266393e-45
   1.3647246e+01   1.3063090e-45
   1.3678716e+01   1.2863105e-45
   1.3710260e+01   1.2666371e-45
   1.3741876e+01   1.2472824e-45
   1.3773565e+01   1.2282401e-45
   1.3805326e+01   1.2095042e-45
   1.3837162e+01   1.1910691e-45
   1.3869070e+01   1.1729304e-45
   1.3901052e+01   1.1550839e-45
   1.3933108e+01   1.1375254e-45
   1.3965238e+01   1.1202509e-45
   1.3997442e+01   1.1032565e-45
   1.4029720e+01   1.0865377e-45
   1.4062073e+01   1.0700901e-45
   1.4094500e+01   1.0539083e-45
   1.4127002e+01   1.0379877e-45
   1.4159579e+01   1.0223234e-45
   1.4192231e+01   1.0069106e-45
   1.4224959e+01   9.9174518e-46
   1.4257762e+01   9.7682446e-46
   1.4290640e+01   9.6214666e-46
   1.4323594e+01   9.4771007e-46
   1.4356625e+01   9.3351276e-46
   1.4389731e+01   9.1955298e-46
   1.4422914e+01   9.0582821e-46
   1.4456173e+01   8.9233041e-46
   1.4489510e+01   8.7904838e-46
   1.4522922e+01   8.6597134e-46
   1.4556412e+01   8.5308898e-46
   1.4589980e+01   8.4039140e-46
   1.4623624e+01   8.2786919e-46
   1.4657346e+01   8.1551356e-46
   1.4691146e+01   8.0331607e-46
   1.4725024e+01   7.9126900e-46
   1.4758980e+01   7.7936481e-46
   1.4793015e+01   7.6759656e-46
   1.4827127e+01   7.5595891e-46
   1.4861319e+01   7.4445491e-46
   1.4895589e+01   7.3309039e-46
   1.4929939e+01   7.2187180e-46
   1.4964367e+01   7.1080455e-46
   1.4998875e+01   6.9989364e-46
   1.5033463e+01   6.8914330e-46
   1.5068130e+01   6.7855499e-46
   1.5102877e+01   6.6812918e-46
   1.5137704e+01   6.5786648e-46
   1.5172612e+01   6.4776704e-46
   1.5207600e+01   6.3783104e-46
   1.5242669e+01   6.2805883e-46
   1.5277819e+01   6.1845149e-46
   1.5313050e+01   6.0900990e-46
   1.5348362e+01   5.9973463e-46
   1.5383755e+01   5.9062609e-46
   1.5419230e+01   5.8168429e-46
   1.5454787e+01   5.7290759e-46
   1.5490426e+01   5.6429280e-46
   1.5526147e+01   5.5583692e-46
   1.5561950e+01   5.4753693e-46
   1.5597836e+01   5.3938985e-46
   1.5633805e+01   5.3139387e-46
   1.5669857e+01   5.2355311e-46
   1.5705991e+01   5.1587260e-46
   1.5742210e+01   5.0835670e-46
   1.5778511e+01   5.0100925e-46
   1.5814897e+01   4.9383324e-46
   1.5851366e+01   4.8682407e-46
   1.5887919e+01   4.7996853e-46
   1.5924557e+01   4.7325366e-46
   1.5961279e+01   4.6666740e-46
   1.5998086e+01   4.6019839e-46
   1.6034978e+01   4.5383643e-46
   1.6071954e+01   4.4757409e-46
   1.6109016e+01   4.4140518e-46
   1.6146164e+01   4.3532365e-46
   1.6183397e+01   4.2932399e-46
   1.6220716e+01   4.2340149e-46
   1.6258121e+01   4.1755886e-46
   1.6295613e+01   4.1180471e-46
   1.6333190e+01   4.0614688e-46
   1.6370855e+01   4.0059266e-46
   1.6408606e+01   3.9514840e-46
   1.6446445e+01   3.8981559e-46
   1.6484370e+01   3.8458677e-46
   1.6522383e+01   3.7945408e-46
   1.6560484e+01   3.7441000e-46
   1.6598673e+01   3.6944749e-46
   1.6636949e+01   3.6456117e-46
   1.6675314e+01   3.5975096e-46
   1.6713768e+01   3.5501818e-46
   1.6752310e+01   3.5036394e-46
   1.6790941e+01   3.4578912e-46
   1.6829661e+01   3.4129411e-46
   1.6868470e+01   3.3687486e-46
   1.6907369e+01   3.3252569e-46
   1.6946357e+01   3.2824123e-46
   1.6985436e+01   3.2401642e-46
   1.7024604e+01   3.1984726e-46
   1.7063863e+01   3.1574013e-46
   1.7103213e+01   3.1170782e-46
   1.7142653e+01   3.0776225e-46
   1.7182184e+01   3.0391451e-46
   1.7221806e+01   3.0017482e-46
   1.7261520e+01   2.9654948e-46
   1.7301325e+01   2.9304160e-46
   1.7341222e+01   2.8965518e-46
   1.7381211e+01   2.8639521e-46
   1.7421292e+01   2.8326751e-46
   1.7461466e+01   2.8026590e-46
   1.7501732e+01   2.7737174e-46
   1.7542091e+01   2.7456483e-46
   1.7582543e+01   2.7182305e-46
   1.7623089e+01   2.6912307e-46
   1.7663728e+01   2.6645329e-46
   1.7704460e+01   2.6381302e-46
   1.7745287e+01   2.6120226e-46
   1.7786208e+01   2.5862117e-46
   1.7827223e+01   2.5606983e-46
   1.7868333e+01   2.5354422e-46
   1.7909537e+01   2.5103766e-46
   1.7950837e+01   2.4854317e-46
   1.7992231e+01   2.4605376e-46
   1.8033722e+01   2.4356269e-46
   1.8075308e+01   2.4106435e-46
   1.8116989e+01   2.3855389e-46
   1.8158767e+01   2.3602678e-46
   1.8200642e+01   2.3347874e-46
   1.8242612e+01   2.3090638e-46
   1.8284680e+01   2.2830820e-46
   1.8326845e+01   2.2568350e-46
   1.8369106e+01   2.2303203e-46
   1.8411466e+01   2.2035422e-46
   1.8453923e+01   2.1765319e-46
   1.8496478e+01   2.1493651e-46
   1.8539131e+01   2.1221209e-46
   1.8581882e+01   2.0948764e-46
   1.8624732e+01   2.0677062e-46
   1.8667681e+01   2.0406671e-46
   1.8710728e+01   2.0138037e-46
   1.8753876e+01   1.9871585e-46
   1.8797122e+01   1.9607720e-46
   1.8840468e+01   1.9346885e-46
   1.8883915e+01   1.9089774e-46
   1.8927461e+01   1.8837085e-46
   1.8971108e+01   1.8589403e-46
   1.9014856e+01   1.8347204e-46
   1.9058704e+01   1.8110479e-46
   1.9102653e+01   1.7878653e-46
   1.9146704e+01   1.7651192e-46
   1.9190857e+01   1.7427667e-46
   1.9235111e+01   1.7207969e-46
   1.9279467e+01   1.6993597e-46
   1.9323926e+01   1.6786366e-46
   1.9368487e+01   1.6587621e-46
   1.9413151e+01   1.6398383e-46
   1.9457918e+01   1.6218343e-46
   1.9502788e+01   1.6045335e-46
   1.9547762e+01   1.5877303e-46
   1.9592839e+01   1.5712354e-46
   1.9638020e+01   1.5548878e-46
   1.9683305e+01   1.5386673e-46
   1.9728695e+01   1.5226087e-46
   1.9774190e+01   1.5067447e-46
   1.9819789e+01   1.4911069e-46
   1.9865494e+01   1.4757053e-46
   1.9911304e+01   1.4605283e-46
   1.9957219e+01   1.4455626e-46
   2.0003241e+01   1.4307956e-46
   2.0049369e+01   1.4162183e-46
   2.0095603e+01   1.4018285e-46
   2.0141943e+01   1.3876253e-46
   2.0188391e+01   1.3736086e-46
   2.0234945e+01   1.3597775e-46
   2.0281607e+01   1.3461290e-46
   2.0328377e+01   1.3326601e-46
   2.0375254e+01   1.3193670e-46
   2.0422240e+01   1.3062467e-46
   2.0469333e+01   1.2932959e-46
   2.0516536e+01   1.2805124e-46
   2.0563847e+01   1.2678940e-46
   2.0611268e+01   1.2554380e-46
   2.0658797e+01   1.2431420e-46
   2.0706437e+01   1.2310038e-46
   2.0754186e+01   1.2190205e-46
   2.0802045e+01   1.2071898e-46
   2.0850015e+01   1.1955093e-46
   2.0898095e+01   1.1839773e-46
   2.0946286e+01   1.1725914e-46
   2.0994589e+01   1.1613498e-46
   2.1043002e+01   1.1502509e-46
   2.1091528e+01   1.1392926e-46
   2.1140165e+01   1.1284728e-46
   2.1188914e+01   1.1177900e-46
   2.1237776e+01   1.1072423e-46
   2.1286750e+01   1.0968277e-46
   2.1335838e+01   1.0865440e-46
   2.1385039e+01   1.0763897e-46
   2.1434353e+01   1.0663627e-46
   2.1483780e+01   1.0564612e-46
   2.1533322e+01   1.0466835e-46
   2.1582978e+01   1.0370280e-46
   2.1632749e+01   1.0274924e-46
   2.1682634e+01   1.0180758e-46
   2.1732634e+01   1.0087758e-46
   2.1782750e+01   9.9959114e-47
   2.1832981e+01   9.9052005e-47
   2.1883328e+01   9.8156103e-47
   2.1933791e+01   9.7271238e-47
   2.1984371e+01   9.6397259e-47
   2.2035067e+01   9.5534016e-47
   2.2085880e+01   9.4681356e-47
   2.2136810e+01   9.3839126e-47
   2.2187858e+01   9.3007182e-47
   2.2239023e+01   9.2185376e-47
   2.2290306e+01   9.1373571e-47
   2.2341708e+01   9.0571629e-47
   2.2393228e+01   8.9779415e-47
   2.2444867e+01   8.8996794e-47
   2.2496625e+01   8.8223623e-47
   2.2548503e+01   8.7459762e-47
   2.2600500e+01   8.6705070e-47
   2.2652617e+01   8.5959418e-47
   2.2704854e+01   8.5222712e-47
   2.2757211e+01   8.4494864e-47
   2.2809689e+01   8.3775793e-47
   2.2862289e+01   8.3065350e-47
   2.2915009e+01   8.2363268e-47
   2.2967852e+01   8.1669279e-47
   2.3020816e+01   8.0983122e-47
   2.3073902e+01   8.0304607e-47
   2.3127110e+01   7.9633657e-47
   2.3180442e+01   7.8970184e-47
   2.3233896e+01   7.8314114e-47
   2.3287474e+01   7.7665384e-47
   2.3341175e+01   7.7023951e-47
   2.3395000e+01   7.6389757e-47
   2.3448949e+01   7.5762758e-47
   2.3503022e+01   7.5142908e-47
   2.3557220e+01   7.4530157e-47
   2.3611543e+01   7.3924460e-47
   2.3665992e+01   7.3325748e-47
   2.3720566e+01   7.2733908e-47
   2.3775265e+01   7.2148829e-47
   2.3830091e+01   7.1570407e-47
   2.3885044e+01   7.0998661e-47
   2.3940123e+01   7.0433700e-47
   2.3995329e+01   6.9875629e-47
   2.4050662e+01   6.9324526e-47
   2.4106123e+01   6.8780430e-47
   2.4161712e+01   6.8243374e-47
   2.4217429e+01   6.7713375e-47
   2.4273275e+01   6.7190261e-47
   2.4329249e+01   6.6673576e-47
   2.4385353e+01   6.6162851e-47
   2.4441586e+01   6.5657676e-47
   2.4497948e+01   6.5157931e-47
   2.4554441e+01   6.4663638e-47
   2.4611063e+01   6.4174822e-47
   2.4667817e+01   6.3691467e-47
   2.4724701e+01   6.3213497e-47
   2.4781716e+01   6.2740817e-47
   2.4838863e+01   6.2273342e-47
   2.4896142e+01   6.1810986e-47
   2.4953552e+01   6.1353661e-47
   2.5011095e+01   6.0901288e-47
   2.5068771e+01   6.0453825e-47
   2.5126580e+01   6.0011345e-47
   2.5184522e+01   5.9573922e-47
   2.5242598e+01   5.9141615e-47
   2.5300807e+01   5.8714375e-47
   2.5359151e+01   5.8292101e-47
   2.5417630e+01   5.7874692e-47
   2.5476243e+01   5.7462056e-47
   2.5534991e+01   5.7054107e-47
   2.5593875e+01   5.6650749e-47
   2.5652895e+01   5.6251905e-47
   2.5712050e+01   5.5857491e-47
   2.5771343e+01   5.5467423e-47
   2.5830772e+01   5.5081628e-47
   2.5890338e+01   5.4700022e-47
   2.5950041e+01   5.4322532e-47
   2.6009882e+01   5.3949084e-47
   2.6069861e+01   5.3579602e-47
   2.6129978e+01   5.3214017e-47
   2.6190234e+01   5.2852254e-47
   2.6250629e+01   5.2494247e-47
   2.6311163e+01   5.2139922e-47
   2.6371837e+01   5.1789215e-47
   2.6432650e+01   5.1442057e-47
   2.6493604e+01   5.1098382e-47
   2.6554699e+01   5.0758123e-47
   2.6615934e+01   5.0421219e-47
   2.6677311e+01   5.0087606e-47
   2.6738829e+01   4.9757223e-47
   2.6800489e+01   4.9430010e-47
   2.6862291e+01   4.9105907e-47
   2.6924236e+01   4.8784858e-47
   2.6986323e+01   4.8466805e-47
   2.7048554e+01   4.8151697e-47
   2.7110928e+01   4.7839480e-47
   2.7173446e+01   4.7530105e-47
   2.7236108e+01   4.7223526e-47
   2.7298915e+01   4.6919693e-47
   2.7361866e+01   4.6618557e-47
   2.7424963e+01   4.6320069e-47
   2.7488205e+01   4.6024204e-47
   2.7551593e+01   4.5730961e-47
   2.7615127e+01   4.5440341e-47
   2.7678808e+01   4.5152343e-47
   2.7742636e+01   4.4866963e-47
   2.7806610e+01   4.4584197e-47
   2.7870732e+01   4.4304040e-47
   2.7935003e+01   4.4026485e-47
   2.7999421e+01   4.3751524e-47
   2.8063988e+01   4.3479147e-47
   2.8128704e+01   4.3209344e-47
   2.8193569e+01   4.2942107e-47
   2.8258583e+01   4.2677421e-47
   2.8323748e+01   4.2415274e-47
   2.8389062e+01   4.2155653e-47
   2.8454528e+01   4.1898543e-47
   2.8520144e+01   4.1643928e-47
   2.8585912e+01   4.1391791e-47
   2.8651831e+01   4.1142113e-47
   2.8717903e+01   4.0894875e-47
   2.8784126e+01   4.0650059e-47
   2.8850503e+01   4.0407645e-47
   2.8917032e+01   4.0167611e-47
   2.8983715e+01   3.9929934e-47
   2.9050552e+01   3.9694594e-47
   2.9117543e+01   3.9461565e-47
   2.9184688e+01   3.9230827e-47
   2.9251988e+01   3.9002353e-47
   2.9319443e+01   3.8776121e-47
   2.9387054e+01   3.8552104e-47
   2.9454821e+01   3.8330280e-47
   2.9522744e+01   3.8110623e-47
   2.9590824e+01   3.7893110e-47
   2.9659060e+01   3.7677717e-47
   2.9727454e+01   3.7464415e-47
   2.9796006e+01   3.7253183e-47
   2.9864716e+01   3.7043996e-47
   2.9933584e+01   3.6836831e-47
   3.0002611e+01   3.6631670e-47
   3.0071797e+01   3.6428489e-47
   3.0141143e+01   3.6227237e-47
   3.0210649e+01   3.6027861e-47
   3.0280315e+01   3.5830319e-47
   3.0350142e+01   3.5634585e-47
   3.0420129e+01   3.5440639e-47
   3.0490278e+01   3.5248458e-47
   3.0560589e+01   3.5058017e-47
   3.0631062e+01   3.4869294e-47
   3.0701697e+01   3.4682267e-47
   3.0772496e+01   3.4496916e-47
   3.0843457e+01   3.4313217e-47
   3.0914583e+01   3.4131152e-47
   3.0985872e+01   3.3950695e-47
   3.1057326e+01   3.3771825e-47
   3.1128944e+01   3.3594529e-47
   3.1200728e+01   3.3418799e-47
   3.1272677e+01   3.3244617e-47
   3.1344792e+01   3.3071932e-47
   3.1417073e+01   3.2900686e-47
   3.1489521e+01   3.2730907e-47
   3.1562136e+01   3.2562785e-47
   3.1634919e+01   3.2396519e-47
   3.1707869e+01   3.2232082e-47
   3.1780988e+01   3.2069208e-47
   3.1854275e+01   3.1907634e-47
   3.1927731e+01   3.1747300e-47
   3.2001357e+01   3.1588249e-47
   3.2075152e+01   3.1430517e-47
   3.2149118e+01   3.1274077e-47
   3.2223254e+01   3.1118887e-47
   3.2297561e+01   3.0964916e-47
   3.2372039e+01   3.0812144e-47
   3.2446689e+01   3.0660558e-47
   3.2521512e+01   3.0510141e-47
   3.2596506e+01   3.0360873e-47
   3.2671674e+01   3.0212737e-47
   3.2747015e+01   3.0065710e-47
   3.2822530e+01   2.9919773e-47
   3.2898219e+01   2.9774917e-47
   3.2974083e+01   2.9631154e-47
   3.3050121e+01   2.9488502e-47
   3.3126335e+01   2.9346965e-47
   3.3202725e+01   2.9206540e-47
   3.3279290e+01   2.9067225e-47
   3.3356033e+01   2.8929013e-47
   3.3432952e+01   2.8791898e-47
   3.3510049e+01   2.8655870e-47
   3.3587323e+01   2.8520924e-47
   3.3664776e+01   2.8387055e-47
   3.3742407e+01   2.8254254e-47
   3.3820217e+01   2.8122515e-47
   3.3898207e+01   2.7991830e-47
   3.3976376e+01   2.7862192e-47
   3.4054726e+01   2.7733592e-47
   3.4133257e+01   2.7606026e-47
   3.4211968e+01   2.7479482e-47
   3.4290861e+01   2.7353954e-47
   3.4369936e+01   2.7229435e-47
   3.4449194e+01   2.7105914e-47
   3.4528634e+01   2.6983384e-47
   3.4608257e+01   2.6861836e-47
   3.4688064e+01   2.6741262e-47
   3.4768055e+01   2.6621653e-47
   3.4848230e+01   2.6503001e-47
   3.4928590e+01   2.6385294e-47
   3.5009136e+01   2.6268527e-47
   3.5089867e+01   2.6152688e-47
   3.5170785e+01   2.6037770e-47
   3.5251889e+01   2.5923762e-47
   3.5333180e+01   2.5810657e-47
   3.5414659e+01   2.5698444e-47
   3.5496325e+01   2.5587114e-47
   3.5578180e+01   2.5476660e-47
   3.5660224e+01   2.5367071e-47
   3.5742456e+01   2.5258338e-47
   3.5824879e+01   2.5150451e-47
   3.5907491e+01   2.5043401e-47
   3.5990294e+01   2.4937186e-47
   3.6073288e+01   2.4831800e-47
   3.6156473e+01   2.4727225e-47
   3.6239850e+01   2.4623441e-47
   3.6323420e+01   2.4520433e-47
   3.6407182e+01   2.4418195e-47
   3.6491137e+01   2.4316722e-47
   3.6575286e+01   2.4216007e-47
   3.6659629e+01   2.4116046e-47
   3.6744166e+01   2.4016826e-47
   3.6828898e+01   2.3918333e-47
   3.6913826e+01   2.3820566e-47
   3.6998950e+01   2.3723552e-47
   3.7084270e+01   2.3627302e-47
   3.7169786e+01   2.3531788e-47
   3.7255500e+01   2.3436973e-47
   3.7341412e+01   2.3342844e-47
   3.7427521e+01   2.3249400e-47
   3.7513829e+01   2.3156635e-47
   3.7600336e+01   2.3064542e-47
   3.7687043e+01   2.2973114e-47
   3.7773950e+01   2.2882345e-47
   3.7861057e+01   2.2792228e-47
   3.7948365e+01   2.2702759e-47
   3.8035874e+01   2.2613929e-47
   3.8123585e+01   2.2525735e-47
   3.8211498e+01   2.2438169e-47
   3.8299614e+01   2.2351225e-47
   3.8387933e+01   2.2264898e-47
   3.8476456e+01   2.2179181e-47
   3.8565183e+01   2.2094070e-47
   3.8654115e+01   2.2009558e-47
   3.8743251e+01   2.1925639e-47
   3.8832594e+01   2.1842308e-47
   3.8922142e+01   2.1759560e-47
   3.9011897e+01   2.1677388e-47
   3.9101858e+01   2.1595789e-47
   3.9192028e+01   2.1514757e-47
   3.9282405e+01   2.1434286e-47
   3.9372990e+01   2.1354372e-47
   3.9463785e+01   2.1275010e-47
   3.9554788e+01   2.1196194e-47
   3.9646002e+01   2.1117920e-47
   3.9737426e+01   2.1040182e-47
   3.9829061e+01   2.0962976e-47
   3.9920907e+01   2.0886298e-47
   4.0012965e+01   2.0810141e-47
   4.0105235e+01   2.0734502e-47
   4.0197718e+01   2.0659376e-47
   4.0290414e+01   2.0584757e-47
   4.0383324e+01   2.0510643e-47
   4.0476449e+01   2.0437028e-47
   4.0569788e+01   2.0363908e-47
   4.0663342e+01   2.0291278e-47
   4.0757112e+01   2.0219135e-47
   4.0851098e+01   2.0147473e-47
   4.0945301e+01   2.0076288e-47
   4.1039721e+01   2.0005577e-47
   4.1134359e+01   1.9935335e-47
   4.1229215e+01   1.9865558e-47
   4.1324290e+01   1.9796241e-47
   4.1419584e+01   1.9727382e-47
   4.1515098e+01   1.9658974e-47
   4.1610832e+01   1.9591016e-47
   4.1706787e+01   1.9523505e-47
   4.1802963e+01   1.9456444e-47
   4.1899361e+01   1.9389829e-47
   4.1995982e+01   1.9323653e-47
   4.2092825e+01   1.9257902e-47
   4.2189891e+01   1.9192574e-47
   4.2287181e+01   1.9127667e-47
   4.2384696e+01   1.9063177e-47
   4.2482435e+01   1.8999100e-47
   4.2580400e+01   1.8935432e-47
   4.2678591e+01   1.8872170e-47
   4.2777008e+01   1.8809311e-47
   4.2875652e+01   1.8746849e-47
   4.2974524e+01   1.8684784e-47
   4.3073623e+01   1.8623110e-47
   4.3172951e+01   1.8561825e-47
   4.3272508e+01   1.8500925e-47
   4.3372295e+01   1.8440408e-47
   4.3472312e+01   1.8380270e-47
   4.3572559e+01   1.8320508e-47
   4.3673038e+01   1.8261120e-47
   4.3773748e+01   1.8202102e-47
   4.3874691e+01   1.8143451e-47
   4.3975866e+01   1.8085165e-47
   4.4077275e+01   1.8027239e-47
   4.4178918e+01   1.7969671e-47
   4.4280795e+01   1.7912459e-47
   4.4382906e+01   1.7855599e-47
   4.4485254e+01   1.7799089e-47
   4.4587837e+01   1.7742925e-47
   4.4690657e+01   1.7687103e-47
   4.4793714e+01   1.7631624e-47
   4.4897009e+01   1.7576483e-47
   4.5000541e+01   1.7521677e-47
   4.5104313e+01   1.7467203e-47
   4.5208324e+01   1.7413059e-47
   4.5312575e+01   1.7359242e-47
   4.5417066e+01   1.7305750e-47
   4.5521798e+01   1.7252579e-47
   4.5626772e+01   1.7199727e-47
   4.5731987e+01   1.7147193e-47
   4.5837446e+01   1.7094972e-47
   4.5943147e+01   1.7043062e-47
   4.6049092e+01   1.6991461e-47
   4.6155282e+01   1.6940167e-47
   4.6261716e+01   1.6889176e-47
   4.6368396e+01   1.6838487e-47
   4.6475322e+01   1.6788097e-47
   4.6582494e+01   1.6738003e-47
   4.6689914e+01   1.6688203e-47
   4.6797581e+01   1.6638695e-47
   4.6905497e+01   1.6589476e-47
   4.7013661e+01   1.6540543e-47
   4.7122075e+01   1.6491896e-47
   4.7230739e+01   1.6443532e-47
   4.7339654e+01   1.6395446e-47
   4.7448819e+01   1.6347639e-47
   4.7558236e+01   1.6300108e-47
   4.7667906e+01   1.6252850e-47
   4.7777829e+01   1.6205862e-47
   4.7888005e+01   1.6159143e-47
   4.7998435e+01   1.6112691e-47
   4.8109120e+01   1.6066504e-47
   4.8220060e+01   1.6020579e-47
   4.8331255e+01   1.5974915e-47
   4.8442708e+01   1.5929510e-47
   4.8554417e+01   1.5884360e-47
   4.8666384e+01   1.5839465e-47
   4.8778609e+01   1.5794822e-47
   4.8891093e+01   1.5750430e-47
   4.9003836e+01   1.5706285e-47
   4.9116839e+01   1.5662387e-47
   4.9230103e+01   1.5618734e-47
   4.9343628e+01   1.5575323e-47
   4.9457415e+01   1.5532153e-47
   4.9571464e+01   1.5489223e-47
   4.9685776e+01   1.5446529e-47
   4.9800352e+01   1.5404069e-47
   4.9915192e+01   1.5361844e-47
   5.0030297e+01   1.5319849e-47
   5.0145667e+01   1.5278085e-47
   5.0261303e+01   1.5236548e-47
   5.0377206e+01   1.5195237e-47
   5.0493376e+01   1.5154152e-47
   5.0609814e+01   1.5113288e-47
   5.0726521e+01   1.5072646e-47
   5.0843497e+01   1.5032224e-47
   5.0960742e+01   1.4992018e-47
   5.1078258e+01   1.4952029e-47
   5.1196045e+01   1.4912254e-47
   5.1314103e+01   1.4872692e-47
   5.1432434e+01   1.4833341e-47
   5.1551038e+01   1.4794199e-47
   5.1669915e+01   1.4755265e-47
   5.1789066e+01   1.4716539e-47
   5.1908492e+01   1.4678016e-47
   5.2028193e+01   1.4639696e-47
   5.2148171e+01   1.4601579e-47
   5.2268425e+01   1.4563662e-47
   5.2388956e+01   1.4525943e-47
   5.2509766e+01   1.4488421e-47
   5.2630854e+01   1.4451096e-47
   5.2752221e+01   1.4413964e-47
   5.2873868e+01   1.4377026e-47
   5.2995795e+01   1.4340279e-47
   5.3118004e+01   1.4303721e-47
   5.3240495e+01   1.4267353e-47
   5.3363268e+01   1.4231172e-47
   5.3486324e+01   1.4195176e-47
   5.3609663e+01   1.4159364e-47
   5.3733288e+01   1.4123737e-47
   5.3857197e+01   1.4088290e-47
   5.3981392e+01   1.4053024e-47
   5.4105874e+01   1.4017937e-47
   5.4230642e+01   1.3983028e-47
   5.4355699e+01   1.3948295e-47
   5.4481043e+01   1.3913737e-47
   5.4606677e+01   1.3879353e-47
   5.4732600e+01   1.3845142e-47
   5.4858814e+01   1.3811103e-47
   5.4985319e+01   1.3777233e-47
   5.5112116e+01   1.3743532e-47
   5.5239205e+01   1.3709999e-47
   5.5366587e+01   1.3676632e-47
   5.5494262e+01   1.3643431e-47
   5.5622233e+01   1.3610394e-47
   5.5750498e+01   1.3577519e-47
   5.5879059e+01   1.3544806e-47
   5.6007916e+01   1.3512254e-47
   5.6137071e+01   1.3479861e-47
   5.6266524e+01   1.3447626e-47
   5.6396275e+01   1.3415549e-47
   5.6526325e+01   1.3383627e-47
   5.6656675e+01   1.3351861e-47
   5.6787326e+01   1.3320247e-47
   5.6918278e+01   1.3288787e-47
   5.7049532e+01   1.3257479e-47
   5.7181088e+01   1.3226321e-47
   5.7312948e+01   1.3195313e-47
   5.7445113e+01   1.3164452e-47
   5.7577581e+01   1.3133740e-47
   5.7710356e+01   1.3103174e-47
   5.7843436e+01   1.3072752e-47
   5.7976824e+01   1.3042476e-47
   5.8110519e+01   1.3012342e-47
   5.8244522e+01   1.2982351e-47
   5.8378834e+01   1.2952502e-47
   5.8513456e+01   1.2922792e-47
   5.8648389e+01   1.2893222e-47
   5.8783632e+01   1.2863791e-47
   5.8919188e+01   1.2834496e-47
   5.9055056e+01   1.2805339e-47
   5.9191237e+01   1.2776316e-47
   5.9327733e+01   1.2747429e-47
   5.9464543e+01   1.2718675e-47
   5.9601669e+01   1.2690054e-47
   5.9739111e+01   1.2661565e-47
   5.9876870e+01   1.2633207e-47
   6.0014946e+01   1.2604979e-47
   6.0153341e+01   1.2576880e-47
   6.0292055e+01   1.2548909e-47
   6.0431089e+01   1.2521066e-47
   6.0570443e+01   1.2493350e-47
   6.0710119e+01   1.2465759e-47
   6.0850117e+01   1.2438293e-47
   6.0990438e+01   1.2410951e-47
   6.1131083e+01   1.2383733e-47
   6.1272051e+01   1.2356636e-47
   6.1413345e+01   1.2329662e-47
   6.1554965e+01   1.2302807e-47
   6.1696911e+01   1.2276073e-47
   6.1839185e+01   1.2249459e-47
   6.1981786e+01   1.2222963e-47
   6.2124717e+01   1.2196584e-47
   6.2267977e+01   1.2170322e-47
   6.2411567e+01   1.2144175e-47
   6.2555489e+01   1.2118145e-47
   6.2699742e+01   1.2092229e-47
   6.2844328e+01   1.2066426e-47
   6.2989248e+01   1.2040736e-47
   6.3134501e+01   1.2015159e-47
   6.3280090e+01   1.1989694e-47
   6.3426014e+01   1.1964339e-47
   6.3572275e+01   1.1939094e-47
   6.3718874e+01   1.1913959e-47
   6.3865810e+01   1.1888932e-47
   6.4013085e+01   1.1864013e-47
   6.4160699e+01   1.1839202e-47
   6.4308655e+01   1.1814496e-47
   6.4456951e+01   1.1789897e-47
   6.4605589e+01   1.1765404e-47
   6.4754570e+01   1.1741015e-47
   6.4903894e+01   1.1716729e-47
   6.5053563e+01   1.1692547e-47
   6.5203577e+01   1.1668467e-47
   6.5353937e+01   1.1644489e-47
   6.5504644e+01   1.1620613e-47
   6.5655698e+01   1.1596837e-47
   6.5807101e+01   1.1573161e-47
   6.5958852e+01   1.1549585e-47
   6.6110954e+01   1.1526107e-47
   6.6263406e+01   1.1502727e-47
   6.6416210e+01   1.1479445e-47
   6.6569367e+01   1.1456260e-47
   6.6722876e+01   1.1433171e-47
   6.6876740e+01   1.1410178e-47
   6.7030958e+01   1.1387279e-47
   6.7185532e+01   1.1364476e-47
   6.7340462e+01   1.1341766e-47
   6.7495750e+01   1.1319150e-47
   6.7651395e+01   1.1296626e-47
   6.7807400e+01   1.1274195e-47
   6.7963764e+01   1.1251855e-47
   6.8120489e+01   1.1229606e-47
   6.8277576e+01   1.1207448e-47
   6.8435024e+01   1.1185380e-47
   6.8592836e+01   1.1163402e-47
   6.8751012e+01   1.1141512e-47
   6.8909552e+01   1.1119710e-47
   6.9068458e+01   1.1097997e-47
   6.9227730e+01   1.1076370e-47
   6.9387370e+01   1.1054830e-47
   6.9547378e+01   1.1033377e-47
   6.9707755e+01   1.1012010e-47
   6.9868501e+01   1.0990727e-47
   7.0029619e+01   1.0969529e-47
   7.0191107e+01   1.0948416e-47
   7.0352969e+01   1.0927387e-47
   7.0515203e+01   1.0906440e-47
   7.0677812e+01   1.0885577e-47
   7.0840795e+01   1.0864795e-47
   7.1004155e+01   1.0844096e-47
   7.1167891e+01   1.0823478e-47
   7.1332004e+01   1.0802940e-47
   7.1496497e+01   1.0782483e-47
   7.1661368e+01   1.0762106e-47
   7.1826620e+01   1.0741808e-47
   7.1992252e+01   1.0721589e-47
   7.2158267e+01   1.0701449e-47
   7.2324665e+01   1.0681387e-47
   7.2491446e+01   1.0661402e-47
   7.2658612e+01   1.0641495e-47
   7.2826163e+01   1.0621664e-47
   7.2994101e+01   1.0601910e-47
   7.3162426e+01   1.0582232e-47
   7.3331139e+01   1.0562629e-47
   7.3500241e+01   1.0543101e-47
   7.3669733e+01   1.0523648e-47
   7.3839616e+01   1.0504268e-47
   7.4009891e+01   1.0484963e-47
   7.4180558e+01   1.0465731e-47
   7.4351619e+01   1.0446572e-47
   7.4523074e+01   1.0427486e-47
   7.4694925e+01   1.0408472e-47
   7.4867172e+01   1.0389529e-47
   7.5039817e+01   1.0370658e-47
   7.5212859e+01   1.0351858e-47
   7.5386300e+01   1.0333128e-47
   7.5560142e+01   1.0314468e-47
   7.5734384e+01   1.0295879e-47
   7.5909028e+01   1.0277359e-47
   7.6084075e+01   1.0258907e-47
   7.6259525e+01   1.0240525e-47
   7.6435380e+01   1.0222211e-47
   7.6611641e+01   1.0203965e-47
   7.6788308e+01   1.0185787e-47
   7.6965382e+01   1.0167675e-47
   7.7142865e+01   1.0149631e-47
   7.7320757e+01   1.0131653e-47
   7.7499060e+01   1.0113741e-47
   7.7677773e+01   1.0095895e-47
   7.7856898e+01   1.0078114e-47
   7.8036437e+01   1.0060399e-47
   7.8216390e+01   1.0042749e-47
   7.8396757e+01   1.0025162e-47
   7.8577541e+01   1.0007641e-47
   7.8758741e+01   9.9901825e-48
   7.8940359e+01   9.9727878e-48
   7.9122397e+01   9.9554562e-48
   7.9304853e+01   9.9381875e-48
   7.9487731e+01   9.9209811e-48
   7.9671030e+01   9.9038368e-48
   7.9854752e+01   9.8867546e-48
   8.0038898e+01   9.8697335e-48
   8.0223468e+01   9.8527742e-48
   8.0408464e+01   9.8358759e-48
   8.0593887e+01   9.8190378e-48
   8.0779737e+01   9.8022599e-48
   8.0966016e+01   9.7855420e-48
   8.1152724e+01   9.7688846e-48
   8.1339863e+01   9.7522858e-48
   8.1527433e+01   9.7357466e-48
   8.1715436e+01   9.7192658e-48
   8.1903872e+01   9.7028437e-48
   8.2092743e+01   9.6864798e-48
   8.2282050e+01   9.6701738e-48
   8.2471793e+01   9.6539256e-48
   8.2661973e+01   9.6377352e-48
   8.2852592e+01   9.6216012e-48
   8.3043651e+01   9.6055247e-48
   8.3235150e+01   9.5895044e-48
   8.3427091e+01   9.5735402e-48
   8.3619475e+01   9.5576326e-48
   8.3812302e+01   9.5417801e-48
   8.4005574e+01   9.5259835e-48
   8.4199291e+01   9.5102425e-48
   8.4393456e+01   9.4945557e-48
   8.4588067e+01   9.4789245e-48
   8.4783128e+01   9.4633473e-48
   8.4978639e+01   9.4478241e-48
   8.5174600e+01   9.4323548e-48
   8.5371013e+01   9.4169399e-48
   8.5567880e+01   9.4015775e-48
   8.5765200e+01   9.3862693e-48
   8.5962975e+01   9.3710134e-48
   8.6161206e+01   9.3558102e-48
   8.6359895e+01   9.3406598e-48
   8.6559041e+01   9.3255613e-48
   8.6758647e+01   9.3105153e-48
   8.6958713e+01   9.2955211e-48
   8.7159241e+01   9.2805779e-48
   8.7360231e+01   9.2656864e-48
   8.7561684e+01   9.2508457e-48
   8.7763602e+01   9.2360559e-48
   8.7965985e+01   9.2213167e-48
   8.8168836e+01   9.2066282e-48
   8.8372154e+01   9.1919895e-48
   8.8575940e+01   9.1774013e-48
   8.8780197e+01   9.1628622e-48
   8.8984925e+01   9.1483727e-48
   8.9190125e+01   9.1339328e-48
   8.9395798e+01   9.1195417e-48
   8.9601945e+01   9.1052000e-48
   8.9808568e+01   9.0909064e-48
   9.0015667e+01   9.0766620e-48
   9.0223244e+01   9.0624648e-48
   9.0431300e+01   9.0483167e-48
   9.0639835e+01   9.0342157e-48
   9.0848851e+01   9.0201623e-48
   9.1058349e+01   9.0061571e-48
   9.1268331e+01   8.9921981e-48
   9.1478796e+01   8.9782871e-48
   9.1689747e+01   8.9644222e-48
   9.1901184e+01   8.9506046e-48
   9.2113109e+01   8.9368328e-48
   9.2325522e+01   8.9231081e-48
   9.2538426e+01   8.9094286e-48
   9.2751820e+01   8.8957954e-48
   9.2965707e+01   8.8822078e-48
   9.3180086e+01   8.8686663e-48
   9.3394960e+01   8.8551690e-48
   9.3610330e+01   8.8417177e-48
   9.3826196e+01   8.8283111e-48
   9.4042560e+01   8.8149491e-48
   9.4259423e+01   8.8016323e-48
   9.4476786e+01   8.7883593e-48
   9.4694650e+01   8.7751306e-48
   9.4913016e+01   8.7619463e-48
   9.5131886e+01   8.7488062e-48
   9.5351261e+01   8.7357091e-48
   9.5571142e+01   8.7226560e-48
   9.5791530e+01   8.7096464e-48
   9.6012426e+01   8.6966794e-48
   9.6233831e+01   8.6837558e-48
   9.6455747e+01   8.6708753e-48
   9.6678175e+01   8.6580373e-48
   9.6901115e+01   8.6452424e-48
   9.7124570e+01   8.6324892e-48
   9.7348540e+01   8.6197783e-48
   9.7573027e+01   8.6071097e-48
   9.7798031e+01   8.5944832e-48
   9.8023554e+01   8.5818982e-48
   9.8249597e+01   8.5693552e-48
   9.8476161e+01   8.5568530e-48
   9.8703248e+01   8.5443926e-48
   9.8930858e+01   8.5319734e-48
   9.9158994e+01   8.5195948e-48
   9.9387655e+01   8.5072573e-48
   9.9616844e+01   8.4949602e-48
   9.9846561e+01   8.4827040e-48
   1.0007681e+02   8.4704881e-48
   1.0030759e+02   8.4583130e-48
   1.0053890e+02   8.4461775e-48
   1.0077074e+02   8.4340820e-48
   1.0100312e+02   8.4220265e-48
   1.0123603e+02   8.4100104e-48
   1.0146948e+02   8.3980342e-48
   1.0170347e+02   8.3860972e-48
   1.0193800e+02   8.3741994e-48
   1.0217307e+02   8.3623407e-48
   1.0240868e+02   8.3505216e-48
   1.0264484e+02   8.3387408e-48
   1.0288154e+02   8.3269990e-48
   1.0311878e+02   8.3152960e-48
   1.0335658e+02   8.3036312e-48
   1.0359492e+02   8.2920046e-48
   1.0383381e+02   8.2804166e-48
   1.0407325e+02   8.2688660e-48
   1.0431324e+02   8.2573540e-48
   1.0455379e+02   8.2458798e-48
   1.0479489e+02   8.2344435e-48
   1.0503655e+02   8.2230443e-48
   1.0527876e+02   8.2116828e-48
   1.0552154e+02   8.2003584e-48
   1.0576487e+02   8.1890716e-48
   1.0600877e+02   8.1778217e-48
   1.0625322e+02   8.1666088e-48
   1.0649824e+02   8.1554331e-48
   1.0674383e+02   8.1442937e-48
   1.0698998e+02   8.1331910e-48
   1.0723670e+02   8.1221249e-48
   1.0748399e+02   8.1110955e-48
   1.0773185e+02   8.1001019e-48
   1.0798028e+02   8.0891449e-48
   1.0822928e+02   8.0782236e-48
   1.0847886e+02   8.0673382e-48
   1.0872901e+02   8.0564890e-48
   1.0897974e+02   8.0456750e-48
   1.0923105e+02   8.0348971e-48
   1.0948294e+02   8.0241547e-48
   1.0973541e+02   8.0134473e-48
   1.0998846e+02   8.0027754e-48
   1.1024209e+02   7.9921388e-48
   1.1049631e+02   7.9815375e-48
   1.1075112e+02   7.9709709e-48
   1.1100651e+02   7.9604390e-48
   1.1126249e+02   7.9499423e-48
   1.1151906e+02   7.9394801e-48
   1.1177623e+02   7.9290523e-48
   1.1203398e+02   7.9186590e-48
   1.1229234e+02   7.9083001e-48
   1.1255128e+02   7.8979755e-48
   1.1281083e+02   7.8876852e-48
   1.1307097e+02   7.8774290e-48
   1.1333171e+02   7.8672065e-48
   1.1359306e+02   7.8570181e-48
   1.1385500e+02   7.8468632e-48
   1.1411755e+02   7.8367423e-48
   1.1438071e+02   7.8266553e-48
   1.1464447e+02   7.8166011e-48
   1.1490884e+02   7.8065807e-48
   1.1517382e+02   7.7965942e-48
   1.1543942e+02   7.7866402e-48
   1.1570562e+02   7.7767194e-48
   1.1597244e+02   7.7668317e-48
   1.1623987e+02   7.7569770e-48
   1.1650792e+02   7.7471552e-48
   1.1677659e+02   7.7373664e-48
   1.1704588e+02   7.7276105e-48
   1.1731579e+02   7.7178868e-48
   1.1758632e+02   7.7081959e-48
   1.1785747e+02   7.6985372e-48
   1.1812925e+02   7.6889112e-48
   1.1840166e+02   7.6793172e-48
   1.1867469e+02   7.6697553e-48
   1.1894836e+02   7.6602258e-48
   1.1922265e+02   7.6507283e-48
   1.1949758e+02   7.6412627e-48
   1.1977314e+02   7.6318289e-48
   1.2004934e+02   7.6224275e-48
   1.2032618e+02   7.6130572e-48
   1.2060365e+02   7.6037186e-48
   1.2088176e+02   7.5944116e-48
   1.2116052e+02   7.5851362e-48
   1.2143991e+02   7.5758924e-48
   1.2171996e+02   7.5666800e-48
   1.2200064e+02   7.5574986e-48
   1.2228198e+02   7.5483485e-48
   1.2256396e+02   7.5392293e-48
   1.2284659e+02   7.5301419e-48
   1.2312988e+02   7.5210847e-48
   1.2341382e+02   7.5120586e-48
   1.2369841e+02   7.5030638e-48
   1.2398366e+02   7.4940990e-48
   1.2426957e+02   7.4851658e-48
   1.2455613e+02   7.4762625e-48
   1.2484336e+02   7.4673902e-48
   1.2513125e+02   7.4585478e-48
   1.2541981e+02   7.4497363e-48
   1.2570902e+02   7.4409556e-48
   1.2599891e+02   7.4322046e-48
   1.2628946e+02   7.4234838e-48
   1.2658069e+02   7.4147933e-48
   1.2687259e+02   7.4061333e-48
   1.2716515e+02   7.3975030e-48
   1.2745840e+02   7.3889026e-48
   1.2775232e+02   7.3803323e-48
   1.2804692e+02   7.3717914e-48
   1.2834219e+02   7.3632809e-48
   1.2863815e+02   7.3547997e-48
   1.2893479e+02   7.3463484e-48
   1.2923212e+02   7.3379268e-48
   1.2953013e+02   7.3295345e-48
   1.2982882e+02   7.3211718e-48
   1.3012821e+02   7.3128388e-48
   1.3042829e+02   7.3045349e-48
   1.3072906e+02   7.2962599e-48
   1.3103052e+02   7.2880151e-48
   1.3133268e+02   7.2797987e-48
   1.3163553e+02   7.2716117e-48
   1.3193908e+02   7.2634541e-48
   1.3224333e+02   7.2553253e-48
   1.3254829e+02   7.2472253e-48
   1.3285395e+02   7.2391545e-48
   1.3316031e+02   7.2311125e-48
   1.3346738e+02   7.2230992e-48
   1.3377515e+02   7.2151149e-48
   1.3408364e+02   7.2071593e-48
   1.3439284e+02   7.1992322e-48
   1.3470275e+02   7.1913341e-48
   1.3501337e+02   7.1834645e-48
   1.3532472e+02   7.1756228e-48
   1.3563678e+02   7.1678100e-48
   1.3594956e+02   7.1600261e-48
   1.3626306e+02   7.1522699e-48
   1.3657728e+02   7.1445425e-48
   1.3689223e+02   7.1368428e-48
   1.3720790e+02   7.1291718e-48
   1.3752431e+02   7.1215290e-48
   1.3784144e+02   7.1139142e-48
   1.3815930e+02   7.1063276e-48
   1.3847790e+02   7.0987689e-48
   1.3879723e+02   7.0912383e-48
   1.3911730e+02   7.0837356e-48
   1.3943810e+02   7.0762608e-48
   1.3975965e+02   7.0688138e-48
   1.4008193e+02   7.0613948e-48
   1.4040496e+02   7.0540035e-48
   1.4072874e+02   7.0466399e-48
   1.4105326e+02   7.0393042e-48
   1.4137853e+02   7.0319960e-48
   1.4170455e+02   7.0247156e-48
   1.4203132e+02   7.0174627e-48
   1.4235885e+02   7.0102374e-48
   1.4268713e+02   7.0030397e-48
   1.4301617e+02   6.9958695e-48
   1.4334596e+02   6.9887262e-48
   1.4367652e+02   6.9816108e-48
   1.4400784e+02   6.9745229e-48
   1.4433992e+02   6.9674618e-48
   1.4467277e+02   6.9604285e-48
   1.4500639e+02   6.9534220e-48
   1.4534077e+02   6.9464432e-48
   1.4567593e+02   6.9394912e-48
   1.4601186e+02   6.9325663e-48
   1.4634856e+02   6.9256691e-48
   1.4668604e+02   6.9187985e-48
   1.4702430e+02   6.9119549e-48
   1.4736334e+02   6.9051384e-48
   1.4770316e+02   6.8983489e-48
   1.4804377e+02   6.8915863e-48
   1.4838516e+02   6.8848507e-48
   1.4872734e+02   6.8781420e-48
   1.4907030e+02   6.8714601e-48
   1.4941406e+02   6.8648051e-48
   1.4975861e+02   6.8581768e-48
   1.5010395e+02   6.8515753e-48
   1.5045009e+02   6.8450006e-48
   1.5079703e+02   6.8384525e-48
   1.5114477e+02   6.8319311e-48
   1.5149331e+02   6.8254363e-48
   1.5184266e+02   6.8189681e-48
   1.5219281e+02   6.8125270e-48
   1.5254377e+02   6.8061119e-48
   1.5289553e+02   6.7997233e-48
   1.5324811e+02   6.7933616e-48
   1.5360150e+02   6.7870264e-48
   1.5395571e+02   6.7807176e-48
   1.5431073e+02   6.7744351e-48
   1.5466657e+02   6.7681790e-48
   1.5502324e+02   6.7619491e-48
   1.5538072e+02   6.7557460e-48
   1.5573903e+02   6.7495692e-48
   1.5609817e+02   6.7434185e-48
   1.5645813e+02   6.7372946e-48
   1.5681892e+02   6.7311962e-48
   1.5718055e+02   6.7251245e-48
   1.5754301e+02   6.7190794e-48
   1.5790630e+02   6.7130602e-48
   1.5827044e+02   6.7070671e-48
   1.5863541e+02   6.7011000e-48
   1.5900122e+02   6.6951594e-48
   1.5936788e+02   6.6892451e-48
   1.5973539e+02   6.6833562e-48
   1.6010374e+02   6.6774943e-48
   1.6047294e+02   6.6716581e-48
   1.6084299e+02   6.6658477e-48
   1.6121389e+02   6.6600636e-48
   1.6158565e+02   6.6543057e-48
   1.6195827e+02   6.6485735e-48
   1.6233175e+02   6.6428676e-48
   1.6270609e+02   6.6371877e-48
   1.6308129e+02   6.6315335e-48
   1.6345736e+02   6.6259054e-48
   1.6383429e+02   6.6203033e-48
   1.6421209e+02   6.6147272e-48
   1.6459077e+02   6.6091767e-48
   1.6497031e+02   6.6036526e-48
   1.6535074e+02   6.5981539e-48
   1.6573204e+02   6.5926812e-48
   1.6611422e+02   6.5872349e-48
   1.6649728e+02   6.5818139e-48
   1.6688122e+02   6.5764187e-48
   1.6726605e+02   6.5710493e-48
   1.6765177e+02   6.5657062e-48
   1.6803837e+02   6.5603888e-48
   1.6842587e+02   6.5550967e-48
   1.6881426e+02   6.5498312e-48
   1.6920355e+02   6.5445909e-48
   1.6959373e+02   6.5393767e-48
   1.6998482e+02   6.5341881e-48
   1.7037681e+02   6.5290251e-48
   1.7076970e+02   6.5238881e-48
   1.7116349e+02   6.5187766e-48
   1.7155820e+02   6.5136912e-48
   1.7195381e+02   6.5086311e-48
   1.7235034e+02   6.5035971e-48
   1.7274778e+02   6.4985889e-48
   1.7314614e+02   6.4936061e-48
   1.7354541e+02   6.4886492e-48
   1.7394561e+02   6.4837180e-48
   1.7434673e+02   6.4788122e-48
   1.7474877e+02   6.4739327e-48
   1.7515175e+02   6.4690784e-48
   1.7555565e+02   6.4642498e-48
   1.7596048e+02   6.4594474e-48
   1.7636625e+02   6.4546702e-48
   1.7677295e+02   6.4499186e-48
   1.7718059e+02   6.4451932e-48
   1.7758917e+02   6.4404933e-48
   1.7799869e+02   6.4358190e-48
   1.7840916e+02   6.4311702e-48
   1.7882057e+02   6.4265475e-48
   1.7923293e+02   6.4219502e-48
   1.7964624e+02   6.4173789e-48
   1.8006051e+02   6.4128330e-48
   1.8047573e+02   6.4083125e-48
   1.8089191e+02   6.4038184e-48
   1.8130905e+02   6.3993497e-48
   1.8172715e+02   6.3949063e-48
   1.8214621e+02   6.3904892e-48
   1.8256624e+02   6.3860974e-48
   1.8298724e+02   6.3817314e-48
   1.8340921e+02   6.3773911e-48
   1.8383215e+02   6.3730770e-48
   1.8425607e+02   6.3687881e-48
   1.8468097e+02   6.3645249e-48
   1.8510684e+02   6.3602878e-48
   1.8553370e+02   6.3560763e-48
   1.8596154e+02   6.3518904e-48
   1.8639037e+02   6.3477306e-48
   1.8682019e+02   6.3435963e-48
   1.8725100e+02   6.3394875e-48
   1.8768280e+02   6.3354048e-48
   1.8811560e+02   6.3313480e-48
   1.8854939e+02   6.3273166e-48
   1.8898419e+02   6.3233112e-48
   1.8941999e+02   6.3193317e-48
   1.8985679e+02   6.3153781e-48
   1.9029460e+02   6.3114503e-48
   1.9073343e+02   6.3075484e-48
   1.9117326e+02   6.3036722e-48
   1.9161411e+02   6.2998219e-48
   1.9205597e+02   6.2959973e-48
   1.9249885e+02   6.2921990e-48
   1.9294276e+02   6.2884264e-48
   1.9338768e+02   6.2846795e-48
   1.9383364e+02   6.2809587e-48
   1.9428062e+02   6.2772637e-48
   1.9472863e+02   6.2735952e-48
   1.9517768e+02   6.2699519e-48
   1.9562776e+02   6.2663352e-48
   1.9607888e+02   6.2627445e-48
   1.9653104e+02   6.2591794e-48
   1.9698424e+02   6.2556408e-48
   1.9743849e+02   6.2521277e-48
   1.9789378e+02   6.2486411e-48
   1.9835012e+02   6.2451804e-48
   1.9880752e+02   6.2417457e-48
   1.9926597e+02   6.2383374e-48
   1.9972548e+02   6.2349551e-48
   2.0018605e+02   6.2315991e-48
   2.0064768e+02   6.2282694e-48
   2.0111038e+02   6.2249656e-48
   2.0157414e+02   6.2216881e-48
   2.0203897e+02   6.2184369e-48
   2.0250487e+02   6.2152115e-48
   2.0297185e+02   6.2120129e-48
   2.0343991e+02   6.2088405e-48
   2.0390904e+02   6.2056943e-48
   2.0437926e+02   6.2025748e-48
   2.0485056e+02   6.1994815e-48
   2.0532294e+02   6.1964144e-48
   2.0579642e+02   6.1933738e-48
   2.0627099e+02   6.1903600e-48
   2.0674665e+02   6.1873722e-48
   2.0722341e+02   6.1844110e-48
   2.0770127e+02   6.1814764e-48
   2.0818023e+02   6.1785683e-48
   2.0866029e+02   6.1756867e-48
   2.0914147e+02   6.1728317e-48
   2.0962375e+02   6.1700031e-48
   2.1010714e+02   6.1672016e-48
   2.1059165e+02   6.1644264e-48
   2.1107728e+02   6.1616783e-48
   2.1156402e+02   6.1589565e-48
   2.1205189e+02   6.1562616e-48
   2.1254088e+02   6.1535937e-48
   2.1303100e+02   6.1509526e-48
   2.1352226e+02   6.1483383e-48
   2.1401464e+02   6.1457504e-48
   2.1450816e+02   6.1431898e-48
   2.1500282e+02   6.1406565e-48
   2.1549861e+02   6.1381495e-48
   2.1599556e+02   6.1356702e-48
   2.1649364e+02   6.1332172e-48
   2.1699288e+02   6.1307919e-48
   2.1749327e+02   6.1283934e-48
   2.1799481e+02   6.1260220e-48
   2.1849750e+02   6.1236778e-48
   2.1900136e+02   6.1213608e-48
   2.1950638e+02   6.1190710e-48
   2.2001256e+02   6.1168088e-48
   2.2051991e+02   6.1145737e-48
   2.2102844e+02   6.1123657e-48
   2.2153813e+02   6.1101853e-48
   2.2204900e+02   6.1080325e-48
   2.2256104e+02   6.1059067e-48
   2.2307427e+02   6.1038085e-48
   2.2358868e+02   6.1017383e-48
   2.2410428e+02   6.0996952e-48
   2.2462107e+02   6.0976800e-48
   2.2513904e+02   6.0956924e-48
   2.2565822e+02   6.0937322e-48
   2.2617859e+02   6.0918000e-48
   2.2670016e+02   6.0898957e-48
   2.2722293e+02   6.0880188e-48
   2.2774691e+02   6.0861699e-48
   2.2827209e+02   6.0843494e-48
   2.2879849e+02   6.0825563e-48
   2.2932610e+02   6.0807910e-48
   2.2985493e+02   6.0790542e-48
   2.3038497e+02   6.0773451e-48
   2.3091624e+02   6.0756645e-48
   2.3144874e+02   6.0740121e-48
   2.3198246e+02   6.0723876e-48
   2.3251741e+02   6.0707914e-48
   2.3305360e+02   6.0692235e-48
   2.3359102e+02   6.0676843e-48
   2.3412969e+02   6.0661729e-48
   2.3466959e+02   6.0646903e-48
   2.3521074e+02   6.0632360e-48
   2.3575314e+02   6.0618104e-48
   2.3629679e+02   6.0604135e-48
   2.3684169e+02   6.0590448e-48
   2.3738785e+02   6.0577053e-48
   2.3793527e+02   6.0563940e-48
   2.3848395e+02   6.0551119e-48
   2.3903389e+02   6.0538585e-48
   2.3958511e+02   6.0526337e-48
   2.4013759e+02   6.0514386e-48
   2.4069135e+02   6.0502717e-48
   2.4124639e+02   6.0491343e-48
   2.4180270e+02   6.0480257e-48
   2.4236030e+02   6.0469466e-48
   2.4291919e+02   6.0458966e-48
   2.4347936e+02   6.0448757e-48
   2.4404083e+02   6.0438840e-48
   2.4460359e+02   6.0429218e-48
   2.4516764e+02   6.0419892e-48
   2.4573300e+02   6.0410861e-48
   2.4629967e+02   6.0402126e-48
   2.4686763e+02   6.0393682e-48
   2.4743691e+02   6.0385538e-48
   2.4800750e+02   6.0377694e-48
   2.4857941e+02   6.0370141e-48
   2.4915264e+02   6.0362893e-48
   2.4972719e+02   6.0355940e-48
   2.5030306e+02   6.0349288e-48
   2.5088026e+02   6.0342935e-48
   2.5145879e+02   6.0336887e-48
   2.5203866e+02   6.0331135e-48
   2.5261986e+02   6.0325687e-48
   2.5320240e+02   6.0320544e-48
   2.5378629e+02   6.0315701e-48
   2.5437152e+02   6.0311162e-48
   2.5495811e+02   6.0306928e-48
   2.5554604e+02   6.0303004e-48
   2.5613533e+02   6.0299380e-48
   2.5672598e+02   6.0296065e-48
   2.5731799e+02   6.0293054e-48
   2.5791137e+02   6.0290358e-48
   2.5850612e+02   6.0287967e-48
   2.5910223e+02   6.0285884e-48
   2.5969973e+02   6.0284112e-48
   2.6029859e+02   6.0282648e-48
   2.6089885e+02   6.0281499e-48
   2.6150048e+02   6.0280660e-48
   2.6210350e+02   6.0280134e-48
   2.6270792e+02   6.0279923e-48
   2.6331372e+02   6.0280026e-48
   2.6392092e+02   6.0280444e-48
   2.6452953e+02   6.0281175e-48
   2.6513954e+02   6.0282221e-48
   2.6575095e+02   6.0283591e-48
   2.6636377e+02   6.0285276e-48
   2.6697801e+02   6.0287274e-48
   2.6759366e+02   6.0289597e-48
   2.6821074e+02   6.0292239e-48
   2.6882923e+02   6.0295205e-48
   2.6944915e+02   6.0298491e-48
   2.7007051e+02   6.0302096e-48
   2.7069329e+02   6.0306025e-48
   2.7131751e+02   6.0310283e-48
   2.7194317e+02   6.0314861e-48
   2.7257028e+02   6.0319768e-48
   2.7319882e+02   6.0324999e-48
   2.7382882e+02   6.0330555e-48
   2.7446027e+02   6.0336445e-48
   2.7509318e+02   6.0342660e-48
   2.7572755e+02   6.0349204e-48
   2.7636338e+02   6.0356078e-48
   2.7700067e+02   6.0363286e-48
   2.7763944e+02   6.0370829e-48
   2.7827968e+02   6.0378702e-48
   2.7892139e+02   6.0386904e-48
   2.7956459e+02   6.0395446e-48
   2.8020927e+02   6.0404323e-48
   2.8085543e+02   6.0413540e-48
   2.8150309e+02   6.0423087e-48
   2.8215223e+02   6.0432979e-48
   2.8280288e+02   6.0443206e-48
   2.8345503e+02   6.0453773e-48
   2.8410868e+02   6.0464685e-48
   2.8476383e+02   6.0475938e-48
   2.8542050e+02   6.0487531e-48
   2.8607868e+02   6.0499470e-48
   2.8673838e+02   6.0511749e-48
   2.8739960e+02   6.0524379e-48
   2.8806235e+02   6.0537355e-48
   2.8872662e+02   6.0550676e-48
   2.8939243e+02   6.0564349e-48
   2.9005977e+02   6.0578367e-48
   2.9072865e+02   6.0592737e-48
   2.9139907e+02   6.0607458e-48
   2.9207104e+02   6.0622535e-48
   2.9274456e+02   6.0637964e-48
   2.9341963e+02   6.0653745e-48
   2.9409626e+02   6.0669882e-48
   2.9477444e+02   6.0686371e-48
   2.9545420e+02   6.0703223e-48
   2.9613552e+02   6.0720431e-48
   2.9681841e+02   6.0738002e-48
   2.9750287e+02   6.0755930e-48
   2.9818892e+02   6.0774221e-48
   2.9887654e+02   6.0792869e-48
   2.9956575e+02   6.0811886e-48
   3.0025656e+02   6.0831270e-48
   3.0094895e+02   6.0851013e-48
   3.0164294e+02   6.0871124e-48
   3.0233853e+02   6.0891608e-48
   3.0303573e+02   6.0912456e-48
   3.0373453e+02   6.0933673e-48
   3.0443494e+02   6.0955265e-48
   3.0513697e+02   6.0977225e-48
   3.0584062e+02   6.0999560e-48
   3.0654589e+02   6.1022270e-48
   3.0725279e+02   6.1045354e-48
   3.0796131e+02   6.1068813e-48
   3.0867148e+02   6.1092653e-48
   3.0938327e+02   6.1116873e-48
   3.1009672e+02   6.1141469e-48
   3.1081180e+02   6.1166445e-48
   3.1152853e+02   6.1191808e-48
   3.1224692e+02   6.1217552e-48
   3.1296697e+02   6.1243683e-48
   3.1368867e+02   6.1270195e-48
   3.1441204e+02   6.1297099e-48
   3.1513708e+02   6.1324386e-48
   3.1586378e+02   6.1352065e-48
   3.1659217e+02   6.1380137e-48
   3.1732223e+02   6.1408597e-48
   3.1805398e+02   6.1437455e-48
   3.1878741e+02   6.1466701e-48
   3.1952254e+02   6.1496347e-48
   3.2025936e+02   6.1526387e-48
   3.2099788e+02   6.1556825e-48
   3.2173811e+02   6.1587664e-48
   3.2248004e+02   6.1618902e-48
   3.2322368e+02   6.1650541e-48
   3.2396903e+02   6.1682585e-48
   3.2471611e+02   6.1715035e-48
   3.2546491e+02   6.1747886e-48
   3.2621543e+02   6.1781149e-48
   3.2696769e+02   6.1814818e-48
   3.2772168e+02   6.1848895e-48
   3.2847741e+02   6.1883388e-48
   3.2923488e+02   6.1918290e-48
   3.2999410e+02   6.1953604e-48
   3.3075506e+02   6.1989332e-48
   3.3151779e+02   6.2025479e-48
   3.3228227e+02   6.2062045e-48
   3.3304852e+02   6.2099030e-48
   3.3381653e+02   6.2136435e-48
   3.3458631e+02   6.2174261e-48
   3.3535787e+02   6.2212506e-48
   3.3613121e+02   6.2251183e-48
   3.3690633e+02   6.2290281e-48
   3.3768324e+02   6.2329811e-48
   3.3846194e+02   6.2369768e-48
   3.3924243e+02   6.2410152e-48
   3.4002473e+02   6.2450970e-48
   3.4080883e+02   6.2492225e-48
   3.4159474e+02   6.2533910e-48
   3.4238246e+02   6.2576033e-48
   3.4317199e+02   6.2618596e-48
   3.4396335e+02   6.2661594e-48
   3.4475653e+02   6.2705038e-48
   3.4555154e+02   6.2748917e-48
   3.4634839e+02   6.2793248e-48
   3.4714707e+02   6.2838021e-48
   3.4794759e+02   6.2883241e-48
   3.4874996e+02   6.2928908e-48
   3.4955418e+02   6.2975024e-48
   3.5036026e+02   6.3021594e-48
   3.5116819e+02   6.3068617e-48
   3.5197799e+02   6.3116091e-48
   3.5278965e+02   6.3164024e-48
   3.5360319e+02   6.3212419e-48
   3.5441860e+02   6.3261269e-48
   3.5523589e+02   6.3310581e-48
   3.5605507e+02   6.3360356e-48
   3.5687613e+02   6.3410593e-48
   3.5769909e+02   6.3461298e-48
   3.5852395e+02   6.3512473e-48
   3.5935071e+02   6.3564116e-48
   3.6017937e+02   6.3616230e-48
   3.6100995e+02   6.3668819e-48
   3.6184244e+02   6.3721879e-48
   3.6267685e+02   6.3775416e-48
   3.6351319e+02   6.3829435e-48
   3.6435145e+02   6.3883927e-48
   3.6519165e+02   6.3938908e-48
   3.6603379e+02   6.3994367e-48
   3.6687786e+02   6.4050317e-48
   3.6772389e+02   6.4106746e-48
   3.6857186e+02   6.4163671e-48
   3.6942179e+02   6.4221083e-48
   3.7027368e+02   6.4278987e-48
   3.7112753e+02   6.4337384e-48
   3.7198336e+02   6.4396284e-48
   3.7284115e+02   6.4455674e-48
   3.7370093e+02   6.4515568e-48
   3.7456268e+02   6.4575968e-48
   3.7542643e+02   6.4636864e-48
   3.7629216e+02   6.4698272e-48
   3.7715990e+02   6.4760182e-48
   3.7802963e+02   6.4822606e-48
   3.7890137e+02   6.4885544e-48
   3.7977512e+02   6.4948991e-48
   3.8065088e+02   6.5012959e-48
   3.8152867e+02   6.5077444e-48
   3.8240848e+02   6.5142445e-48
   3.8329031e+02   6.5207974e-48
   3.8417418e+02   6.5274026e-48
   3.8506009e+02   6.5340603e-48
   3.8594804e+02   6.5407710e-48
   3.8683804e+02   6.5475347e-48
   3.8773009e+02   6.5543521e-48
   3.8862420e+02   6.5612228e-48
   3.8952037e+02   6.5681478e-48
   3.9041861e+02   6.5751268e-48
   3.9131892e+02   6.5821602e-48
   3.9222130e+02   6.5892477e-48
   3.9312577e+02   6.5963909e-48
   3.9403232e+02   6.6035889e-48
   3.9494096e+02   6.6108421e-48
   3.9585170e+02   6.6181514e-48
   3.9676453e+02   6.6255167e-48
   3.9767948e+02   6.6329386e-48
   3.9859653e+02   6.6404172e-48
   3.9951569e+02   6.6479527e-48
   4.0043698e+02   6.6555460e-48
   4.0136039e+02   6.6631969e-48
   4.0228593e+02   6.6709059e-48
   4.0321361e+02   6.6786742e-48
   4.0414342e+02   6.6865013e-48
   4.0507538e+02   6.6943883e-48
   4.0600948e+02   6.7023359e-48
   4.0694575e+02   6.7103442e-48
   4.0788417e+02   6.7184142e-48
   4.0882475e+02   6.7265467e-48
   4.0976750e+02   6.7347428e-48
   4.1071243e+02   6.7430025e-48
   4.1165954e+02   6.7513281e-48
   4.1260883e+02   6.7597202e-48
   4.1356030e+02   6.7681810e-48
   4.1451398e+02   6.7767112e-48
   4.1546985e+02   6.7853139e-48
   4.1642793e+02   6.7939913e-48
   4.1738821e+02   6.8027464e-48
   4.1835071e+02   6.8115827e-48
   4.1931543e+02   6.8205063e-48
   4.2028238e+02   6.8295214e-48
   4.2125155e+02   6.8386371e-48
   4.2222296e+02   6.8478636e-48
   4.2319661e+02   6.8572136e-48
   4.2417251e+02   6.8667063e-48
   4.2515065e+02   6.8763671e-48
   4.2613105e+02   6.8862325e-48
   4.2711371e+02   6.8963566e-48
   4.2809864e+02   6.9068208e-48
   4.2908584e+02   6.9177548e-48
   4.3007531e+02   6.9293744e-48
   4.3106707e+02   6.9420593e-48
   4.3206111e+02   6.9565355e-48
   4.3305745e+02   6.9743338e-48
   4.3405608e+02   6.9991644e-48
   4.3505702e+02   7.0420897e-48
   4.3606027e+02   7.1498359e-48
   4.3706582e+02   7.7474174e-48
   4.3807370e+02   7.0778079e-47
   4.3908390e+02   7.5084231e-48
   4.4009643e+02   7.1528085e-48
   4.4111130e+02   7.0888956e-48
   4.4212851e+02   7.0725621e-48
   4.4314806e+02   7.0705948e-48
   4.4416996e+02   7.0745052e-48
   4.4519422e+02   7.0813686e-48
   4.4622084e+02   7.0900187e-48
   4.4724983e+02   7.1000180e-48
   4.4828119e+02   7.1113774e-48
   4.4931493e+02   7.1246377e-48
   4.5035105e+02   7.1415352e-48
   4.5138957e+02   7.1679567e-48
   4.5243047e+02   7.2330784e-48
   4.5347378e+02   7.7581975e-48
   4.5451950e+02   8.7327543e-48
   4.5556762e+02   7.2940549e-48
   4.5661816e+02   7.2261128e-48
   4.5767113e+02   7.2171006e-48
   4.5872652e+02   7.2202941e-48
   4.5978435e+02   7.2275919e-48
   4.6084462e+02   7.2366805e-48
   4.6190733e+02   7.2466966e-48
   4.6297249e+02   7.2572599e-48
   4.6404011e+02   7.2681809e-48
   4.6511019e+02   7.2793567e-48
   4.6618273e+02   7.2907269e-48
   4.6725776e+02   7.3022545e-48
   4.6833526e+02   7.3139167e-48
   4.6941524e+02   7.3256976e-48
   4.7049772e+02   7.3375866e-48
   4.7158269e+02   7.3495758e-48
   4.7267016e+02   7.3616594e-48
   4.7376014e+02   7.3738343e-48
   4.7485264e+02   7.3860977e-48
   4.7594765e+02   7.3984462e-48
   4.7704519e+02   7.4108797e-48
   4.7814526e+02   7.4233967e-48
   4.7924786e+02   7.4359951e-48
   4.8035301e+02   7.4486757e-48
   4.8146071e+02   7.4614375e-48
   4.8257096e+02   7.4742797e-48
   4.8368378e+02   7.4872025e-48
   4.8479915e+02   7.5002060e-48
   4.8591711e+02   7.5132893e-48
   4.8703763e+02   7.5264537e-48
   4.8816075e+02   7.5396977e-48
   4.8928645e+02   7.5530226e-48
   4.9041475e+02   7.5664281e-48
   4.9154565e+02   7.5799148e-48
   4.9267916e+02   7.5934818e-48
   4.9381528e+02   7.6071300e-48
   4.9495402e+02   7.6208599e-48
   4.9609539e+02   7.6346708e-48
   4.9723939e+02   7.6485644e-48
   4.9838602e+02   7.6625393e-48
   4.9953531e+02   7.6765967e-48
   5.0068724e+02   7.6907370e-48
   5.0184183e+02   7.7049602e-48
   5.0299908e+02   7.7192665e-48
   5.0415900e+02   7.7336562e-48
   5.0532159e+02   7.7481300e-48
   5.0648687e+02   7.7626875e-48
   5.0765483e+02   7.7773296e-48
   5.0882549e+02   7.7920569e-48
   5.0999884e+02   7.8068685e-48
   5.1117490e+02   7.8217664e-48
   5.1235368e+02   7.8367495e-48
   5.1353517e+02   7.8518188e-48
   5.1471938e+02   7.8669743e-48
   5.1590633e+02   7.8822168e-48
   5.1709601e+02   7.8975467e-48
   5.1828844e+02   7.9129639e-48
   5.1948362e+02   7.9284689e-48
   5.2068155e+02   7.9440623e-48
   5.2188225e+02   7.9597438e-48
   5.2308571e+02   7.9755148e-48
   5.2429195e+02   7.9913744e-48
   5.2550097e+02   8.0073243e-48
   5.2671278e+02   8.0233639e-48
   5.2792739e+02   8.0394943e-48
   5.2914479e+02   8.0557147e-48
   5.3036500e+02   8.0720271e-48
   5.3158803e+02   8.0884304e-48
   5.3281387e+02   8.1049262e-48
   5.3404255e+02   8.1215139e-48
   5.3527405e+02   8.1381940e-48
   5.3650840e+02   8.1549677e-48
   5.3774559e+02   8.1718347e-48
   5.3898564e+02   8.1887958e-48
   5.4022854e+02   8.2058507e-48
   5.4147431e+02   8.2230007e-48
   5.4272296e+02   8.2402456e-48
   5.4397448e+02   8.2575862e-48
   5.4522889e+02   8.2750220e-48
   5.4648619e+02   8.2925546e-48
   5.4774639e+02   8.3101836e-48
   5.4900950e+02   8.3279097e-48
   5.5027552e+02   8.3457340e-48
   5.5154446e+02   8.3636553e-48
   5.5281633e+02   8.3816758e-48
   5.5409112e+02   8.3997945e-48
   5.5536886e+02   8.4180123e-48
   5.5664955e+02   8.4363300e-48
   5.5793319e+02   8.4547472e-48
   5.5921978e+02   8.4732655e-48
   5.6050935e+02   8.4918844e-48
   5.6180189e+02   8.5106049e-48
   5.6309741e+02   8.5294266e-48
   5.6439591e+02   8.5483509e-48
   5.6569742e+02   8.5673782e-48
   5.6700192e+02   8.5865081e-48
   5.6830943e+02   8.6057414e-48
   5.6961995e+02   8.6250785e-48
   5.7093350e+02   8.6445208e-48
   5.7225008e+02   8.6640674e-48
   5.7356969e+02   8.6837192e-48
   5.7489235e+02   8.7034771e-48
   5.7621806e+02   8.7233412e-48
   5.7754682e+02   8.7433114e-48
   5.7887865e+02   8.7633897e-48
   5.8021354e+02   8.7835746e-48
   5.8155152e+02   8.8038682e-48
   5.8289258e+02   8.8242701e-48
   5.8423674e+02   8.8447813e-48
   5.8558399e+02   8.8654020e-48
   5.8693435e+02   8.8861321e-48
   5.8828783e+02   8.9069734e-48
   5.8964443e+02   8.9279253e-48
   5.9100415e+02   8.9489885e-48
   5.9236701e+02   8.9701634e-48
   5.9373301e+02   8.9914508e-48
   5.9510217e+02   9.0128512e-48
   5.9647448e+02   9.0343647e-48
   5.9784995e+02   9.0559918e-48
   5.9922860e+02   9.0777339e-48
   6.0061042e+02   9.0995902e-48
   6.0199543e+02   9.1215621e-48
   6.0338364e+02   9.1436501e-48
   6.0477505e+02   9.1658543e-48
   6.0616966e+02   9.1881753e-48
   6.0756750e+02   9.2106132e-48
   6.0896855e+02   9.2331696e-48
   6.1037284e+02   9.2558442e-48
   6.1178036e+02   9.2786375e-48
   6.1319113e+02   9.3015503e-48
   6.1460516e+02   9.3245829e-48
   6.1602244e+02   9.3477363e-48
   6.1744299e+02   9.3710103e-48
   6.1886682e+02   9.3944058e-48
   6.2029393e+02   9.4179238e-48
   6.2172433e+02   9.4415640e-48
   6.2315804e+02   9.4653279e-48
   6.2459504e+02   9.4892147e-48
   6.2603536e+02   9.5132260e-48
   6.2747901e+02   9.5373622e-48
   6.2892598e+02   9.5616235e-48
   6.3037629e+02   9.5860111e-48
   6.3182994e+02   9.6105245e-48
   6.3328694e+02   9.6351649e-48
   6.3474731e+02   9.6599332e-48
   6.3621104e+02   9.6848291e-48
   6.3767815e+02   9.7098542e-48
   6.3914864e+02   9.7350084e-48
   6.4062252e+02   9.7602920e-48
   6.4209980e+02   9.7857059e-48
   6.4358049e+02   9.8112513e-48
   6.4506459e+02   9.8369278e-48
   6.4655211e+02   9.8627365e-48
   6.4804307e+02   9.8886777e-48
   6.4953746e+02   9.9147519e-48
   6.5103530e+02   9.9409600e-48
   6.5253659e+02   9.9673031e-48
   6.5404134e+02   9.9937810e-48
   6.5554957e+02   1.0020394e-47
   6.5706127e+02   1.0047144e-47
   6.5857646e+02   1.0074030e-47
   6.6009514e+02   1.0101054e-47
   6.6161732e+02   1.0128216e-47
   6.6314302e+02   1.0155516e-47
   6.6467223e+02   1.0182956e-47
   6.6620497e+02   1.0210535e-47
   6.6774125e+02   1.0238255e-47
   6.6928106e+02   1.0266116e-47
   6.7082443e+02   1.0294119e-47
   6.7237136e+02   1.0322264e-47
   6.7392185e+02   1.0350553e-47
   6.7547592e+02   1.0378985e-47
   6.7703357e+02   1.0407561e-47
   6.7859481e+02   1.0436281e-47
   6.8015966e+02   1.0465148e-47
   6.8172811e+02   1.0494161e-47
   6.8330018e+02   1.0523321e-47
   6.8487588e+02   1.0552628e-47
   6.8645521e+02   1.0582083e-47
   6.8803818e+02   1.0611687e-47
   6.8962480e+02   1.0641440e-47
   6.9121508e+02   1.0671344e-47
   6.9280903e+02   1.0701398e-47
   6.9440665e+02   1.0731604e-47
   6.9600796e+02   1.0761962e-47
   6.9761296e+02   1.0792473e-47
   6.9922166e+02   1.0823137e-47
   7.0083407e+02   1.0853955e-47
   7.0245020e+02   1.0884928e-47
   7.0407005e+02   1.0916057e-47
   7.0569364e+02   1.0947343e-47
   7.0732098e+02   1.0978785e-47
   7.0895207e+02   1.1010384e-47
   7.1058691e+02   1.1042142e-47
   7.1222553e+02   1.1074060e-47
   7.1386793e+02   1.1106137e-47
   7.1551412e+02   1.1138374e-47
   7.1716410e+02   1.1170773e-47
   7.1881788e+02   1.1203333e-47
   7.2047548e+02   1.1236056e-47
   7.2213690e+02   1.1268943e-47
   7.2380216e+02   1.1301993e-47
   7.2547125e+02   1.1335209e-47
   7.2714419e+02   1.1368590e-47
   7.2882099e+02   1.1402137e-47
   7.3050166e+02   1.1435852e-47
   7.3218620e+02   1.1469734e-47
   7.3387463e+02   1.1503784e-47
   7.3556695e+02   1.1538004e-47
   7.3726317e+02   1.1572395e-47
   7.3896331e+02   1.1606956e-47
   7.4066736e+02   1.1641688e-47
   7.4237535e+02   1.1676593e-47
   7.4408727e+02   1.1711671e-47
   7.4580314e+02   1.1746923e-47
   7.4752297e+02   1.1782350e-47
   7.4924676e+02   1.1817952e-47
   7.5097453e+02   1.1853730e-47
   7.5270628e+02   1.1889686e-47
   7.5444203e+02   1.1925820e-47
   7.5618178e+02   1.1962131e-47
   7.5792554e+02   1.1998623e-47
   7.5967332e+02   1.2035295e-47
   7.6142514e+02   1.2072147e-47
   7.6318099e+02   1.2109182e-47
   7.6494089e+02   1.2146400e-47
   7.6670485e+02   1.2183801e-47
   7.6847288e+02   1.2221386e-47
   7.7024498e+02   1.2259157e-47
   7.7202117e+02   1.2297113e-47
   7.7380146e+02   1.2335257e-47
   7.7558585e+02   1.2373589e-47
   7.7737436e+02   1.2412108e-47
   7.7916699e+02   1.2450818e-47
   7.8096375e+02   1.2489717e-47
   7.8276466e+02   1.2528808e-47
   7.8456972e+02   1.2568091e-47
   7.8637895e+02   1.2607566e-47
   7.8819234e+02   1.2647236e-47
   7.9000992e+02   1.2687100e-47
   7.9183169e+02   1.2727160e-47
   7.9365766e+02   1.2767416e-47
   7.9548784e+02   1.2807869e-47
   7.9732224e+02   1.2848521e-47
   7.9916087e+02   1.2889372e-47
   8.0100374e+02   1.2930423e-47
   8.0285086e+02   1.2971676e-47
   8.0470224e+02   1.3013130e-47
   8.0655789e+02   1.3054788e-47
   8.0841782e+02   1.3096649e-47
   8.1028204e+02   1.3138715e-47
   8.1215056e+02   1.3180988e-47
   8.1402338e+02   1.3223468e-47
   8.1590052e+02   1.3266155e-47
   8.1778200e+02   1.3309052e-47
   8.1966781e+02   1.3352160e-47
   8.2155797e+02   1.3395478e-47
   8.2345249e+02   1.3439011e-47
   8.2535138e+02   1.3482757e-47
   8.2725464e+02   1.3526720e-47
   8.2916230e+02   1.3570900e-47
   8.3107435e+02   1.3615300e-47
   8.3299082e+02   1.3659922e-47
   8.3491170e+02   1.3704770e-47
   8.3683701e+02   1.3749848e-47
   8.3876676e+02   1.3795161e-47
   8.4070097e+02   1.3840719e-47
   8.4263963e+02   1.3886535e-47
   8.4458276e+02   1.3932630e-47
   8.4653038e+02   1.3979047e-47
   8.4848248e+02   1.4025871e-47
   8.5043909e+02   1.4073294e-47
   8.5240021e+02   1.4121859e-47
   8.5436585e+02   1.4173620e-47
   8.5633603e+02   1.4242819e-47
   8.5831074e+02   1.6066275e-47
   8.6029001e+02   1.4361790e-47
   8.6227385e+02   1.4366451e-47
   8.6426226e+02   1.4407988e-47
   8.6625525e+02   1.4454245e-47
   8.6825285e+02   1.4501950e-47
   8.7025504e+02   1.4550356e-47
   8.7226186e+02   1.4599225e-47
   8.7427330e+02   1.4648466e-47
   8.7628938e+02   1.4698055e-47
   8.7831011e+02   1.4748005e-47
   8.8033550e+02   1.4798403e-47
   8.8236556e+02   1.4849520e-47
   8.8440030e+02   1.4902508e-47
   8.8643974e+02   1.4967158e-47
   8.8848387e+02   2.4421450e-47
   8.9053272e+02   1.5066121e-47
   8.9258630e+02   1.5106459e-47
   8.9464461e+02   1.5156082e-47
   8.9670767e+02   1.5207345e-47
   8.9877548e+02   1.5259266e-47
   9.0084807e+02   1.5311600e-47
   9.0292543e+02   1.5364264e-47
   9.0500758e+02   1.5417222e-47
   9.0709454e+02   1.5470460e-47
   9.0918630e+02   1.5523970e-47
   9.1128289e+02   1.5577747e-47
   9.1338432e+02   1.5631789e-47
   9.1549059e+02   1.5686096e-47
   9.1760172e+02   1.5740667e-47
   9.1971771e+02   1.5795503e-47
   9.2183859e+02   1.5850604e-47
   9.2396436e+02   1.5905971e-47
   9.2609503e+02   1.5961605e-47
   9.2823061e+02   1.6017507e-47
   9.3037112e+02   1.6073678e-47
   9.3251656e+02   1.6130119e-47
   9.3466695e+02   1.6186831e-47
   9.3682230e+02   1.6243815e-47
   9.3898262e+02   1.6301073e-47
   9.4114792e+02   1.6358605e-47
   9.4331821e+02   1.6416413e-47
   9.4549351e+02   1.6474498e-47
   9.4767383e+02   1.6532861e-47
   9.4985917e+02   1.6591503e-47
   9.5204955e+02   1.6650426e-47
   9.5424499e+02   1.6709631e-47
   9.5644548e+02   1.6769120e-47
   9.5865105e+02   1.6828892e-47
   9.6086171e+02   1.6888951e-47
   9.6307746e+02   1.6949296e-47
   9.6529833e+02   1.7009931e-47
   9.6752431e+02   1.7070854e-47
   9.6975543e+02   1.7132069e-47
   9.7199169e+02   1.7193575e-47
   9.7423312e+02   1.7255376e-47
   9.7647970e+02   1.7317471e-47
   9.7873147e+02   1.7379863e-47
   9.8098844e+02   1.7442553e-47
   9.8325060e+02   1.7505541e-47
   9.8551799e+02   1.7568829e-47
   9.8779060e+02   1.7632419e-47
   9.9006845e+02   1.7696312e-47
   9.9235156e+02   1.7760511e-47
   9.9463993e+02   1.7825014e-47
   9.9693357e+02   1.7889825e-47
   9.9923251e+02   1.7954944e-47
   1.0015367e+03   1.8020374e-47
   1.0038463e+03   1.8086116e-47
   1.0061612e+03   1.8152170e-47
   1.0084814e+03   1.8218538e-47
   1.0108070e+03   1.8285221e-47
   1.0131379e+03   1.8352222e-47
   1.0154742e+03   1.8419542e-47
   1.0178159e+03   1.8487182e-47
   1.0201630e+03   1.8555144e-47
   1.0225155e+03   1.8623428e-47
   1.0248734e+03   1.8692037e-47
   1.0272368e+03   1.8760972e-47
   1.0296056e+03   1.8830234e-47
   1.0319799e+03   1.8899825e-47
   1.0343596e+03   1.8969747e-47
   1.0367449e+03   1.9040000e-47
   1.0391356e+03   1.9110588e-47
   1.0415319e+03   1.9181510e-47
   1.0439336e+03   1.9252769e-47
   1.0463410e+03   1.9324366e-47
   1.0487538e+03   1.9396302e-47
   1.0511723e+03   1.9468579e-47
   1.0535963e+03   1.9541200e-47
   1.0560259e+03   1.9614164e-47
   1.0584611e+03   1.9687474e-47
   1.0609019e+03   1.9761132e-47
   1.0633483e+03   1.9835139e-47
   1.0658004e+03   1.9909497e-47
   1.0682582e+03   1.9984206e-47
   1.0707216e+03   2.0059270e-47
   1.0731907e+03   2.0134688e-47
   1.0756655e+03   2.0210465e-47
   1.0781460e+03   2.0286600e-47
   1.0806322e+03   2.0363095e-47
   1.0831241e+03   2.0439952e-47
   1.0856218e+03   2.0517173e-47
   1.0881253e+03   2.0594759e-47
   1.0906345e+03   2.0672712e-47
   1.0931495e+03   2.0751034e-47
   1.0956703e+03   2.0829726e-47
   1.0981969e+03   2.0908791e-47
   1.1007294e+03   2.0988228e-47
   1.1032677e+03   2.1068042e-47
   1.1058118e+03   2.1148233e-47
   1.1083618e+03   2.1228803e-47
   1.1109177e+03   2.1309753e-47
   1.1134795e+03   2.1391086e-47
   1.1160472e+03   2.1472802e-47
   1.1186208e+03   2.1554906e-47
   1.1212004e+03   2.1637396e-47
   1.1237859e+03   2.1720276e-47
   1.1263773e+03   2.1803548e-47
   1.1289747e+03   2.1887211e-47
   1.1315782e+03   2.1971271e-47
   1.1341876e+03   2.2055727e-47
   1.1368030e+03   2.2140581e-47
   1.1394245e+03   2.2225835e-47
   1.1420520e+03   2.2311492e-47
   1.1446856e+03   2.2397553e-47
   1.1473253e+03   2.2484020e-47
   1.1499710e+03   2.2570894e-47
   1.1526229e+03   2.2658178e-47
   1.1552808e+03   2.2745873e-47
   1.1579449e+03   2.2833983e-47
   1.1606151e+03   2.2922507e-47
   1.1632915e+03   2.3011449e-47
   1.1659741e+03   2.3100809e-47
   1.1686628e+03   2.3190591e-47
   1.1713578e+03   2.3280796e-47
   1.1740589e+03   2.3371425e-47
   1.1767663e+03   2.3462483e-47
   1.1794800e+03   2.3553969e-47
   1.1821998e+03   2.3645885e-47
   1.1849260e+03   2.3738235e-47
   1.1876585e+03   2.3831021e-47
   1.1903972e+03   2.3924243e-47
   1.1931423e+03   2.4017906e-47
   1.1958937e+03   2.4112010e-47
   1.1986514e+03   2.4206558e-47
   1.2014155e+03   2.4301554e-47
   1.2041860e+03   2.4396998e-47
   1.2069628e+03   2.4492893e-47
   1.2097461e+03   2.4589245e-47
   1.2125358e+03   2.4686056e-47
   1.2153319e+03   2.4783331e-47
   1.2181345e+03   2.4881077e-47
   1.2209435e+03   2.4979305e-47
   1.2237590e+03   2.5078034e-47
   1.2265810e+03   2.5177297e-47
   1.2294095e+03   2.5277180e-47
   1.2322445e+03   2.5377917e-47
   1.2350861e+03   2.5480462e-47
   1.2379342e+03   2.5592675e-47
   1.2407889e+03   6.9596978e-47
   1.2436502e+03   2.5794575e-47
   1.2465180e+03   2.5886821e-47
   1.2493925e+03   2.5987798e-47
   1.2522736e+03   2.6090499e-47
   1.2551614e+03   2.6194051e-47
   1.2580558e+03   2.6298242e-47
   1.2609569e+03   2.6403014e-47
   1.2638646e+03   2.6508356e-47
   1.2667791e+03   2.6614312e-47
   1.2697003e+03   2.6721055e-47
   1.2726283e+03   2.6829460e-47
   1.2755630e+03   2.6952476e-47
   1.2785044e+03   2.7085345e-47
   1.2814527e+03   2.7153536e-47
   1.2844077e+03   2.7260065e-47
   1.2873696e+03   2.7368794e-47
   1.2903382e+03   2.7478388e-47
   1.2933138e+03   2.7588612e-47
   1.2962962e+03   2.7699405e-47
   1.2992854e+03   2.7810742e-47
   1.3022816e+03   2.7922615e-47
   1.3052847e+03   2.8035021e-47
   1.3082947e+03   2.8147960e-47
   1.3113116e+03   2.8261431e-47
   1.3143355e+03   2.8375435e-47
   1.3173664e+03   2.8489977e-47
   1.3204042e+03   2.8605055e-47
   1.3234491e+03   2.8720674e-47
   1.3265010e+03   2.8836836e-47
   1.3295599e+03   2.8953541e-47
   1.3326259e+03   2.9070794e-47
   1.3356989e+03   2.9188597e-47
   1.3387790e+03   2.9306950e-47
   1.3418663e+03   2.9425859e-47
   1.3449606e+03   2.9545323e-47
   1.3480621e+03   2.9665348e-47
   1.3511708e+03   2.9785935e-47
   1.3542866e+03   2.9907085e-47
   1.3574096e+03   3.0028803e-47
   1.3605398e+03   3.0151091e-47
   1.3636772e+03   3.0273951e-47
   1.3668218e+03   3.0397385e-47
   1.3699737e+03   3.0521399e-47
   1.3731329e+03   3.0645991e-47
   1.3762993e+03   3.0771166e-47
   1.3794731e+03   3.0896927e-47
   1.3826542e+03   3.1023276e-47
   1.3858426e+03   3.1150215e-47
   1.3890384e+03   3.1277749e-47
   1.3922415e+03   3.1405877e-47
   1.3954520e+03   3.1534606e-47
   1.3986699e+03   3.1663937e-47
   1.4018953e+03   3.1793871e-47
   1.4051281e+03   3.1924413e-47
   1.4083683e+03   3.2055566e-47
   1.4116160e+03   3.2187330e-47
   1.4148712e+03   3.2319712e-47
   1.4181339e+03   3.2452711e-47
   1.4214041e+03   3.2586332e-47
   1.4246819e+03   3.2720577e-47
   1.4279672e+03   3.2855449e-47
   1.4312601e+03   3.2990951e-47
   1.4345606e+03   3.3127087e-47
   1.4378687e+03   3.3263857e-47
   1.4411845e+03   3.3401267e-47
   1.4445079e+03   3.3539318e-47
   1.4478389e+03   3.3678015e-47
   1.4511776e+03   3.3817358e-47
   1.4545241e+03   3.3957352e-47
   1.4578782e+03   3.4098000e-47
   1.4612401e+03   3.4239304e-47
   1.4646097e+03   3.4381269e-47
   1.4679871e+03   3.4523895e-47
   1.4713723e+03   3.4667189e-47
   1.4747653e+03   3.4811149e-47
   1.4781661e+03   3.4955783e-47
   1.4815748e+03   3.5101091e-47
   1.4849913e+03   3.5247077e-47
   1.4884157e+03   3.5393746e-47
   1.4918480e+03   3.5541098e-47
   1.4952882e+03   3.5689137e-47
   1.4987364e+03   3.5837867e-47
   1.5021925e+03   3.5987292e-47
   1.5056565e+03   3.6137414e-47
   1.5091286e+03   3.6288236e-47
   1.5126086e+03   3.6439762e-47
   1.5160967e+03   3.6591996e-47
   1.5195929e+03   3.6744939e-47
   1.5230970e+03   3.6898597e-47
   1.5266093e+03   3.7052971e-47
   1.5301297e+03   3.7208068e-47
   1.5336582e+03   3.7363889e-47
   1.5371948e+03   3.7520439e-47
   1.5407396e+03   3.7677723e-47
   1.5442926e+03   3.7835743e-47
   1.5478537e+03   3.7994509e-47
   1.5514231e+03   3.8154028e-47
   1.5550007e+03   3.8314311e-47
   1.5585865e+03   3.8475384e-47
   1.5621806e+03   3.8637300e-47
   1.5657830e+03   3.8800214e-47
   1.5693937e+03   3.8964826e-47
   1.5730128e+03   3.9138751e-47
   1.5766401e+03   3.9427482e-47
   1.5802759e+03   3.9461482e-47
   1.5839200e+03   3.9624492e-47
   1.5875725e+03   3.9790830e-47
   1.5912335e+03   3.9958424e-47
   1.5949029e+03   4.0126973e-47
   1.5985807e+03   4.0296423e-47
   1.6022671e+03   4.0466848e-47
   1.6059619e+03   4.0638747e-47
   1.6096653e+03   4.0820218e-47
   1.6133772e+03   4.1001782e-47
   1.6170976e+03   4.1156753e-47
   1.6208267e+03   4.1329770e-47
   1.6245643e+03   4.1504469e-47
   1.6283106e+03   4.1680166e-47
   1.6320655e+03   4.1856746e-47
   1.6358290e+03   4.2034175e-47
   1.6396013e+03   4.2212444e-47
   1.6433822e+03   4.2391551e-47
   1.6471719e+03   4.2571496e-47
   1.6509702e+03   4.2752282e-47
   1.6547774e+03   4.2933912e-47
   1.6585933e+03   4.3116388e-47
   1.6624181e+03   4.3299714e-47
   1.6662516e+03   4.3483894e-47
   1.6700940e+03   4.3668934e-47
   1.6739452e+03   4.3854833e-47
   1.6778054e+03   4.4041598e-47
   1.6816744e+03   4.4229233e-47
   1.6855524e+03   4.4417741e-47
   1.6894393e+03   4.4607125e-47
   1.6933351e+03   4.4797392e-47
   1.6972400e+03   4.4988543e-47
   1.7011538e+03   4.5180584e-47
   1.7050767e+03   4.5373518e-47
   1.7090086e+03   4.5567349e-47
   1.7129496e+03   4.5762083e-47
   1.7168997e+03   4.5957722e-47
   1.7208588e+03   4.6154271e-47
   1.7248272e+03   4.6351734e-47
   1.7288046e+03   4.6550117e-47
   1.7327913e+03   4.6749421e-47
   1.7367871e+03   4.6949652e-47
   1.7407921e+03   4.7150814e-47
   1.7448064e+03   4.7352912e-47
   1.7488300e+03   4.7555948e-47
   1.7528628e+03   4.7759931e-47
   1.7569049e+03   4.7964859e-47
   1.7609563e+03   4.8170742e-47
   1.7650171e+03   4.8377582e-47
   1.7690872e+03   4.8585383e-47
   1.7731668e+03   4.8794151e-47
   1.7772557e+03   4.9003888e-47
   1.7813541e+03   4.9214600e-47
   1.7854619e+03   4.9426292e-47
   1.7895792e+03   4.9638969e-47
   1.7937060e+03   4.9852633e-47
   1.7978423e+03   5.0067290e-47
   1.8019881e+03   5.0282945e-47
   1.8061435e+03   5.0499602e-47
   1.8103085e+03   5.0717266e-47
   1.8144831e+03   5.0935943e-47
   1.8186673e+03   5.1155636e-47
   1.8228611e+03   5.1376348e-47
   1.8270647e+03   5.1598086e-47
   1.8312779e+03   5.1820856e-47
   1.8355008e+03   5.2044660e-47
   1.8397335e+03   5.2269505e-47
   1.8439759e+03   5.2495395e-47
   1.8482282e+03   5.2722334e-47
   1.8524902e+03   5.2950329e-47
   1.8567621e+03   5.3179385e-47
   1.8610438e+03   5.3409507e-47
   1.8653353e+03   5.3640701e-47
   1.8696368e+03   5.3872974e-47
   1.8739482e+03   5.4106334e-47
   1.8782696e+03   5.4340796e-47
   1.8826009e+03   5.4576388e-47
   1.8869422e+03   5.4813192e-47
   1.8912935e+03   5.5051598e-47
   1.8956548e+03   5.5298164e-47
   1.9000262e+03   5.5542321e-47
   1.9044077e+03   5.5771500e-47
   1.9087992e+03   5.6012834e-47
   1.9132009e+03   5.6255898e-47
   1.9176128e+03   5.6500233e-47
   1.9220348e+03   5.6745773e-47
   1.9264671e+03   5.6992548e-47
   1.9309095e+03   5.7240858e-47
   1.9353622e+03   5.7501220e-47
   1.9398252e+03   5.7742144e-47
   1.9442984e+03   5.7990944e-47
   1.9487820e+03   5.8243104e-47
   1.9532759e+03   5.8496640e-47
   1.9577802e+03   5.8751405e-47
   1.9622948e+03   5.9007369e-47
   1.9668199e+03   5.9264531e-47
   1.9713554e+03   5.9522891e-47
   1.9759013e+03   5.9782452e-47
   1.9804578e+03   6.0043221e-47
   1.9850247e+03   6.0305200e-47
   1.9896022e+03   6.0568397e-47
   1.9941903e+03   6.0832815e-47
   1.9987889e+03   6.1098462e-47
   2.0033981e+03   6.1365339e-47
   2.0080179e+03   6.1633458e-47
   2.0126484e+03   6.1902820e-47
   2.0172896e+03   6.2173432e-47
   2.0219415e+03   6.2445299e-47
   2.0266041e+03   6.2718430e-47
   2.0312775e+03   6.2992826e-47
   2.0359616e+03   6.3268496e-47
   2.0406566e+03   6.3545445e-47
   2.0453623e+03   6.3823680e-47
   2.0500790e+03   6.4103206e-47
   2.0548065e+03   6.4384029e-47
   2.0595449e+03   6.4666153e-47
   2.0642942e+03   6.4949588e-47
   2.0690545e+03   6.5234336e-47
   2.0738257e+03   6.5520406e-47
   2.0786080e+03   6.5807803e-47
   2.0834013e+03   6.6096534e-47
   2.0882056e+03   6.6386604e-47
   2.0930210e+03   6.6678018e-47
   2.0978475e+03   6.6970785e-47
   2.1026852e+03   6.7264911e-47
   2.1075340e+03   6.7560401e-47
   2.1123940e+03   6.7857260e-47
   2.1172652e+03   6.8155496e-47
   2.1221476e+03   6.8455116e-47
   2.1270413e+03   6.8756126e-47
   2.1319463e+03   6.9058532e-47
   2.1368626e+03   6.9362340e-47
   2.1417902e+03   6.9667556e-47
   2.1467292e+03   6.9974189e-47
   2.1516796e+03   7.0282244e-47
   2.1566413e+03   7.0591727e-47
   2.1616146e+03   7.0902646e-47
   2.1665993e+03   7.1215006e-47
   2.1715955e+03   7.1528814e-47
   2.1766032e+03   7.1844078e-47
   2.1816224e+03   7.2160805e-47
   2.1866533e+03   7.2478998e-47
   2.1916957e+03   7.2798669e-47
   2.1967498e+03   7.3119820e-47
   2.2018155e+03   7.3442463e-47
   2.2068929e+03   7.3766599e-47
   2.2119820e+03   7.4092241e-47
   2.2170829e+03   7.4419392e-47
   2.2221955e+03   7.4748061e-47
   2.2273199e+03   7.5078256e-47
   2.2324561e+03   7.5409985e-47
   2.2376042e+03   7.5743262e-47
   2.2427641e+03   7.6078106e-47
   2.2479359e+03   7.6414592e-47
   2.2531197e+03   7.6753514e-47
   2.2583154e+03   7.7100956e-47
   2.2635231e+03   7.7433238e-47
   2.2687428e+03   7.7775592e-47
   2.2739745e+03   7.8119749e-47
   2.2792183e+03   7.8465544e-47
   2.2844742e+03   7.8812959e-47
   2.2897422e+03   7.9161992e-47
   2.2950224e+03   7.9512655e-47
   2.3003147e+03   7.9864982e-47
   2.3056193e+03   8.0219286e-47
   2.3109361e+03   8.0581103e-47
   2.3162651e+03   8.0931748e-47
   2.3216064e+03   8.1290451e-47
   2.3269601e+03   8.1650932e-47
   2.3323261e+03   8.2013105e-47
   2.3377044e+03   8.2376962e-47
   2.3430952e+03   8.2742508e-47
   2.3484984e+03   8.3109750e-47
   2.3539140e+03   8.3478695e-47
   2.3593422e+03   8.3849349e-47
   2.3647828e+03   8.4221721e-47
   2.3702360e+03   8.4595820e-47
   2.3757018e+03   8.4971653e-47
   2.3811802e+03   8.5349226e-47
   2.3866712e+03   8.5728550e-47
   2.3921749e+03   8.6109631e-47
   2.3976913e+03   8.6492478e-47
   2.4032204e+03   8.6877098e-47
   2.4087622e+03   8.7263546e-47
   2.4143168e+03   8.7651792e-47
   2.4198843e+03   8.8041839e-47
   2.4254646e+03   8.8433693e-47
   2.4310577e+03   8.8827360e-47
   2.4366637e+03   8.9222854e-47
   2.4422827e+03   8.9620177e-47
   2.4479146e+03   9.0019343e-47
   2.4535595e+03   9.0420358e-47
   2.4592175e+03   9.0823231e-47
   2.4648884e+03   9.1227970e-47
   2.4705725e+03   9.1634583e-47
   2.4762696e+03   9.2043080e-47
   2.4819799e+03   9.2453469e-47
   2.4877034e+03   9.2865759e-47
   2.4934401e+03   9.3279960e-47
   2.4991900e+03   9.3696079e-47
   2.5049531e+03   9.4114125e-47
   2.5107295e+03   9.4534110e-47
   2.5165193e+03   9.4956038e-47
   2.5223224e+03   9.5379920e-47
   2.5281389e+03   9.5805766e-47
   2.5339688e+03   9.6233585e-47
   2.5398122e+03   9.6663385e-47
   2.5456690e+03   9.7095175e-47
   2.5515393e+03   9.7528967e-47
   2.5574232e+03   9.7964942e-47
   2.5633206e+03   9.8403003e-47
   2.5692317e+03   9.8843094e-47
   2.5751563e+03   9.9285220e-47
   2.5810947e+03   9.9729395e-47
   2.5870467e+03   1.0017562e-46
   2.5930124e+03   1.0062393e-46
   2.5989920e+03   1.0107429e-46
   2.6049852e+03   1.0152676e-46
   2.6109924e+03   1.0198130e-46
   2.6170133e+03   1.0243796e-46
   2.6230482e+03   1.0289674e-46
   2.6290970e+03   1.0335764e-46
   2.6351597e+03   1.0382067e-46
   2.6412364e+03   1.0428584e-46
   2.6473271e+03   1.0475318e-46
   2.6534318e+03   1.0522271e-46
   2.6595507e+03   1.0569493e-46
   2.6656836e+03   1.0616883e-46
   2.6718307e+03   1.0664426e-46
   2.6779920e+03   1.0712246e-46
   2.6841674e+03   1.0760290e-46
   2.6903571e+03   1.0808559e-46
   2.6965611e+03   1.0857050e-46
   2.7027794e+03   1.0905767e-46
   2.7090121e+03   1.0954708e-46
   2.7152591e+03   1.1003876e-46
   2.7215205e+03   1.1053274e-46
   2.7277963e+03   1.1102900e-46
   2.7340866e+03   1.1152832e-46
   2.7403915e+03   1.1202851e-46
   2.7467108e+03   1.1253155e-46
   2.7530448e+03   1.1303702e-46
   2.7593933e+03   1.1354486e-46
   2.7657565e+03   1.1405505e-46
   2.7721343e+03   1.1456759e-46
   2.7785269e+03   1.1508252e-46
   2.7849342e+03   1.1559983e-46
   2.7913563e+03   1.1611953e-46
   2.7977932e+03   1.1664162e-46
   2.8042449e+03   1.1716614e-46
   2.8107115e+03   1.1769310e-46
   2.8171930e+03   1.1822248e-46
   2.8236895e+03   1.1875433e-46
   2.8302010e+03   1.1928862e-46
   2.8367274e+03   1.1982540e-46
   2.8432689e+03   1.2036466e-46
   2.8498255e+03   1.2090641e-46
   2.8563972e+03   1.2145067e-46
   2.8629841e+03   1.2199746e-46
   2.8695862e+03   1.2254676e-46
   2.8762035e+03   1.2309860e-46
   2.8828360e+03   1.2365302e-46
   2.8894839e+03   1.2421000e-46
   2.8961470e+03   1.2476955e-46
   2.9028256e+03   1.2533167e-46
   2.9095195e+03   1.2589643e-46
   2.9162289e+03   1.2646379e-46
   2.9229537e+03   1.2703377e-46
   2.9296941e+03   1.2760639e-46
   2.9364500e+03   1.2818166e-46
   2.9432215e+03   1.2875958e-46
   2.9500085e+03   1.2934019e-46
   2.9568113e+03   1.2992348e-46
   2.9636297e+03   1.3050947e-46
   2.9704639e+03   1.3109817e-46
   2.9773138e+03   1.3168960e-46
   2.9841795e+03   1.3228377e-46
   2.9910610e+03   1.3288070e-46
   2.9979584e+03   1.3348036e-46
   3.0048718e+03   1.3408283e-46
   3.0118010e+03   1.3468807e-46
   3.0187463e+03   1.3529610e-46
   3.0257075e+03   1.3590696e-46
   3.0326848e+03   1.3652065e-46
   3.0396782e+03   1.3713717e-46
   3.0466877e+03   1.3775654e-46
   3.0537134e+03   1.3837878e-46
   3.0607553e+03   1.3900391e-46
   3.0678134e+03   1.3963192e-46
   3.0748878e+03   1.4026285e-46
   3.0819785e+03   1.4089669e-46
   3.0890856e+03   1.4153349e-46
   3.0962091e+03   1.4221736e-46
   3.1033489e+03   1.4281591e-46
   3.1105053e+03   1.4346151e-46
   3.1176781e+03   1.4411016e-46
   3.1248675e+03   1.4476178e-46
   3.1320735e+03   1.4541644e-46
   3.1392961e+03   1.4607413e-46
   3.1465353e+03   1.4673487e-46
   3.1537913e+03   1.4739866e-46
   3.1610639e+03   1.4806550e-46
   3.1683534e+03   1.4873546e-46
   3.1756596e+03   1.4940850e-46
   3.1829827e+03   1.5008467e-46
   3.1903227e+03   1.5076529e-46
   3.1976796e+03   1.5144699e-46
   3.2050535e+03   1.5213301e-46
   3.2124443e+03   1.5282223e-46
   3.2198523e+03   1.5351465e-46
   3.2272773e+03   1.5421028e-46
   3.2347194e+03   1.5490911e-46
   3.2421787e+03   1.5561120e-46
   3.2496552e+03   1.5631653e-46
   3.2571489e+03   1.5702511e-46
   3.2646599e+03   1.5773697e-46
   3.2721882e+03   1.5845213e-46
   3.2797339e+03   1.5917057e-46
   3.2872970e+03   1.5989236e-46
   3.2948776e+03   1.6061750e-46
   3.3024756e+03   1.6134596e-46
   3.3100911e+03   1.6207783e-46
   3.3177242e+03   1.6281306e-46
   3.3253749e+03   1.6355169e-46
   3.3330432e+03   1.6429374e-46
   3.3407293e+03   1.6503922e-46
   3.3484330e+03   1.6578816e-46
   3.3561545e+03   1.6654055e-46
   3.3638938e+03   1.6729643e-46
   3.3716510e+03   1.6805578e-46
   3.3794261e+03   1.6881867e-46
   3.3872190e+03   1.6958509e-46
   3.3950300e+03   1.7035504e-46
   3.4028590e+03   1.7112855e-46
   3.4107060e+03   1.7190564e-46
   3.4185711e+03   1.7268633e-46
   3.4264543e+03   1.7347063e-46
   3.4343558e+03   1.7425856e-46
   3.4422754e+03   1.7505015e-46
   3.4502133e+03   1.7584537e-46
   3.4581695e+03   1.7664427e-46
   3.4661441e+03   1.7744688e-46
   3.4741371e+03   1.7825321e-46
   3.4821485e+03   1.7906326e-46
   3.4901783e+03   1.7987705e-46
   3.4982267e+03   1.8069462e-46
   3.5062936e+03   1.8151596e-46
   3.5143792e+03   1.8234111e-46
   3.5224834e+03   1.8317005e-46
   3.5306062e+03   1.8400288e-46
   3.5387478e+03   1.8484099e-46
   3.5469082e+03   1.8568003e-46
   3.5550874e+03   1.8652441e-46
   3.5632855e+03   1.8737271e-46
   3.5715024e+03   1.8822493e-46
   3.5797383e+03   1.8908112e-46
   3.5879932e+03   1.8994124e-46
   3.5962672e+03   1.9080535e-46
   3.6045602e+03   1.9167345e-46
   3.6128724e+03   1.9254557e-46
   3.6212037e+03   1.9342173e-46
   3.6295542e+03   1.9430194e-46
   3.6379240e+03   1.9518621e-46
   3.6463130e+03   1.9607460e-46
   3.6547215e+03   1.9696727e-46
   3.6631493e+03   1.9786369e-46
   3.6715965e+03   1.9876443e-46
   3.6800633e+03   1.9966933e-46
   3.6885495e+03   2.0057845e-46
   3.6970553e+03   2.0149175e-46
   3.7055808e+03   2.0240929e-46
   3.7141259e+03   2.0333106e-46
   3.7226907e+03   2.0425709e-46
   3.7312752e+03   2.0518743e-46
   3.7398796e+03   2.0612204e-46
   3.7485038e+03   2.0706099e-46
   3.7571479e+03   2.0800429e-46
   3.7658119e+03   2.0895197e-46
   3.7744959e+03   2.0990400e-46
   3.7831999e+03   2.1086043e-46
   3.7919240e+03   2.1182130e-46
   3.8006682e+03   2.1278661e-46
   3.8094325e+03   2.1375639e-46
   3.8182171e+03   2.1473066e-46
   3.8270220e+03   2.1570941e-46
   3.8358471e+03   2.1669271e-46
   3.8446926e+03   2.1768055e-46
   3.8535585e+03   2.1867297e-46
   3.8624448e+03   2.1966999e-46
   3.8713516e+03   2.2067159e-46
   3.8802790e+03   2.2167782e-46
   3.8892270e+03   2.2268874e-46
   3.8981955e+03   2.2370431e-46
   3.9071848e+03   2.2472459e-46
   3.9161948e+03   2.2574957e-46
   3.9252256e+03   2.2677932e-46
   3.9342772e+03   2.2781380e-46
   3.9433497e+03   2.2885309e-46
   3.9524431e+03   2.2989719e-46
   3.9615574e+03   2.3094610e-46
   3.9706928e+03   2.3199990e-46
   3.9798493e+03   2.3305998e-46
   3.9890268e+03   2.3412207e-46
   3.9982255e+03   2.3519053e-46
   4.0074455e+03   2.3626392e-46
   4.0166867e+03   2.3734231e-46
   4.0259492e+03   2.3842565e-46
   4.0352331e+03   2.3951404e-46
   4.0445383e+03   2.4060744e-46
   4.0538651e+03   2.4170588e-46
   4.0632133e+03   2.4280941e-46
   4.0725831e+03   2.4391808e-46
   4.0819745e+03   2.4503184e-46
   4.0913876e+03   2.4615078e-46
   4.1008224e+03   2.4727487e-46
   4.1102789e+03   2.4840417e-46
   4.1197572e+03   2.4954363e-46
   4.1292574e+03   2.5067847e-46
   4.1387795e+03   2.5182351e-46
   4.1483236e+03   2.5297386e-46
   4.1578896e+03   2.5412951e-46
   4.1674778e+03   2.5529054e-46
   4.1770880e+03   2.5645691e-46
   4.1867204e+03   2.5762869e-46
   4.1963750e+03   2.5880589e-46
   4.2060519e+03   2.5998854e-46
   4.2157511e+03   2.6117663e-46
   4.2254726e+03   2.6237025e-46
   4.2352166e+03   2.6356938e-46
   4.2449830e+03   2.6477405e-46
   4.2547720e+03   2.6598430e-46
   4.2645835e+03   2.6720015e-46
   4.2744177e+03   2.6842163e-46
   4.2842745e+03   2.6964875e-46
   4.2941541e+03   2.7088153e-46
   4.3040565e+03   2.7212003e-46
   4.3139816e+03   2.7336426e-46
   4.3239297e+03   2.7461425e-46
   4.3339007e+03   2.7587004e-46
   4.3438947e+03   2.7713160e-46
   4.3539118e+03   2.7839904e-46
   4.3639519e+03   2.7967231e-46
   4.3740153e+03   2.8095147e-46
   4.3841018e+03   2.8223657e-46
   4.3942115e+03   2.8352777e-46
   4.4043446e+03   2.8482466e-46
   4.4145011e+03   2.8612761e-46
   4.4246810e+03   2.8743662e-46
   4.4348843e+03   2.8875172e-46
   4.4451112e+03   2.9007288e-46
   4.4553616e+03   2.9140016e-46
   4.4656357e+03   2.9273359e-46
   4.4759335e+03   2.9407318e-46
   4.4862551e+03   2.9541899e-46
   4.4966004e+03   2.9677101e-46
   4.5069696e+03   2.9812926e-46
   4.5173627e+03   2.9949383e-46
   4.5277798e+03   3.0086471e-46
   4.5382209e+03   3.0224191e-46
   4.5486860e+03   3.0362550e-46
   4.5591753e+03   3.0501550e-46
   4.5696888e+03   3.0641197e-46
   4.5802266e+03   3.0781478e-46
   4.5907886e+03   3.0922414e-46
   4.6013750e+03   3.1064003e-46
   4.6119858e+03   3.1206247e-46
   4.6226211e+03   3.1349149e-46
   4.6332809e+03   3.1492712e-46
   4.6439653e+03   3.1636940e-46
   4.6546743e+03   3.1781833e-46
   4.6654080e+03   3.1927396e-46
   4.6761665e+03   3.2073636e-46
   4.6869497e+03   3.2220552e-46
   4.6977579e+03   3.2368148e-46
   4.7085910e+03   3.2516424e-46
   4.7194490e+03   3.2665390e-46
   4.7303321e+03   3.2815040e-46
   4.7412403e+03   3.2965388e-46
   4.7521736e+03   3.3116429e-46
   4.7631321e+03   3.3268169e-46
   4.7741160e+03   3.3420615e-46
   4.7851251e+03   3.3573812e-46
   4.7961597e+03   3.3727616e-46
   4.8072196e+03   3.3882181e-46
   4.8183051e+03   3.4037464e-46
   4.8294162e+03   3.4193468e-46
   4.8405528e+03   3.4350189e-46
   4.8517152e+03   3.4507640e-46
   4.8629033e+03   3.4665815e-46
   4.8741172e+03   3.4824725e-46
   4.8853569e+03   3.4984369e-46
   4.8966226e+03   3.5144753e-46
   4.9079142e+03   3.5305880e-46
   4.9192319e+03   3.5467752e-46
   4.9305757e+03   3.5630372e-46
   4.9419457e+03   3.5793745e-46
   4.9533418e+03   3.5957872e-46
   4.9647643e+03   3.6122762e-46
   4.9762131e+03   3.6288417e-46
   4.9876882e+03   3.6454834e-46
   4.9991899e+03   3.6622018e-46
   5.0107181e+03   3.6789979e-46
   5.0222728e+03   3.6958721e-46
   5.0338542e+03   3.7128238e-46
   5.0454623e+03   3.7298544e-46
   5.0570972e+03   3.7469635e-46
   5.0687589e+03   3.7641521e-46
   5.0804475e+03   3.7814202e-46
   5.0921630e+03   3.7987678e-46
   5.1039056e+03   3.8161962e-46
   5.1156753e+03   3.8337053e-46
   5.1274720e+03   3.8512999e-46
   5.1392960e+03   3.8689667e-46
   5.1511473e+03   3.8867192e-46
   5.1630259e+03   3.9045543e-46
   5.1749319e+03   3.9224721e-46
   5.1868653e+03   3.9404727e-46
   5.1988262e+03   3.9585567e-46
   5.2108148e+03   3.9767244e-46
   5.2228309e+03   3.9949764e-46
   5.2348748e+03   4.0133127e-46
   5.2469465e+03   4.0317339e-46
   5.2590460e+03   4.0502400e-46
   5.2711734e+03   4.0688320e-46
   5.2833288e+03   4.0875103e-46
   5.2955122e+03   4.1062747e-46
   5.3077236e+03   4.1251263e-46
   5.3199633e+03   4.1440651e-46
   5.3322312e+03   4.1630914e-46
   5.3445273e+03   4.1822058e-46
   5.3568519e+03   4.2014107e-46
   5.3692048e+03   4.2207007e-46
   5.3815862e+03   4.2400814e-46
   5.3939962e+03   4.2595524e-46
   5.4064348e+03   4.2791130e-46
   5.4189021e+03   4.2987645e-46
   5.4313981e+03   4.3185071e-46
   5.4439230e+03   4.3383408e-46
   5.4564767e+03   4.3582667e-46
   5.4690594e+03   4.3782859e-46
   5.4816711e+03   4.3983955e-46
   5.4943118e+03   4.4185986e-46
   5.5069818e+03   4.4388957e-46
   5.5196809e+03   4.4592866e-46
   5.5324093e+03   4.4797720e-46
   5.5451671e+03   4.5003524e-46
   5.5579543e+03   4.5210284e-46
   5.5707710e+03   4.5417995e-46
   5.5836172e+03   4.5626669e-46
   5.5964931e+03   4.5836314e-46
   5.6093986e+03   4.6046924e-46
   5.6223340e+03   4.6258512e-46
   5.6352991e+03   4.6471076e-46
   5.6482942e+03   4.6684629e-46
   5.6613192e+03   4.6899165e-46
   5.6743742e+03   4.7114701e-46
   5.6874594e+03   4.7331231e-46
   5.7005747e+03   4.7548764e-46
   5.7137202e+03   4.7767306e-46
   5.7268961e+03   4.7986872e-46
   5.7401024e+03   4.8207424e-46
   5.7533391e+03   4.8429014e-46
   5.7666064e+03   4.8651628e-46
   5.7799042e+03   4.8875274e-46
   5.7932327e+03   4.9099957e-46
   5.8065919e+03   4.9325683e-46
   5.8199820e+03   4.9552447e-46
   5.8334029e+03   4.9780268e-46
   5.8468548e+03   5.0009169e-46
   5.8603377e+03   5.0239071e-46
   5.8738517e+03   5.0470067e-46
   5.8873968e+03   5.0702137e-46
   5.9009732e+03   5.0935276e-46
   5.9145809e+03   5.1169498e-46
   5.9282199e+03   5.1404806e-46
   5.9418905e+03   5.1641199e-46
   5.9555925e+03   5.1878690e-46
   5.9693262e+03   5.2117278e-46
   5.9830915e+03   5.2356977e-46
   5.9968885e+03   5.2597780e-46
   6.0107174e+03   5.2839702e-46
   6.0245781e+03   5.3082741e-46
   6.0384709e+03   5.3326905e-46
   6.0523956e+03   5.3572204e-46
   6.0663525e+03   5.3818636e-46
   6.0803416e+03   5.4066211e-46
   6.0943629e+03   5.4314931e-46
   6.1084165e+03   5.4567133e-46
   6.1225026e+03   5.4815836e-46
   6.1366211e+03   5.5068028e-46
   6.1507722e+03   5.5321392e-46
   6.1649559e+03   5.5575927e-46
   6.1791724e+03   5.5831636e-46
   6.1934216e+03   5.6088539e-46
   6.2077037e+03   5.6346625e-46
   6.2220187e+03   5.6605907e-46
   6.2363667e+03   5.6866391e-46
   6.2507478e+03   5.7128084e-46
   6.2651621e+03   5.7391044e-46
   6.2796096e+03   5.7655108e-46
   6.2940904e+03   5.7920451e-46
   6.3086046e+03   5.8187026e-46
   6.3231523e+03   5.8454836e-46
   6.3377336e+03   5.8723882e-46
   6.3523484e+03   5.8994182e-46
   6.3669970e+03   5.9265726e-46
   6.3816793e+03   5.9538533e-46
   6.3963955e+03   5.9812602e-46
   6.4111457e+03   6.0087942e-46
   6.4259298e+03   6.0364559e-46
   6.4407481e+03   6.0642456e-46
   6.4556005e+03   6.0921638e-46
   6.4704871e+03   6.1202119e-46
   6.4854081e+03   6.1483894e-46
   6.5003635e+03   6.1766977e-46
   6.5153534e+03   6.2051373e-46
   6.5303779e+03   6.2337086e-46
   6.5454370e+03   6.2624117e-46
   6.5605308e+03   6.2912483e-46
   6.5756594e+03   6.3202186e-46
   6.5908230e+03   6.3493230e-46
   6.6060215e+03   6.3785624e-46
   6.6212550e+03   6.4079369e-46
   6.6365237e+03   6.4374478e-46
   6.6518275e+03   6.4670957e-46
   6.6671667e+03   6.4968805e-46
   6.6825412e+03   6.5268038e-46
   6.6979512e+03   6.5568654e-46
   6.7133968e+03   6.5870665e-46
   6.7288779e+03   6.6174074e-46
   6.7443947e+03   6.6478892e-46
   6.7599474e+03   6.6785119e-46
   6.7755359e+03   6.7092764e-46
   6.7911603e+03   6.7401838e-46
   6.8068208e+03   6.7712346e-46
   6.8225173e+03   6.8024292e-46
   6.8382501e+03   6.8337682e-46
   6.8540192e+03   6.8652526e-46
   6.8698246e+03   6.8968828e-46
   6.8856665e+03   6.9286595e-46
   6.9015449e+03   6.9605836e-46
   6.9174599e+03   6.9926562e-46
   6.9334116e+03   7.0248767e-46
   6.9494001e+03   7.0572467e-46
   6.9654255e+03   7.0897673e-46
   6.9814878e+03   7.1224379e-46
   6.9975872e+03   7.1552607e-46
   7.0137236e+03   7.1882350e-46
   7.0298973e+03   7.2213625e-46
   7.0461083e+03   7.2546433e-46
   7.0623567e+03   7.2880783e-46
   7.0786426e+03   7.3216686e-46
   7.0949660e+03   7.3554148e-46
   7.1113270e+03   7.3893169e-46
   7.1277258e+03   7.4233765e-46
   7.1441624e+03   7.4575942e-46
   7.1606369e+03   7.4919704e-46
   7.1771494e+03   7.5265058e-46
   7.1936999e+03   7.5612015e-46
   7.2102886e+03   7.5960580e-46
   7.2269156e+03   7.6310759e-46
   7.2435809e+03   7.6662568e-46
   7.2602847e+03   7.7016002e-46
   7.2770270e+03   7.7371077e-46
   7.2938079e+03   7.7727801e-46
   7.3106274e+03   7.8086171e-46
   7.3274858e+03   7.8446212e-46
   7.3443830e+03   7.8807918e-46
   7.3613192e+03   7.9171305e-46
   7.3782945e+03   7.9536375e-46
   7.3953089e+03   7.9903132e-46
   7.4123625e+03   8.0271599e-46
   7.4294555e+03   8.0641772e-46
   7.4465879e+03   8.1013656e-46
   7.4637598e+03   8.1387274e-46
   7.4809713e+03   8.1762621e-46
   7.4982224e+03   8.2139703e-46
   7.5155134e+03   8.2518543e-46
   7.5328442e+03   8.2899136e-46
   7.5502150e+03   8.3281493e-46
   7.5676259e+03   8.3665626e-46
   7.5850769e+03   8.4051542e-46
   7.6025681e+03   8.4439247e-46
   7.6200997e+03   8.4828747e-46
   7.6376717e+03   8.5220054e-46
   7.6552842e+03   8.5613180e-46
   7.6729374e+03   8.6008126e-46
   7.6906312e+03   8.6404909e-46
   7.7083659e+03   8.6803531e-46
   7.7261414e+03   8.7203998e-46
   7.7439580e+03   8.7606327e-46
   7.7618156e+03   8.8010520e-46
   7.7797144e+03   8.8416588e-46
   7.7976545e+03   8.8824545e-46
   7.8156359e+03   8.9234391e-46
   7.8336589e+03   8.9646139e-46
   7.8517233e+03   9.0059800e-46
   7.8698295e+03   9.0475376e-46
   7.8879774e+03   9.0892880e-46
   7.9061671e+03   9.1312323e-46
   7.9243988e+03   9.1733714e-46
   7.9426725e+03   9.2157058e-46
   7.9609884e+03   9.2582369e-46
   7.9793465e+03   9.3009653e-46
   7.9977469e+03   9.3438917e-46
   8.0161898e+03   9.3870181e-46
   8.0346752e+03   9.4303439e-46
   8.0532032e+03   9.4738741e-46
   8.0717739e+03   9.5176001e-46
   8.0903875e+03   9.5615320e-46
   8.1090440e+03   9.6056679e-46
   8.1277435e+03   9.6500086e-46
   8.1464861e+03   9.6945554e-46
   8.1652720e+03   9.7393084e-46
   8.1841012e+03   9.7842695e-46
   8.2029738e+03   9.8294395e-46
   8.2218899e+03   9.8748185e-46
   8.2408496e+03   9.9204091e-46
   8.2598531e+03   9.9662108e-46
   8.2789004e+03   1.0012225e-45
   8.2979916e+03   1.0058453e-45
   8.3171268e+03   1.0104895e-45
   8.3363062e+03   1.0151554e-45
   8.3555298e+03   1.0198428e-45
   8.3747977e+03   1.0245521e-45
   8.3941100e+03   1.0292832e-45
   8.4134669e+03   1.0340362e-45
   8.4328684e+03   1.0388114e-45
   8.4523147e+03   1.0436088e-45
   8.4718058e+03   1.0484283e-45
   8.4913419e+03   1.0532703e-45
   8.5109230e+03   1.0581347e-45
   8.5305492e+03   1.0630218e-45
   8.5502207e+03   1.0679316e-45
   8.5699376e+03   1.0728641e-45
   8.5896999e+03   1.0778195e-45
   8.6095078e+03   1.0827980e-45
   8.6293614e+03   1.0877995e-45
   8.6492608e+03   1.0928244e-45
   8.6692061e+03   1.0978725e-45
   8.6891973e+03   1.1029441e-45
   8.7092347e+03   1.1080393e-45
   8.7293182e+03   1.1131581e-45
   8.7494481e+03   1.1183007e-45
   8.7696244e+03   1.1234671e-45
   8.7898472e+03   1.1286576e-45
   8.8101167e+03   1.1338722e-45
   8.8304329e+03   1.1391110e-45
   8.8507959e+03   1.1443742e-45
   8.8712059e+03   1.1496619e-45
   8.8916630e+03   1.1549740e-45
   8.9121672e+03   1.1603108e-45
   8.9327188e+03   1.1656725e-45
   8.9533177e+03   1.1710590e-45
   8.9739641e+03   1.1764706e-45
   8.9946581e+03   1.1819073e-45
   9.0153999e+03   1.1873693e-45
   9.0361895e+03   1.1928567e-45
   9.0570270e+03   1.1983696e-45
   9.0779126e+03   1.2039080e-45
   9.0988463e+03   1.2094723e-45
   9.1198283e+03   1.2150623e-45
   9.1408587e+03   1.2206784e-45
   9.1619376e+03   1.2263206e-45
   9.1830651e+03   1.2319889e-45
   9.2042413e+03   1.2376837e-45
   9.2254664e+03   1.2434049e-45
   9.2467404e+03   1.2491532e-45
   9.2680634e+03   1.2549272e-45
   9.2894356e+03   1.2607285e-45
   9.3108571e+03   1.2665568e-45
   9.3323280e+03   1.2724123e-45
   9.3538485e+03   1.2782949e-45
   9.3754185e+03   1.2842049e-45
   9.3970383e+03   1.2901424e-45
   9.4187079e+03   1.2961074e-45
   9.4404276e+03   1.3021002e-45
   9.4621973e+03   1.3081208e-45
   9.4840172e+03   1.3141695e-45
   9.5058874e+03   1.3202463e-45
   9.5278080e+03   1.3263513e-45
   9.5497792e+03   1.3324847e-45
   9.5718011e+03   1.3386467e-45
   9.5938737e+03   1.3448373e-45
   9.6159973e+03   1.3510572e-45
   9.6381718e+03   1.3573053e-45
   9.6603975e+03   1.3635827e-45
   9.6826745e+03   1.3698893e-45
   9.7050028e+03   1.3762253e-45
   9.7273826e+03   1.3825908e-45
   9.7498140e+03   1.3889859e-45
   9.7722972e+03   1.3954107e-45
   9.7948322e+03   1.4018653e-45
   9.8174191e+03   1.4083501e-45
   9.8400582e+03   1.4148650e-45
   9.8627494e+03   1.4214102e-45
   9.8854930e+03   1.4279858e-45
   9.9082890e+03   1.4345921e-45
   9.9311376e+03   1.4412290e-45
   9.9540389e+03   1.4478969e-45
   9.9769930e+03   1.4545957e-45
   1.0000000e+04   1.4613258e-45
