   5.0000000e+00   2.8971444e-40
   5.0127000e+00   2.7499589e-40
   5.0254000e+00   2.6111328e-40
   5.0382000e+00   2.4806250e-40
   5.0509000e+00   2.3574532e-40
   5.0638000e+00   2.2419073e-40
   5.0766000e+00   2.1330603e-40
   5.0895000e+00   2.0309100e-40
   5.1024000e+00   1.9348810e-40
   5.1154000e+00   1.8449789e-40
   5.1283000e+00   1.7606636e-40
   5.1414000e+00   1.6822090e-40
   5.1544000e+00   1.6088386e-40
   5.1675000e+00   1.5408257e-40
   5.1806000e+00   1.4779265e-40
   5.1937000e+00   1.4201489e-40
   5.2069000e+00   1.3674964e-40
   5.2201000e+00   1.3199712e-40
   5.2334000e+00   1.2778042e-40
   5.2467000e+00   1.2409960e-40
   5.2600000e+00   1.2100000e-40
   5.2733000e+00   1.1857032e-40
   5.2867000e+00   1.1685610e-40
   5.3001000e+00   1.1599290e-40
   5.3136000e+00   1.1614373e-40
   5.3271000e+00   1.1754896e-40
   5.3406000e+00   1.2058236e-40
   5.3541000e+00   1.2582109e-40
   5.3677000e+00   1.3416589e-40
   5.3813000e+00   1.4711264e-40
   5.3950000e+00   1.6739184e-40
   5.4087000e+00   2.0008103e-40
   5.4224000e+00   2.5606400e-40
   5.4362000e+00   3.6187453e-40
   5.4500000e+00   5.9804702e-40
   5.4638000e+00   1.3181982e-39
   5.4777000e+00   6.1661756e-39
   5.4916000e+00   9.7050941e-38
   5.5055000e+00   2.5333102e-39
   5.5195000e+00   7.3782857e-40
   5.5335000e+00   3.4744960e-40
   5.5475000e+00   2.0383273e-40
   5.5616000e+00   1.3588565e-40
   5.5757000e+00   9.8537388e-41
   5.5899000e+00   7.5780507e-41
   5.6040000e+00   6.0843120e-41
   5.6183000e+00   5.0452609e-41
   5.6325000e+00   4.2886781e-41
   5.6468000e+00   3.7166093e-41
   5.6612000e+00   3.2700099e-41
   5.6755000e+00   2.9122212e-41
   5.6899000e+00   2.6190853e-41
   5.7044000e+00   2.3741256e-41
   5.7188000e+00   2.1660647e-41
   5.7333000e+00   1.9869306e-41
   5.7479000e+00   1.8307274e-41
   5.7625000e+00   1.6931579e-41
   5.7771000e+00   1.5708540e-41
   5.7918000e+00   1.4612271e-41
   5.8065000e+00   1.3624957e-41
   5.8212000e+00   1.2728483e-41
   5.8360000e+00   1.1911472e-41
   5.8508000e+00   1.1163617e-41
   5.8656000e+00   1.0476227e-41
   5.8805000e+00   9.8420238e-42
   5.8954000e+00   9.2555893e-42
   5.9104000e+00   8.7113522e-42
   5.9254000e+00   8.2065061e-42
   5.9404000e+00   7.7356297e-42
   5.9555000e+00   7.2964814e-42
   5.9706000e+00   6.8864256e-42
   5.9858000e+00   6.5025000e-42
   6.0010000e+00   6.1429623e-42
   6.0162000e+00   5.8061722e-42
   6.0315000e+00   5.4896490e-42
   6.0468000e+00   5.1920180e-42
   6.0621000e+00   4.9124290e-42
   6.0775000e+00   4.6491984e-42
   6.0929000e+00   4.4011844e-42
   6.1084000e+00   4.1677223e-42
   6.1239000e+00   3.9473742e-42
   6.1394000e+00   3.7395824e-42
   6.1550000e+00   3.5438062e-42
   6.1706000e+00   3.3587893e-42
   6.1863000e+00   3.1837265e-42
   6.2020000e+00   3.0185588e-42
   6.2177000e+00   2.8625256e-42
   6.2335000e+00   2.7149153e-42
   6.2493000e+00   2.5753830e-42
   6.2652000e+00   2.4432816e-42
   6.2811000e+00   2.3183108e-42
   6.2970000e+00   2.1998822e-42
   6.3130000e+00   2.0880250e-42
   6.3290000e+00   1.9819008e-42
   6.3451000e+00   1.8815609e-42
   6.3612000e+00   1.7864996e-42
   6.3773000e+00   1.6962458e-42
   6.3935000e+00   1.6108686e-42
   6.4097000e+00   1.5299216e-42
   6.4260000e+00   1.4532302e-42
   6.4423000e+00   1.3806250e-42
   6.4586000e+00   1.3117121e-42
   6.4750000e+00   1.2461257e-42
   6.4915000e+00   1.1841792e-42
   6.5079000e+00   1.1252966e-42
   6.5245000e+00   1.0695696e-42
   6.5410000e+00   1.0166689e-42
   6.5576000e+00   9.6636764e-43
   6.5743000e+00   9.1868391e-43
   6.5909000e+00   8.7343978e-43
   6.6077000e+00   8.3048592e-43
   6.6244000e+00   7.8971660e-43
   6.6412000e+00   7.5101289e-43
   6.6581000e+00   7.1426162e-43
   6.6750000e+00   6.7935509e-43
   6.6919000e+00   6.4622305e-43
   6.7089000e+00   6.1475008e-43
   6.7259000e+00   5.8485786e-43
   6.7430000e+00   5.5645632e-43
   6.7601000e+00   5.2948908e-43
   6.7773000e+00   5.0387283e-43
   6.7945000e+00   4.7951470e-43
   6.8117000e+00   4.5638131e-43
   6.8290000e+00   4.3439963e-43
   6.8463000e+00   4.1351330e-43
   6.8637000e+00   3.9365586e-43
   6.8811000e+00   3.7478884e-43
   6.8986000e+00   3.5685092e-43
   6.9161000e+00   3.3979573e-43
   6.9336000e+00   3.2359032e-43
   6.9512000e+00   3.0818042e-43
   6.9689000e+00   2.9352557e-43
   6.9866000e+00   2.7958714e-43
   7.0043000e+00   2.6633857e-43
   7.0221000e+00   2.5373384e-43
   7.0399000e+00   2.4174922e-43
   7.0578000e+00   2.3034240e-43
   7.0757000e+00   2.1950162e-43
   7.0936000e+00   2.0917817e-43
   7.1116000e+00   1.9937118e-43
   7.1297000e+00   1.9002625e-43
   7.1478000e+00   1.8114387e-43
   7.1659000e+00   1.7269011e-43
   7.1841000e+00   1.6464118e-43
   7.2023000e+00   1.5698236e-43
   7.2206000e+00   1.4969161e-43
   7.2389000e+00   1.4275551e-43
   7.2573000e+00   1.3615362e-43
   7.2757000e+00   1.2986654e-43
   7.2942000e+00   1.2388288e-43
   7.3127000e+00   1.1818469e-43
   7.3312000e+00   1.1276164e-43
   7.3498000e+00   1.0759712e-43
   7.3685000e+00   1.0267538e-43
   7.3872000e+00   9.7987781e-44
   7.4059000e+00   9.3525872e-44
   7.4247000e+00   8.9275464e-44
   7.4436000e+00   8.5228964e-44
   7.4625000e+00   8.1373268e-44
   7.4814000e+00   7.7695988e-44
   7.5004000e+00   7.4196312e-44
   7.5194000e+00   7.0862440e-44
   7.5385000e+00   6.7683226e-44
   7.5576000e+00   6.4653233e-44
   7.5768000e+00   6.1762190e-44
   7.5960000e+00   5.9014985e-44
   7.6153000e+00   5.6392001e-44
   7.6346000e+00   5.3888980e-44
   7.6540000e+00   5.1506303e-44
   7.6734000e+00   4.9230734e-44
   7.6929000e+00   4.7067303e-44
   7.7124000e+00   4.4999137e-44
   7.7320000e+00   4.3027205e-44
   7.7516000e+00   4.1148122e-44
   7.7713000e+00   3.9358592e-44
   7.7910000e+00   3.7647641e-44
   7.8108000e+00   3.6016448e-44
   7.8306000e+00   3.4458497e-44
   7.8505000e+00   3.2974928e-44
   7.8704000e+00   3.1559523e-44
   7.8904000e+00   3.0206440e-44
   7.9104000e+00   2.8917002e-44
   7.9305000e+00   2.7685632e-44
   7.9506000e+00   2.6510352e-44
   7.9708000e+00   2.5386049e-44
   7.9910000e+00   2.4317284e-44
   8.0113000e+00   2.3292864e-44
   8.0316000e+00   2.2317372e-44
   8.0520000e+00   2.1383213e-44
   8.0724000e+00   2.0494786e-44
   8.0929000e+00   1.9642023e-44
   8.1135000e+00   1.8829328e-44
   8.1340000e+00   1.8055297e-44
   8.1547000e+00   1.7313296e-44
   8.1754000e+00   1.6604900e-44
   8.1961000e+00   1.5926440e-44
   8.2169000e+00   1.5279432e-44
   8.2378000e+00   1.4660366e-44
   8.2587000e+00   1.4070704e-44
   8.2796000e+00   1.3504764e-44
   8.3006000e+00   1.2964100e-44
   8.3217000e+00   1.2447865e-44
   8.3428000e+00   1.1953049e-44
   8.3640000e+00   1.1481123e-44
   8.3852000e+00   1.1029200e-44
   8.4065000e+00   1.0596644e-44
   8.4278000e+00   1.0182828e-44
   8.4492000e+00   9.7867492e-45
   8.4707000e+00   9.4080300e-45
   8.4922000e+00   9.0455317e-45
   8.5137000e+00   8.6983602e-45
   8.5353000e+00   8.3662121e-45
   8.5570000e+00   8.0482429e-45
   8.5787000e+00   7.7436480e-45
   8.6005000e+00   7.4520056e-45
   8.6223000e+00   7.1727349e-45
   8.6442000e+00   6.9052776e-45
   8.6661000e+00   6.6489347e-45
   8.6881000e+00   6.4033604e-45
   8.7101000e+00   6.1680604e-45
   8.7323000e+00   5.9424056e-45
   8.7544000e+00   5.7262516e-45
   8.7766000e+00   5.5190041e-45
   8.7989000e+00   5.3203895e-45
   8.8212000e+00   5.1298541e-45
   8.8436000e+00   4.9471529e-45
   8.8661000e+00   4.7719082e-45
   8.8886000e+00   4.6037582e-45
   8.9111000e+00   4.4423558e-45
   8.9337000e+00   4.2876304e-45
   8.9564000e+00   4.1389922e-45
   8.9791000e+00   3.9963891e-45
   9.0019000e+00   3.8595156e-45
   9.0248000e+00   3.7280794e-45
   9.0477000e+00   3.6018002e-45
   9.0706000e+00   3.4805280e-45
   9.0936000e+00   3.3641160e-45
   9.1167000e+00   3.2521928e-45
   9.1398000e+00   3.1446299e-45
   9.1630000e+00   3.0411916e-45
   9.1863000e+00   2.9418691e-45
   9.2096000e+00   2.8463292e-45
   9.2330000e+00   2.7544653e-45
   9.2564000e+00   2.6661732e-45
   9.2799000e+00   2.5811480e-45
   9.3034000e+00   2.4994000e-45
   9.3271000e+00   2.4207384e-45
   9.3507000e+00   2.3450775e-45
   9.3745000e+00   2.2721429e-45
   9.3982000e+00   2.2020495e-45
   9.4221000e+00   2.1344400e-45
   9.4460000e+00   2.0693401e-45
   9.4700000e+00   2.0066816e-45
   9.4940000e+00   1.9463097e-45
   9.5181000e+00   1.8881632e-45
   9.5423000e+00   1.8320968e-45
   9.5665000e+00   1.7780559e-45
   9.5907000e+00   1.7259039e-45
   9.6151000e+00   1.6756742e-45
   9.6395000e+00   1.6271542e-45
   9.6639000e+00   1.5803805e-45
   9.6885000e+00   1.5353075e-45
   9.7131000e+00   1.4917361e-45
   9.7377000e+00   1.4497056e-45
   9.7624000e+00   1.4091765e-45
   9.7872000e+00   1.3699622e-45
   9.8120000e+00   1.3321040e-45
   9.8369000e+00   1.2955680e-45
   9.8619000e+00   1.2602500e-45
   9.8869000e+00   1.2261903e-45
   9.9120000e+00   1.1931498e-45
   9.9372000e+00   1.1613101e-45
   9.9624000e+00   1.1305061e-45
   9.9877000e+00   1.1006470e-45
   1.0013000e+01   1.0718421e-45
   1.0038000e+01   1.0439361e-45
   1.0064000e+01   1.0169721e-45
   1.0089000e+01   9.9092744e-46
   1.0115000e+01   9.6565562e-46
   1.0141000e+01   9.4126240e-46
   1.0166000e+01   9.1760526e-46
   1.0192000e+01   8.9472774e-46
   1.0218000e+01   8.7255252e-46
   1.0244000e+01   8.5106393e-46
   1.0270000e+01   8.3024660e-46
   1.0296000e+01   8.1008544e-46
   1.0322000e+01   7.9050946e-46
   1.0348000e+01   7.7156173e-46
   1.0375000e+01   7.5322802e-46
   1.0401000e+01   7.3538592e-46
   1.0427000e+01   7.1807921e-46
   1.0454000e+01   7.0129632e-46
   1.0480000e+01   6.8502593e-46
   1.0507000e+01   6.6920516e-46
   1.0534000e+01   6.5382490e-46
   1.0560000e+01   6.3892673e-46
   1.0587000e+01   6.2445012e-46
   1.0614000e+01   6.1038644e-46
   1.0641000e+01   5.9672718e-46
   1.0668000e+01   5.8341572e-46
   1.0695000e+01   5.7049322e-46
   1.0722000e+01   5.5795164e-46
   1.0749000e+01   5.4568960e-46
   1.0777000e+01   5.3384103e-46
   1.0804000e+01   5.2225961e-46
   1.0831000e+01   5.1103124e-46
   1.0859000e+01   5.0005904e-46
   1.0886000e+01   4.8942713e-46
   1.0914000e+01   4.7904077e-46
   1.0942000e+01   4.6893902e-46
   1.0970000e+01   4.5907348e-46
   1.0997000e+01   4.4948240e-46
   1.1025000e+01   4.4016040e-46
   1.1053000e+01   4.3106064e-46
   1.1081000e+01   4.2217921e-46
   1.1109000e+01   4.1355290e-46
   1.1138000e+01   4.0513638e-46
   1.1166000e+01   3.9692593e-46
   1.1194000e+01   3.8887840e-46
   1.1223000e+01   3.8106944e-46
   1.1251000e+01   3.7345562e-46
   1.1280000e+01   3.6603342e-46
   1.1308000e+01   3.5876148e-46
   1.1337000e+01   3.5167501e-46
   1.1366000e+01   3.4477062e-46
   1.1395000e+01   3.3804500e-46
   1.1424000e+01   3.3145844e-46
   1.1453000e+01   3.2500878e-46
   1.1482000e+01   3.1872961e-46
   1.1511000e+01   3.1261776e-46
   1.1540000e+01   3.0663512e-46
   1.1569000e+01   3.0077965e-46
   1.1599000e+01   2.9504933e-46
   1.1628000e+01   2.8947620e-46
   1.1658000e+01   2.8402361e-46
   1.1687000e+01   2.7868964e-46
   1.1717000e+01   2.7347237e-46
   1.1747000e+01   2.6836992e-46
   1.1776000e+01   2.6341290e-46
   1.1806000e+01   2.5853424e-46
   1.1836000e+01   2.5376490e-46
   1.1866000e+01   2.4910309e-46
   1.1896000e+01   2.4454704e-46
   1.1927000e+01   2.4009502e-46
   1.1957000e+01   2.3574532e-46
   1.1987000e+01   2.3146580e-46
   1.2018000e+01   2.2731593e-46
   1.2048000e+01   2.2323348e-46
   1.2079000e+01   2.1921764e-46
   1.2109000e+01   2.1532628e-46
   1.2140000e+01   2.1149885e-46
   1.2171000e+01   2.0773457e-46
   1.2202000e+01   2.0408980e-46
   1.2233000e+01   2.0050560e-46
   1.2264000e+01   1.9698122e-46
   1.2295000e+01   1.9354374e-46
   1.2326000e+01   1.9016410e-46
   1.2357000e+01   1.8686890e-46
   1.2389000e+01   1.8362960e-46
   1.2420000e+01   1.8047236e-46
   1.2452000e+01   1.7736912e-46
   1.2483000e+01   1.7431921e-46
   1.2515000e+01   1.7134810e-46
   1.2547000e+01   1.6842848e-46
   1.2578000e+01   1.6558542e-46
   1.2610000e+01   1.6276656e-46
   1.2642000e+01   1.6004780e-46
   1.2674000e+01   1.5735194e-46
   1.2707000e+01   1.5470384e-46
   1.2739000e+01   1.5212756e-46
   1.2771000e+01   1.4959736e-46
   1.2804000e+01   1.4711264e-46
   1.2836000e+01   1.4467278e-46
   1.2869000e+01   1.4230104e-46
   1.2901000e+01   1.3994890e-46
   1.2934000e+01   1.3766329e-46
   1.2967000e+01   1.3541977e-46
   1.3000000e+01   1.3321776e-46
   1.3033000e+01   1.3105670e-46
   1.3066000e+01   1.2891332e-46
   1.3099000e+01   1.2683264e-46
   1.3132000e+01   1.2481358e-46
   1.3166000e+01   1.2281072e-46
   1.3199000e+01   1.2084605e-46
   1.3233000e+01   1.1891902e-46
   1.3266000e+01   1.1702912e-46
   1.3300000e+01   1.1517582e-46
   1.3334000e+01   1.1333732e-46
   1.3367000e+01   1.1155584e-46
   1.3401000e+01   1.0980944e-46
   1.3435000e+01   1.0809761e-46
   1.3469000e+01   1.0639923e-46
   1.3504000e+01   1.0473476e-46
   1.3538000e+01   1.0312402e-46
   1.3572000e+01   1.0152578e-46
   1.3607000e+01   9.9956005e-47
   1.3641000e+01   9.8418304e-47
   1.3676000e+01   9.6910242e-47
   1.3710000e+01   9.5427500e-47
   1.3745000e+01   9.3973636e-47
   1.3780000e+01   9.2544400e-47
   1.3815000e+01   9.1141390e-47
   1.3850000e+01   8.9764255e-47
   1.3885000e+01   8.8410767e-47
   1.3921000e+01   8.7084358e-47
   1.3956000e+01   8.5779087e-47
   1.3991000e+01   8.4498379e-47
   1.4027000e+01   8.3240077e-47
   1.4062000e+01   8.2003891e-47
   1.4098000e+01   8.0789537e-47
   1.4134000e+01   7.9596731e-47
   1.4170000e+01   7.8425194e-47
   1.4206000e+01   7.7274648e-47
   1.4242000e+01   7.6144821e-47
   1.4278000e+01   7.5033709e-47
   1.4314000e+01   7.3941081e-47
   1.4350000e+01   7.2868418e-47
   1.4387000e+01   7.1815455e-47
   1.4423000e+01   7.0780252e-47
   1.4460000e+01   6.9762586e-47
   1.4497000e+01   6.8762239e-47
   1.4533000e+01   6.7778996e-47
   1.4570000e+01   6.6812641e-47
   1.4607000e+01   6.5864586e-47
   1.4644000e+01   6.4931364e-47
   1.4682000e+01   6.4012801e-47
   1.4719000e+01   6.3111902e-47
   1.4756000e+01   6.2225277e-47
   1.4794000e+01   6.1354322e-47
   1.4831000e+01   6.0497284e-47
   1.4869000e+01   5.9653997e-47
   1.4907000e+01   5.8825832e-47
   1.4944000e+01   5.8012596e-47
   1.4982000e+01   5.7211070e-47
   1.5020000e+01   5.6424135e-47
   1.5058000e+01   5.5650108e-47
   1.5097000e+01   5.4888836e-47
   1.5135000e+01   5.4140164e-47
   1.5173000e+01   5.3402479e-47
   1.5212000e+01   5.2678564e-47
   1.5250000e+01   5.1966797e-47
   1.5289000e+01   5.1265600e-47
   1.5328000e+01   5.0576277e-47
   1.5367000e+01   4.9898683e-47
   1.5406000e+01   4.9231272e-47
   1.5445000e+01   4.8575324e-47
   1.5484000e+01   4.7929314e-47
   1.5523000e+01   4.7294504e-47
   1.5563000e+01   4.6669392e-47
   1.5602000e+01   4.6053868e-47
   1.5642000e+01   4.5449171e-47
   1.5682000e+01   4.4853827e-47
   1.5721000e+01   4.4267732e-47
   1.5761000e+01   4.3690778e-47
   1.5801000e+01   4.3124176e-47
   1.5841000e+01   4.2565186e-47
   1.5882000e+01   4.2015028e-47
   1.5922000e+01   4.1474888e-47
   1.5962000e+01   4.0942082e-47
   1.6003000e+01   4.0417806e-47
   1.6043000e+01   3.9901962e-47
   1.6084000e+01   3.9394452e-47
   1.6125000e+01   3.8893932e-47
   1.6166000e+01   3.8401570e-47
   1.6207000e+01   3.7917269e-47
   1.6248000e+01   3.7439713e-47
   1.6289000e+01   3.6970048e-47
   1.6331000e+01   3.6508181e-47
   1.6372000e+01   3.6051618e-47
   1.6414000e+01   3.5603896e-47
   1.6455000e+01   3.5162528e-47
   1.6497000e+01   3.4727449e-47
   1.6539000e+01   3.4298592e-47
   1.6581000e+01   3.3877056e-47
   1.6623000e+01   3.3461597e-47
   1.6665000e+01   3.3052151e-47
   1.6707000e+01   3.2648653e-47
   1.6750000e+01   3.2252177e-47
   1.6792000e+01   3.1860380e-47
   1.6835000e+01   3.1475466e-47
   1.6878000e+01   3.1096237e-47
   1.6920000e+01   3.0721523e-47
   1.6963000e+01   3.0353488e-47
   1.7006000e+01   2.9990957e-47
   1.7050000e+01   2.9632781e-47
   1.7093000e+01   2.9281085e-47
   1.7136000e+01   2.8933641e-47
   1.7180000e+01   2.8591478e-47
   1.7223000e+01   2.8254540e-47
   1.7267000e+01   2.7921713e-47
   1.7311000e+01   2.7595060e-47
   1.7355000e+01   2.7272417e-47
   1.7399000e+01   2.6953749e-47
   1.7443000e+01   2.6641082e-47
   1.7487000e+01   2.6332292e-47
   1.7532000e+01   2.6027343e-47
   1.7576000e+01   2.5727213e-47
   1.7621000e+01   2.5431849e-47
   1.7665000e+01   2.5140196e-47
   1.7710000e+01   2.4852219e-47
   1.7755000e+01   2.4568875e-47
   1.7800000e+01   2.4289127e-47
   1.7845000e+01   2.4013920e-47
   1.7891000e+01   2.3742231e-47
   1.7936000e+01   2.3474994e-47
   1.7982000e+01   2.3210233e-47
   1.8027000e+01   2.2949848e-47
   1.8073000e+01   2.2693790e-47
   1.8119000e+01   2.2440116e-47
   1.8165000e+01   2.2190694e-47
   1.8211000e+01   2.1944540e-47
   1.8257000e+01   2.1701622e-47
   1.8303000e+01   2.1461909e-47
   1.8350000e+01   2.1225370e-47
   1.8396000e+01   2.0992891e-47
   1.8443000e+01   2.0762604e-47
   1.8490000e+01   2.0536305e-47
   1.8537000e+01   2.0313049e-47
   1.8584000e+01   2.0091910e-47
   1.8631000e+01   1.9874656e-47
   1.8678000e+01   1.9659469e-47
   1.8726000e+01   1.9448100e-47
   1.8773000e+01   1.9239628e-47
   1.8821000e+01   1.9033151e-47
   1.8869000e+01   1.8829524e-47
   1.8917000e+01   1.8628719e-47
   1.8965000e+01   1.8430708e-47
   1.9013000e+01   1.8235462e-47
   1.9061000e+01   1.8042955e-47
   1.9109000e+01   1.7852315e-47
   1.9158000e+01   1.7665209e-47
   1.9206000e+01   1.7479925e-47
   1.9255000e+01   1.7296449e-47
   1.9304000e+01   1.7116424e-47
   1.9353000e+01   1.6938163e-47
   1.9402000e+01   1.6762474e-47
   1.9451000e+01   1.6588514e-47
   1.9501000e+01   1.6417894e-47
   1.9550000e+01   1.6248961e-47
   1.9600000e+01   1.6081704e-47
   1.9650000e+01   1.5916908e-47
   1.9699000e+01   1.5754549e-47
   1.9749000e+01   1.5593811e-47
   1.9800000e+01   1.5435469e-47
   1.9850000e+01   1.5278717e-47
   1.9900000e+01   1.5124321e-47
   1.9951000e+01   1.4971482e-47
   2.0001000e+01   1.4820960e-47
   2.0052000e+01   1.4672730e-47
   2.0103000e+01   1.4526008e-47
   2.0154000e+01   1.4380781e-47
   2.0205000e+01   1.4237793e-47
   2.0256000e+01   1.4096270e-47
   2.0308000e+01   1.3956949e-47
   2.0359000e+01   1.3819063e-47
   2.0411000e+01   1.3682601e-47
   2.0463000e+01   1.3548289e-47
   2.0515000e+01   1.3415371e-47
   2.0567000e+01   1.3284567e-47
   2.0619000e+01   1.3154404e-47
   2.0671000e+01   1.3027046e-47
   2.0724000e+01   1.2900309e-47
   2.0776000e+01   1.2775620e-47
   2.0829000e+01   1.2652249e-47
   2.0882000e+01   1.2530184e-47
   2.0935000e+01   1.2410120e-47
   2.0988000e+01   1.2291335e-47
   2.1041000e+01   1.2173819e-47
   2.1095000e+01   1.2057562e-47
   2.1148000e+01   1.1943245e-47
   2.1202000e+01   1.1830160e-47
   2.1256000e+01   1.1717614e-47
   2.1310000e+01   1.1607649e-47
   2.1364000e+01   1.1498203e-47
   2.1418000e+01   1.1389950e-47
   2.1472000e+01   1.1283553e-47
   2.1527000e+01   1.1178324e-47
   2.1581000e+01   1.1074253e-47
   2.1636000e+01   1.0971331e-47
   2.1691000e+01   1.0869550e-47
   2.1746000e+01   1.0768899e-47
   2.1801000e+01   1.0670022e-47
   2.1857000e+01   1.0571602e-47
   2.1912000e+01   1.0474285e-47
   2.1968000e+01   1.0378707e-47
   2.2023000e+01   1.0284208e-47
   2.2079000e+01   1.0190141e-47
   2.2135000e+01   1.0097777e-47
   2.2192000e+01   1.0006467e-47
   2.2248000e+01   9.9155712e-48
   2.2304000e+01   9.8263441e-48
   2.2361000e+01   9.7381444e-48
   2.2418000e+01   9.6509636e-48
   2.2475000e+01   9.5641748e-48
   2.2532000e+01   9.4790094e-48
   2.2589000e+01   9.3948380e-48
   2.2646000e+01   9.3110420e-48
   2.2704000e+01   9.2288364e-48
   2.2761000e+01   9.1469954e-48
   2.2819000e+01   9.0667232e-48
   2.2877000e+01   8.9868048e-48
   2.2935000e+01   8.9078372e-48
   2.2993000e+01   8.8304066e-48
   2.3051000e+01   8.7533140e-48
   2.3110000e+01   8.6771485e-48
   2.3169000e+01   8.6019024e-48
   2.3227000e+01   8.5269840e-48
   2.3286000e+01   8.4535563e-48
   2.3345000e+01   8.3804460e-48
   2.3405000e+01   8.3088062e-48
   2.3464000e+01   8.2374740e-48
   2.3524000e+01   8.1670208e-48
   2.3583000e+01   8.0974394e-48
   2.3643000e+01   8.0287223e-48
   2.3703000e+01   7.9602980e-48
   2.3763000e+01   7.8932903e-48
   2.3824000e+01   7.8265658e-48
   2.3884000e+01   7.7606816e-48
   2.3945000e+01   7.6950760e-48
   2.4005000e+01   7.6308538e-48
   2.4066000e+01   7.5669006e-48
   2.4127000e+01   7.5037645e-48
   2.4189000e+01   7.4414384e-48
   2.4250000e+01   7.3799156e-48
   2.4312000e+01   7.3186481e-48
   2.4373000e+01   7.2581748e-48
   2.4435000e+01   7.1984890e-48
   2.4497000e+01   7.1395840e-48
   2.4559000e+01   7.0809210e-48
   2.4622000e+01   7.0230300e-48
   2.4684000e+01   6.9659045e-48
   2.4747000e+01   6.9095380e-48
   2.4810000e+01   6.8534004e-48
   2.4873000e+01   6.7980133e-48
   2.4936000e+01   6.7433702e-48
   2.4999000e+01   6.6889477e-48
   2.5062000e+01   6.6352608e-48
   2.5126000e+01   6.5823034e-48
   2.5190000e+01   6.5295581e-48
   2.5254000e+01   6.4775340e-48
   2.5318000e+01   6.4262250e-48
   2.5382000e+01   6.3751200e-48
   2.5446000e+01   6.3247220e-48
   2.5511000e+01   6.2750250e-48
   2.5576000e+01   6.2260230e-48
   2.5641000e+01   6.1772132e-48
   2.5706000e+01   6.1285954e-48
   2.5771000e+01   6.0811560e-48
   2.5836000e+01   6.0334097e-48
   2.5902000e+01   5.9868302e-48
   2.5968000e+01   5.9404313e-48
   2.6033000e+01   5.8946984e-48
   2.6100000e+01   5.8491422e-48
   2.6166000e+01   5.8042446e-48
   2.6232000e+01   5.7600000e-48
   2.6299000e+01   5.7159246e-48
   2.6365000e+01   5.6724949e-48
   2.6432000e+01   5.6292308e-48
   2.6499000e+01   5.5866050e-48
   2.6567000e+01   5.5446121e-48
   2.6634000e+01   5.5027776e-48
   2.6702000e+01   5.4615690e-48
   2.6769000e+01   5.4205152e-48
   2.6837000e+01   5.3800802e-48
   2.6906000e+01   5.3397966e-48
   2.6974000e+01   5.3001248e-48
   2.7042000e+01   5.2606010e-48
   2.7111000e+01   5.2216820e-48
   2.7180000e+01   5.1833629e-48
   2.7249000e+01   5.1451849e-48
   2.7318000e+01   5.1076000e-48
   2.7387000e+01   5.0701529e-48
   2.7457000e+01   5.0332923e-48
   2.7526000e+01   4.9965661e-48
   2.7596000e+01   4.9599744e-48
   2.7666000e+01   4.9244048e-48
   2.7736000e+01   4.8885210e-48
   2.7807000e+01   4.8536496e-48
   2.7877000e+01   4.8184640e-48
   2.7948000e+01   4.7842813e-48
   2.8019000e+01   4.7502203e-48
   2.8090000e+01   4.7162809e-48
   2.8161000e+01   4.6828960e-48
   2.8233000e+01   4.6496297e-48
   2.8305000e+01   4.6164820e-48
   2.8376000e+01   4.5843092e-48
   2.8448000e+01   4.5518223e-48
   2.8521000e+01   4.5203012e-48
   2.8593000e+01   4.4884660e-48
   2.8665000e+01   4.4571654e-48
   2.8738000e+01   4.4263952e-48
   2.8811000e+01   4.3957316e-48
   2.8884000e+01   4.3651745e-48
   2.8958000e+01   4.3351404e-48
   2.9031000e+01   4.3056250e-48
   2.9105000e+01   4.2757968e-48
   2.9179000e+01   4.2468966e-48
   2.9253000e+01   4.2176837e-48
   2.9327000e+01   4.1889809e-48
   2.9401000e+01   4.1607840e-48
   2.9476000e+01   4.1326824e-48
   2.9551000e+01   4.1046760e-48
   2.9626000e+01   4.0771686e-48
   2.9701000e+01   4.0501562e-48
   2.9776000e+01   4.0228325e-48
   2.9852000e+01   3.9960010e-48
   2.9928000e+01   3.9696578e-48
   3.0004000e+01   3.9434016e-48
   3.0080000e+01   3.9172326e-48
   3.0156000e+01   3.8915453e-48
   3.0233000e+01   3.8659424e-48
   3.0309000e+01   3.8408160e-48
   3.0386000e+01   3.8157716e-48
   3.0463000e+01   3.7908090e-48
   3.0541000e+01   3.7663165e-48
   3.0618000e+01   3.7419034e-48
   3.0696000e+01   3.7175696e-48
   3.0774000e+01   3.6936996e-48
   3.0852000e+01   3.6702896e-48
   3.0930000e+01   3.6465722e-48
   3.1009000e+01   3.6233122e-48
   3.1087000e+01   3.6005063e-48
   3.1166000e+01   3.5773940e-48
   3.1245000e+01   3.5551103e-48
   3.1325000e+01   3.5325203e-48
   3.1404000e+01   3.5103770e-48
   3.1484000e+01   3.4883033e-48
   3.1564000e+01   3.4666716e-48
   3.1644000e+01   3.4451072e-48
   3.1724000e+01   3.4236101e-48
   3.1804000e+01   3.4025492e-48
   3.1885000e+01   3.3815532e-48
   3.1966000e+01   3.3606222e-48
   3.2047000e+01   3.3401218e-48
   3.2129000e+01   3.3196840e-48
   3.2210000e+01   3.2993090e-48
   3.2292000e+01   3.2793588e-48
   3.2374000e+01   3.2594692e-48
   3.2456000e+01   3.2396400e-48
   3.2538000e+01   3.2202303e-48
   3.2621000e+01   3.2008788e-48
   3.2704000e+01   3.1815857e-48
   3.2787000e+01   3.1627066e-48
   3.2870000e+01   3.1438836e-48
   3.2953000e+01   3.1251168e-48
   3.3037000e+01   3.1067588e-48
   3.3121000e+01   3.0884548e-48
   3.3205000e+01   3.0702048e-48
   3.3289000e+01   3.0523584e-48
   3.3374000e+01   3.0345640e-48
   3.3458000e+01   3.0168216e-48
   3.3543000e+01   2.9994776e-48
   3.3628000e+01   2.9818382e-48
   3.3714000e+01   2.9649396e-48
   3.3799000e+01   2.9477456e-48
   3.3885000e+01   2.9309440e-48
   3.3971000e+01   2.9141904e-48
   3.4057000e+01   2.8974848e-48
   3.4144000e+01   2.8811668e-48
   3.4230000e+01   2.8645562e-48
   3.4317000e+01   2.8486688e-48
   3.4404000e+01   2.8324890e-48
   3.4491000e+01   2.8166909e-48
   3.4579000e+01   2.8009370e-48
   3.4667000e+01   2.7852272e-48
   3.4755000e+01   2.7698945e-48
   3.4843000e+01   2.7542722e-48
   3.4931000e+01   2.7393560e-48
   3.5020000e+01   2.7241503e-48
   3.5109000e+01   2.7093160e-48
   3.5198000e+01   2.6945223e-48
   3.5287000e+01   2.6797690e-48
   3.5377000e+01   2.6650563e-48
   3.5467000e+01   2.6507096e-48
   3.5557000e+01   2.6364017e-48
   3.5647000e+01   2.6221325e-48
   3.5737000e+01   2.6082250e-48
   3.5828000e+01   2.5943545e-48
   3.5919000e+01   2.5805210e-48
   3.6010000e+01   2.5667244e-48
   3.6101000e+01   2.5529648e-48
   3.6193000e+01   2.5395610e-48
   3.6285000e+01   2.5261924e-48
   3.6377000e+01   2.5128590e-48
   3.6469000e+01   2.4998772e-48
   3.6562000e+01   2.4869290e-48
   3.6655000e+01   2.4740144e-48
   3.6748000e+01   2.4611334e-48
   3.6841000e+01   2.4482861e-48
   3.6934000e+01   2.4357845e-48
   3.7028000e+01   2.4233149e-48
   3.7122000e+01   2.4108773e-48
   3.7216000e+01   2.3987814e-48
   3.7311000e+01   2.3864070e-48
   3.7405000e+01   2.3743728e-48
   3.7500000e+01   2.3623690e-48
   3.7595000e+01   2.3503956e-48
   3.7691000e+01   2.3387585e-48
   3.7787000e+01   2.3271503e-48
   3.7882000e+01   2.3155709e-48
   3.7979000e+01   2.3040204e-48
   3.8075000e+01   2.2924988e-48
   3.8172000e+01   2.2813082e-48
   3.8268000e+01   2.2701449e-48
   3.8366000e+01   2.2590090e-48
   3.8463000e+01   2.2479005e-48
   3.8560000e+01   2.2371185e-48
   3.8658000e+01   2.2260640e-48
   3.8756000e+01   2.2153346e-48
   3.8855000e+01   2.2049280e-48
   3.8953000e+01   2.1942497e-48
   3.9052000e+01   2.1835973e-48
   3.9151000e+01   2.1732656e-48
   3.9251000e+01   2.1629585e-48
   3.9350000e+01   2.1526758e-48
   3.9450000e+01   2.1427104e-48
   3.9550000e+01   2.1324761e-48
   3.9651000e+01   2.1225576e-48
   3.9751000e+01   2.1126622e-48
   3.9852000e+01   2.1027900e-48
   3.9953000e+01   2.0929409e-48
   4.0055000e+01   2.0834036e-48
   4.0156000e+01   2.0736000e-48
   4.0258000e+01   2.0641069e-48
   4.0360000e+01   2.0546356e-48
   4.0463000e+01   2.0454720e-48
   4.0565000e+01   2.0360436e-48
   4.0668000e+01   2.0269217e-48
   4.0772000e+01   2.0175362e-48
   4.0875000e+01   2.0084558e-48
   4.0979000e+01   1.9996788e-48
   4.1083000e+01   1.9906388e-48
   4.1187000e+01   1.9819008e-48
   4.1292000e+01   1.9729012e-48
   4.1396000e+01   1.9642023e-48
   4.1501000e+01   1.9555226e-48
   4.1607000e+01   1.9468621e-48
   4.1712000e+01   1.9384993e-48
   4.1818000e+01   1.9298766e-48
   4.1924000e+01   1.9215504e-48
   4.2031000e+01   1.9132422e-48
   4.2137000e+01   1.9049520e-48
   4.2244000e+01   1.8966798e-48
   4.2351000e+01   1.8887005e-48
   4.2459000e+01   1.8804637e-48
   4.2567000e+01   1.8725186e-48
   4.2675000e+01   1.8645903e-48
   4.2783000e+01   1.8566788e-48
   4.2892000e+01   1.8487841e-48
   4.3000000e+01   1.8411776e-48
   4.3110000e+01   1.8333160e-48
   4.3219000e+01   1.8257414e-48
   4.3329000e+01   1.8181826e-48
   4.3439000e+01   1.8106394e-48
   4.3549000e+01   1.8031118e-48
   4.3659000e+01   1.7956000e-48
   4.3770000e+01   1.7883713e-48
   4.3881000e+01   1.7808903e-48
   4.3993000e+01   1.7736912e-48
   4.4104000e+01   1.7665068e-48
   4.4216000e+01   1.7593370e-48
   4.4328000e+01   1.7521817e-48
   4.4441000e+01   1.7453052e-48
   4.4554000e+01   1.7381786e-48
   4.4667000e+01   1.7313296e-48
   4.4780000e+01   1.7244942e-48
   4.4894000e+01   1.7176724e-48
   4.5008000e+01   1.7108640e-48
   4.5122000e+01   1.7040692e-48
   4.5236000e+01   1.6972878e-48
   4.5351000e+01   1.6907801e-48
   4.5466000e+01   1.6840253e-48
   4.5582000e+01   1.6775430e-48
   4.5697000e+01   1.6710733e-48
   4.5813000e+01   1.6646160e-48
   4.5929000e+01   1.6581713e-48
   4.6046000e+01   1.6519961e-48
   4.6163000e+01   1.6455758e-48
   4.6280000e+01   1.6394242e-48
   4.6397000e+01   1.6330284e-48
   4.6515000e+01   1.6269003e-48
   4.6633000e+01   1.6207836e-48
   4.6752000e+01   1.6146785e-48
   4.6870000e+01   1.6085849e-48
   4.6989000e+01   1.6027560e-48
   4.7108000e+01   1.5966850e-48
   4.7228000e+01   1.5908777e-48
   4.7348000e+01   1.5848292e-48
   4.7468000e+01   1.5790436e-48
   4.7588000e+01   1.5732685e-48
   4.7709000e+01   1.5675040e-48
   4.7830000e+01   1.5620000e-48
   4.7952000e+01   1.5562563e-48
   4.8073000e+01   1.5505230e-48
   4.8195000e+01   1.5450490e-48
   4.8318000e+01   1.5395846e-48
   4.8440000e+01   1.5338823e-48
   4.8563000e+01   1.5284377e-48
   4.8686000e+01   1.5230028e-48
   4.8810000e+01   1.5178240e-48
   4.8934000e+01   1.5124080e-48
   4.9058000e+01   1.5070018e-48
   4.9183000e+01   1.5018502e-48
   4.9307000e+01   1.4964629e-48
   4.9432000e+01   1.4913294e-48
   4.9558000e+01   1.4862048e-48
   4.9684000e+01   1.4810890e-48
   4.9810000e+01   1.4759820e-48
   4.9936000e+01   1.4708838e-48
   5.0063000e+01   1.4657945e-48
   5.0190000e+01   1.4609557e-48
   5.0317000e+01   1.4558836e-48
   5.0445000e+01   1.4510612e-48
   5.0573000e+01   1.4460062e-48
   5.0701000e+01   1.4412003e-48
   5.0830000e+01   1.4364023e-48
   5.0959000e+01   1.4316123e-48
   5.1088000e+01   1.4268303e-48
   5.1218000e+01   1.4222948e-48
   5.1348000e+01   1.4175284e-48
   5.1478000e+01   1.4127700e-48
   5.1609000e+01   1.4082569e-48
   5.1740000e+01   1.4035141e-48
   5.1871000e+01   1.3990158e-48
   5.2003000e+01   1.3945248e-48
   5.2135000e+01   1.3900410e-48
   5.2267000e+01   1.3855644e-48
   5.2400000e+01   1.3810950e-48
   5.2533000e+01   1.3766329e-48
   5.2666000e+01   1.3721780e-48
   5.2800000e+01   1.3679642e-48
   5.2934000e+01   1.3635233e-48
   5.3068000e+01   1.3593228e-48
   5.3203000e+01   1.3551288e-48
   5.3338000e+01   1.3507088e-48
   5.3473000e+01   1.3465282e-48
   5.3609000e+01   1.3423540e-48
   5.3745000e+01   1.3381862e-48
   5.3881000e+01   1.3340250e-48
   5.4018000e+01   1.3301009e-48
   5.4155000e+01   1.3259522e-48
   5.4292000e+01   1.3218101e-48
   5.4430000e+01   1.3179040e-48
   5.4568000e+01   1.3137744e-48
   5.4707000e+01   1.3098802e-48
   5.4846000e+01   1.3059918e-48
   5.4985000e+01   1.3021092e-48
   5.5124000e+01   1.2982324e-48
   5.5264000e+01   1.2943613e-48
   5.5404000e+01   1.2904960e-48
   5.5545000e+01   1.2866365e-48
   5.5686000e+01   1.2827828e-48
   5.5827000e+01   1.2789348e-48
   5.5969000e+01   1.2753185e-48
   5.6111000e+01   1.2714818e-48
   5.6253000e+01   1.2678760e-48
   5.6396000e+01   1.2642754e-48
   5.6539000e+01   1.2604553e-48
   5.6683000e+01   1.2568652e-48
   5.6827000e+01   1.2532803e-48
   5.6971000e+01   1.2497004e-48
   5.7115000e+01   1.2461257e-48
   5.7260000e+01   1.2425561e-48
   5.7406000e+01   1.2392142e-48
   5.7551000e+01   1.2356546e-48
   5.7697000e+01   1.2321000e-48
   5.7844000e+01   1.2287723e-48
   5.7990000e+01   1.2252276e-48
   5.8138000e+01   1.2219092e-48
   5.8285000e+01   1.2185952e-48
   5.8433000e+01   1.2150653e-48
   5.8581000e+01   1.2117606e-48
   5.8730000e+01   1.2084605e-48
   5.8879000e+01   1.2051648e-48
   5.9029000e+01   1.2018737e-48
   5.9178000e+01   1.1985870e-48
   5.9328000e+01   1.1953049e-48
   5.9479000e+01   1.1922456e-48
   5.9630000e+01   1.1889722e-48
   5.9781000e+01   1.1857032e-48
   5.9933000e+01   1.1826562e-48
   6.0085000e+01   1.1793960e-48
   6.0238000e+01   1.1763572e-48
   6.0390000e+01   1.1733222e-48
   6.0544000e+01   1.1700749e-48
   6.0697000e+01   1.1670481e-48
   6.0851000e+01   1.1640252e-48
   6.1006000e+01   1.1610063e-48
   6.1161000e+01   1.1579912e-48
   6.1316000e+01   1.1549801e-48
   6.1471000e+01   1.1519729e-48
   6.1627000e+01   1.1491840e-48
   6.1784000e+01   1.1461844e-48
   6.1941000e+01   1.1431886e-48
   6.2098000e+01   1.1404104e-48
   6.2255000e+01   1.1374223e-48
   6.2413000e+01   1.1346510e-48
   6.2572000e+01   1.1316704e-48
   6.2731000e+01   1.1289062e-48
   6.2890000e+01   1.1261454e-48
   6.3049000e+01   1.1233880e-48
   6.3209000e+01   1.1206340e-48
   6.3370000e+01   1.1176718e-48
   6.3531000e+01   1.1149248e-48
   6.3692000e+01   1.1123921e-48
   6.3853000e+01   1.1096516e-48
   6.4015000e+01   1.1069144e-48
   6.4178000e+01   1.1041806e-48
   6.4341000e+01   1.1014503e-48
   6.4504000e+01   1.0989329e-48
   6.4668000e+01   1.0962090e-48
   6.4832000e+01   1.0936976e-48
   6.4996000e+01   1.0909803e-48
   6.5161000e+01   1.0884749e-48
   6.5327000e+01   1.0857640e-48
   6.5492000e+01   1.0832646e-48
   6.5659000e+01   1.0807682e-48
   6.5825000e+01   1.0782746e-48
   6.5992000e+01   1.0757838e-48
   6.6160000e+01   1.0732960e-48
   6.6328000e+01   1.0706041e-48
   6.6496000e+01   1.0683290e-48
   6.6665000e+01   1.0658498e-48
   6.6834000e+01   1.0633734e-48
   6.7003000e+01   1.0609000e-48
   6.7174000e+01   1.0584294e-48
   6.7344000e+01   1.0561673e-48
   6.7515000e+01   1.0537022e-48
   6.7686000e+01   1.0512401e-48
   6.7858000e+01   1.0489856e-48
   6.8030000e+01   1.0465290e-48
   6.8203000e+01   1.0442796e-48
   6.8376000e+01   1.0420326e-48
   6.8549000e+01   1.0395842e-48
   6.8723000e+01   1.0373422e-48
   6.8898000e+01   1.0351028e-48
   6.9073000e+01   1.0328657e-48
   6.9248000e+01   1.0306310e-48
   6.9424000e+01   1.0283988e-48
   6.9600000e+01   1.0261690e-48
   6.9776000e+01   1.0239416e-48
   6.9953000e+01   1.0217166e-48
   7.0131000e+01   1.0194941e-48
   7.0309000e+01   1.0172740e-48
   7.0487000e+01   1.0150563e-48
   7.0666000e+01   1.0130422e-48
   7.0846000e+01   1.0108292e-48
   7.1025000e+01   1.0088194e-48
   7.1206000e+01   1.0066109e-48
   7.1386000e+01   1.0044048e-48
   7.1567000e+01   1.0024014e-48
   7.1749000e+01   1.0004000e-48
   7.1931000e+01   9.9824077e-49
   7.2114000e+01   9.9618365e-49
   7.2297000e+01   9.9414858e-49
   7.2480000e+01   9.9209568e-49
   7.2664000e+01   9.9008470e-49
   7.2849000e+01   9.8807576e-49
   7.3033000e+01   9.8606886e-49
   7.3219000e+01   9.8406400e-49
   7.3405000e+01   9.8210082e-49
   7.3591000e+01   9.8011980e-49
   7.3778000e+01   9.7816056e-49
   7.3965000e+01   9.7622304e-49
   7.4152000e+01   9.7428744e-49
   7.4341000e+01   9.7235377e-49
   7.4529000e+01   9.7044171e-49
   7.4718000e+01   9.6853154e-49
   7.4908000e+01   9.6664291e-49
   7.5098000e+01   9.6475613e-49
   7.5289000e+01   9.6287119e-49
   7.5480000e+01   9.6100770e-49
   7.5671000e+01   9.5916560e-49
   7.5863000e+01   9.5732526e-49
   7.6056000e+01   9.5548670e-49
   7.6249000e+01   9.5366943e-49
   7.6442000e+01   9.5185390e-49
   7.6636000e+01   9.5004009e-49
   7.6831000e+01   9.4824749e-49
   7.7026000e+01   9.4647604e-49
   7.7221000e+01   9.4470624e-49
   7.7417000e+01   9.4293810e-49
   7.7614000e+01   9.4117162e-49
   7.7811000e+01   9.3942618e-49
   7.8008000e+01   9.3770172e-49
   7.8206000e+01   9.3597885e-49
   7.8405000e+01   9.3425756e-49
   7.8604000e+01   9.3255718e-49
   7.8803000e+01   9.3085834e-49
   7.9003000e+01   9.2916104e-49
   7.9203000e+01   9.2748456e-49
   7.9404000e+01   9.2580960e-49
   7.9606000e+01   9.2415537e-49
   7.9808000e+01   9.2250262e-49
   8.0011000e+01   9.2085135e-49
   8.0214000e+01   9.1922074e-49
   8.0417000e+01   9.1759157e-49
   8.0621000e+01   9.1596384e-49
   8.0826000e+01   9.1435669e-49
   8.1031000e+01   9.1277005e-49
   8.1237000e+01   9.1116570e-49
   8.1443000e+01   9.0958184e-49
   8.1649000e+01   9.0801841e-49
   8.1857000e+01   9.0645633e-49
   8.2064000e+01   9.0489559e-49
   8.2273000e+01   9.0333619e-49
   8.2481000e+01   9.0179714e-49
   8.2691000e+01   9.0027837e-49
   8.2900000e+01   8.9874192e-49
   8.3111000e+01   8.9722573e-49
   8.3322000e+01   8.9572974e-49
   8.3533000e+01   8.9421610e-49
   8.3745000e+01   8.9272263e-49
   8.3958000e+01   8.9124928e-49
   8.4171000e+01   8.8977716e-49
   8.4384000e+01   8.8830625e-49
   8.4598000e+01   8.8683656e-49
   8.4813000e+01   8.8538690e-49
   8.5028000e+01   8.8393843e-49
   8.5244000e+01   8.8250994e-49
   8.5461000e+01   8.8108260e-49
   8.5677000e+01   8.7965641e-49
   8.5895000e+01   8.7825012e-49
   8.6113000e+01   8.7682623e-49
   8.6331000e+01   8.7544092e-49
   8.6550000e+01   8.7403801e-49
   8.6770000e+01   8.7265491e-49
   8.6990000e+01   8.7129156e-49
   8.7211000e+01   8.6991064e-49
   8.7432000e+01   8.6854944e-49
   8.7654000e+01   8.6718931e-49
   8.7877000e+01   8.6584886e-49
   8.8100000e+01   8.6450944e-49
   8.8323000e+01   8.6317106e-49
   8.8547000e+01   8.6185229e-49
   8.8772000e+01   8.6053452e-49
   8.8997000e+01   8.5921776e-49
   8.9223000e+01   8.5792054e-49
   8.9450000e+01   8.5662429e-49
   8.9677000e+01   8.5532903e-49
   8.9904000e+01   8.5405322e-49
   9.0132000e+01   8.5275990e-49
   9.0361000e+01   8.5150447e-49
   9.0590000e+01   8.5023153e-49
   9.0820000e+01   8.4897796e-49
   9.1051000e+01   8.4772532e-49
   9.1282000e+01   8.4649200e-49
   9.1513000e+01   8.4524120e-49
   9.1746000e+01   8.4402806e-49
   9.1978000e+01   8.4279744e-49
   9.2212000e+01   8.4158606e-49
   9.2446000e+01   8.4037556e-49
   9.2680000e+01   8.3916592e-49
   9.2916000e+01   8.3797547e-49
   9.3151000e+01   8.3678586e-49
   9.3388000e+01   8.3559709e-49
   9.3625000e+01   8.3442744e-49
   9.3862000e+01   8.3324035e-49
   9.4101000e+01   8.3209060e-49
   9.4339000e+01   8.3092340e-49
   9.4579000e+01   8.2977525e-49
   9.4819000e+01   8.2862788e-49
   9.5059000e+01   8.2748132e-49
   9.5301000e+01   8.2635372e-49
   9.5543000e+01   8.2522690e-49
   9.5785000e+01   8.2410084e-49
   9.6028000e+01   8.2299370e-49
   9.6272000e+01   8.2188730e-49
   9.6516000e+01   8.2078164e-49
   9.6761000e+01   8.1967673e-49
   9.7007000e+01   8.1859066e-49
   9.7253000e+01   8.1750531e-49
   9.7500000e+01   8.1643874e-49
   9.7747000e+01   8.1535482e-49
   9.7995000e+01   8.1428966e-49
   9.8244000e+01   8.1322520e-49
   9.8493000e+01   8.1217946e-49
   9.8743000e+01   8.1113440e-49
   9.8993000e+01   8.1009000e-49
   9.9245000e+01   8.0904628e-49
   9.9497000e+01   8.0802121e-49
   9.9749000e+01   8.0699679e-49
   1.0000000e+02   8.0597302e-49
   1.0026000e+02   8.0494990e-49
   1.0051000e+02   8.0394536e-49
   1.0077000e+02   8.0294144e-49
   1.0102000e+02   8.0193816e-49
   1.0128000e+02   8.0095340e-49
   1.0153000e+02   7.9996925e-49
   1.0179000e+02   7.9898570e-49
   1.0205000e+02   7.9800276e-49
   1.0231000e+02   7.9703827e-49
   1.0257000e+02   7.9607437e-49
   1.0283000e+02   7.9511106e-49
   1.0309000e+02   7.9416615e-49
   1.0335000e+02   7.9322180e-49
   1.0361000e+02   7.9227801e-49
   1.0388000e+02   7.9133478e-49
   1.0414000e+02   7.9040990e-49
   1.0441000e+02   7.8948556e-49
   1.0467000e+02   7.8856176e-49
   1.0494000e+02   7.8765625e-49
   1.0520000e+02   7.8673352e-49
   1.0547000e+02   7.8582906e-49
   1.0574000e+02   7.8494284e-49
   1.0600000e+02   7.8403941e-49
   1.0627000e+02   7.8315420e-49
   1.0654000e+02   7.8226949e-49
   1.0681000e+02   7.8138528e-49
   1.0709000e+02   7.8051924e-49
   1.0736000e+02   7.7965368e-49
   1.0763000e+02   7.7878860e-49
   1.0790000e+02   7.7792400e-49
   1.0818000e+02   7.7707751e-49
   1.0845000e+02   7.7623148e-49
   1.0873000e+02   7.7538591e-49
   1.0900000e+02   7.7455841e-49
   1.0928000e+02   7.7371375e-49
   1.0956000e+02   7.7288714e-49
   1.0983000e+02   7.7207854e-49
   1.1011000e+02   7.7125280e-49
   1.1039000e+02   7.7044506e-49
   1.1067000e+02   7.6963774e-49
   1.1095000e+02   7.6883085e-49
   1.1123000e+02   7.6804190e-49
   1.1152000e+02   7.6725336e-49
   1.1180000e+02   7.6646523e-49
   1.1208000e+02   7.6567750e-49
   1.1237000e+02   7.6490767e-49
   1.1265000e+02   7.6413822e-49
   1.1294000e+02   7.6336916e-49
   1.1323000e+02   7.6260049e-49
   1.1351000e+02   7.6184967e-49
   1.1380000e+02   7.6109921e-49
   1.1409000e+02   7.6034912e-49
   1.1438000e+02   7.5959940e-49
   1.1467000e+02   7.5886748e-49
   1.1496000e+02   7.5813590e-49
   1.1525000e+02   7.5740468e-49
   1.1554000e+02   7.5669121e-49
   1.1584000e+02   7.5596069e-49
   1.1613000e+02   7.5524790e-49
   1.1643000e+02   7.5455282e-49
   1.1672000e+02   7.5384070e-49
   1.1702000e+02   7.5314627e-49
   1.1732000e+02   7.5245215e-49
   1.1761000e+02   7.5175836e-49
   1.1791000e+02   7.5108222e-49
   1.1821000e+02   7.5038906e-49
   1.1851000e+02   7.4971354e-49
   1.1881000e+02   7.4905563e-49
   1.1911000e+02   7.4838071e-49
   1.1942000e+02   7.4772338e-49
   1.1972000e+02   7.4706635e-49
   1.2002000e+02   7.4640960e-49
   1.2033000e+02   7.4577042e-49
   1.2063000e+02   7.4511424e-49
   1.2094000e+02   7.4447561e-49
   1.2124000e+02   7.4385450e-49
   1.2155000e+02   7.4321641e-49
   1.2186000e+02   7.4259583e-49
   1.2217000e+02   7.4197550e-49
   1.2248000e+02   7.4135544e-49
   1.2279000e+02   7.4075285e-49
   1.2310000e+02   7.4015050e-49
   1.2342000e+02   7.3954840e-49
   1.2373000e+02   7.3894654e-49
   1.2404000e+02   7.3836212e-49
   1.2436000e+02   7.3776074e-49
   1.2467000e+02   7.3717679e-49
   1.2499000e+02   7.3661023e-49
   1.2531000e+02   7.3602673e-49
   1.2562000e+02   7.3546061e-49
   1.2594000e+02   7.3489471e-49
   1.2626000e+02   7.3434616e-49
   1.2658000e+02   7.3378069e-49
   1.2690000e+02   7.3323256e-49
   1.2723000e+02   7.3268464e-49
   1.2755000e+02   7.3213692e-49
   1.2787000e+02   7.3160652e-49
   1.2820000e+02   7.3107630e-49
   1.2852000e+02   7.3054628e-49
   1.2885000e+02   7.3001645e-49
   1.2918000e+02   7.2950389e-49
   1.2950000e+02   7.2897444e-49
   1.2983000e+02   7.2846225e-49
   1.3016000e+02   7.2796730e-49
   1.3049000e+02   7.2745547e-49
   1.3082000e+02   7.2696086e-49
   1.3116000e+02   7.2646643e-49
   1.3149000e+02   7.2598920e-49
   1.3182000e+02   7.2549510e-49
   1.3216000e+02   7.2501819e-49
   1.3249000e+02   7.2454144e-49
   1.3283000e+02   7.2406485e-49
   1.3316000e+02   7.2360542e-49
   1.3350000e+02   7.2314614e-49
   1.3384000e+02   7.2268701e-49
   1.3418000e+02   7.2222803e-49
   1.3452000e+02   7.2178618e-49
   1.3486000e+02   7.2134446e-49
   1.3521000e+02   7.2090288e-49
   1.3555000e+02   7.2046144e-49
   1.3589000e+02   7.2003710e-49
   1.3624000e+02   7.1961289e-49
   1.3658000e+02   7.1918880e-49
   1.3693000e+02   7.1876484e-49
   1.3728000e+02   7.1835795e-49
   1.3763000e+02   7.1795118e-49
   1.3797000e+02   7.1754453e-49
   1.3832000e+02   7.1713799e-49
   1.3868000e+02   7.1674849e-49
   1.3903000e+02   7.1635910e-49
   1.3938000e+02   7.1596982e-49
   1.3973000e+02   7.1558065e-49
   1.4009000e+02   7.1520849e-49
   1.4044000e+02   7.1483643e-49
   1.4080000e+02   7.1446447e-49
   1.4116000e+02   7.1409260e-49
   1.4152000e+02   7.1373773e-49
   1.4188000e+02   7.1338294e-49
   1.4224000e+02   7.1302825e-49
   1.4260000e+02   7.1267364e-49
   1.4296000e+02   7.1233600e-49
   1.4332000e+02   7.1199844e-49
   1.4368000e+02   7.1166096e-49
   1.4405000e+02   7.1134043e-49
   1.4442000e+02   7.1100310e-49
   1.4478000e+02   7.1068272e-49
   1.4515000e+02   7.1036241e-49
   1.4552000e+02   7.1005902e-49
   1.4589000e+02   7.0975570e-49
   1.4626000e+02   7.0945244e-49
   1.4663000e+02   7.0914925e-49
   1.4700000e+02   7.0884612e-49
   1.4737000e+02   7.0855990e-49
   1.4775000e+02   7.0827373e-49
   1.4812000e+02   7.0800444e-49
   1.4850000e+02   7.0771839e-49
   1.4887000e+02   7.0744921e-49
   1.4925000e+02   7.0718008e-49
   1.4963000e+02   7.0691101e-49
   1.5001000e+02   7.0665880e-49
   1.5039000e+02   7.0640663e-49
   1.5077000e+02   7.0615451e-49
   1.5116000e+02   7.0590243e-49
   1.5154000e+02   7.0566720e-49
   1.5192000e+02   7.0543201e-49
   1.5231000e+02   7.0519686e-49
   1.5270000e+02   7.0496174e-49
   1.5308000e+02   7.0474346e-49
   1.5347000e+02   7.0452521e-49
   1.5386000e+02   7.0430699e-49
   1.5425000e+02   7.0410559e-49
   1.5464000e+02   7.0390422e-49
   1.5504000e+02   7.0370288e-49
   1.5543000e+02   7.0350156e-49
   1.5582000e+02   7.0330028e-49
   1.5622000e+02   7.0311579e-49
   1.5662000e+02   7.0293133e-49
   1.5701000e+02   7.0276366e-49
   1.5741000e+02   7.0257924e-49
   1.5781000e+02   7.0241161e-49
   1.5821000e+02   7.0224400e-49
   1.5861000e+02   7.0209317e-49
   1.5902000e+02   7.0192560e-49
   1.5942000e+02   7.0177480e-49
   1.5982000e+02   7.0164077e-49
   1.6023000e+02   7.0149000e-49
   1.6064000e+02   7.0135600e-49
   1.6104000e+02   7.0122201e-49
   1.6145000e+02   7.0108804e-49
   1.6186000e+02   7.0097082e-49
   1.6227000e+02   7.0085361e-49
   1.6268000e+02   7.0073641e-49
   1.6310000e+02   7.0061922e-49
   1.6351000e+02   7.0051878e-49
   1.6393000e+02   7.0041835e-49
   1.6434000e+02   7.0031792e-49
   1.6476000e+02   7.0023424e-49
   1.6518000e+02   7.0013383e-49
   1.6560000e+02   7.0006689e-49
   1.6602000e+02   6.9998322e-49
   1.6644000e+02   6.9989956e-49
   1.6686000e+02   6.9983263e-49
   1.6728000e+02   6.9978244e-49
   1.6771000e+02   6.9971552e-49
   1.6813000e+02   6.9966533e-49
   1.6856000e+02   6.9961514e-49
   1.6899000e+02   6.9956496e-49
   1.6942000e+02   6.9953150e-49
   1.6985000e+02   6.9949805e-49
   1.7028000e+02   6.9946460e-49
   1.7071000e+02   6.9943114e-49
   1.7114000e+02   6.9941442e-49
   1.7158000e+02   6.9939769e-49
   1.7201000e+02   6.9938096e-49
   1.7245000e+02   6.9938096e-49
   1.7289000e+02   6.9938096e-49
   1.7333000e+02   6.9938096e-49
   1.7377000e+02   6.9938096e-49
   1.7421000e+02   6.9939769e-49
   1.7465000e+02   6.9941442e-49
   1.7509000e+02   6.9943114e-49
   1.7554000e+02   6.9946460e-49
   1.7598000e+02   6.9949805e-49
   1.7643000e+02   6.9953150e-49
   1.7688000e+02   6.9956496e-49
   1.7733000e+02   6.9961514e-49
   1.7778000e+02   6.9966533e-49
   1.7823000e+02   6.9971552e-49
   1.7868000e+02   6.9978244e-49
   1.7913000e+02   6.9984936e-49
   1.7959000e+02   6.9991629e-49
   1.8004000e+02   6.9998322e-49
   1.8050000e+02   7.0006689e-49
   1.8096000e+02   7.0015056e-49
   1.8142000e+02   7.0025098e-49
   1.8188000e+02   7.0033466e-49
   1.8234000e+02   7.0043509e-49
   1.8280000e+02   7.0055226e-49
   1.8326000e+02   7.0065270e-49
   1.8373000e+02   7.0076989e-49
   1.8420000e+02   7.0088710e-49
   1.8466000e+02   7.0102105e-49
   1.8513000e+02   7.0115502e-49
   1.8560000e+02   7.0128900e-49
   1.8607000e+02   7.0142300e-49
   1.8655000e+02   7.0157376e-49
   1.8702000e+02   7.0172454e-49
   1.8749000e+02   7.0187533e-49
   1.8797000e+02   7.0204289e-49
   1.8845000e+02   7.0221048e-49
   1.8892000e+02   7.0237809e-49
   1.8940000e+02   7.0254571e-49
   1.8988000e+02   7.0273012e-49
   1.9037000e+02   7.0291456e-49
   1.9085000e+02   7.0311579e-49
   1.9133000e+02   7.0331705e-49
   1.9182000e+02   7.0351834e-49
   1.9231000e+02   7.0371965e-49
   1.9279000e+02   7.0393778e-49
   1.9328000e+02   7.0415594e-49
   1.9377000e+02   7.0437413e-49
   1.9427000e+02   7.0460915e-49
   1.9476000e+02   7.0484420e-49
   1.9525000e+02   7.0507930e-49
   1.9575000e+02   7.0533123e-49
   1.9624000e+02   7.0558320e-49
   1.9674000e+02   7.0583522e-49
   1.9724000e+02   7.0610409e-49
   1.9774000e+02   7.0635620e-49
   1.9824000e+02   7.0664198e-49
   1.9875000e+02   7.0691101e-49
   1.9925000e+02   7.0719690e-49
   1.9976000e+02   7.0748285e-49
   2.0026000e+02   7.0778569e-49
   2.0077000e+02   7.0808859e-49
   2.0128000e+02   7.0839156e-49
   2.0179000e+02   7.0869459e-49
   2.0231000e+02   7.0901452e-49
   2.0282000e+02   7.0933453e-49
   2.0333000e+02   7.0967146e-49
   2.0385000e+02   7.0999161e-49
   2.0437000e+02   7.1034555e-49
   2.0489000e+02   7.1068272e-49
   2.0541000e+02   7.1103683e-49
   2.0593000e+02   7.1139103e-49
   2.0645000e+02   7.1174532e-49
   2.0697000e+02   7.1211658e-49
   2.0750000e+02   7.1248793e-49
   2.0802000e+02   7.1287626e-49
   2.0855000e+02   7.1326470e-49
   2.0908000e+02   7.1365325e-49
   2.0961000e+02   7.1404190e-49
   2.1014000e+02   7.1444756e-49
   2.1068000e+02   7.1485334e-49
   2.1121000e+02   7.1527615e-49
   2.1175000e+02   7.1568216e-49
   2.1229000e+02   7.1612214e-49
   2.1282000e+02   7.1654532e-49
   2.1336000e+02   7.1698556e-49
   2.1391000e+02   7.1742594e-49
   2.1445000e+02   7.1788340e-49
   2.1499000e+02   7.1834100e-49
   2.1554000e+02   7.1879875e-49
   2.1609000e+02   7.1927361e-49
   2.1663000e+02   7.1974862e-49
   2.1718000e+02   7.2022380e-49
   2.1773000e+02   7.2071610e-49
   2.1829000e+02   7.2120858e-49
   2.1884000e+02   7.2170122e-49
   2.1940000e+02   7.2221103e-49
   2.1995000e+02   7.2272102e-49
   2.2051000e+02   7.2323118e-49
   2.2107000e+02   7.2375855e-49
   2.2163000e+02   7.2428610e-49
   2.2219000e+02   7.2483088e-49
   2.2276000e+02   7.2535882e-49
   2.2332000e+02   7.2592104e-49
   2.2389000e+02   7.2646643e-49
   2.2446000e+02   7.2702908e-49
   2.2503000e+02   7.2760900e-49
   2.2560000e+02   7.2817209e-49
   2.2617000e+02   7.2875247e-49
   2.2675000e+02   7.2935016e-49
   2.2732000e+02   7.2993101e-49
   2.2790000e+02   7.3054628e-49
   2.2848000e+02   7.3114470e-49
   2.2906000e+02   7.3176048e-49
   2.2964000e+02   7.3237652e-49
   2.3022000e+02   7.3300995e-49
   2.3080000e+02   7.3364364e-49
   2.3139000e+02   7.3427761e-49
   2.3198000e+02   7.3492900e-49
   2.3257000e+02   7.3558068e-49
   2.3316000e+02   7.3624980e-49
   2.3375000e+02   7.3690206e-49
   2.3434000e+02   7.3758897e-49
   2.3494000e+02   7.3825901e-49
   2.3553000e+02   7.3894654e-49
   2.3613000e+02   7.3965160e-49
   2.3673000e+02   7.4033978e-49
   2.3733000e+02   7.4106272e-49
   2.3793000e+02   7.4176879e-49
   2.3854000e+02   7.4249242e-49
   2.3914000e+02   7.4321641e-49
   2.3975000e+02   7.4395800e-49
   2.4036000e+02   7.4469996e-49
   2.4097000e+02   7.4545956e-49
   2.4158000e+02   7.4620227e-49
   2.4219000e+02   7.4697992e-49
   2.4281000e+02   7.4774068e-49
   2.4342000e+02   7.4851913e-49
   2.4404000e+02   7.4931530e-49
   2.4466000e+02   7.5011189e-49
   2.4528000e+02   7.5090890e-49
   2.4590000e+02   7.5172368e-49
   2.4653000e+02   7.5253890e-49
   2.4715000e+02   7.5335456e-49
   2.4778000e+02   7.5418803e-49
   2.4841000e+02   7.5502197e-49
   2.4904000e+02   7.5587375e-49
   2.4967000e+02   7.5672601e-49
   2.5030000e+02   7.5757875e-49
   2.5094000e+02   7.5844939e-49
   2.5158000e+02   7.5932053e-49
   2.5221000e+02   7.6020961e-49
   2.5285000e+02   7.6109921e-49
   2.5350000e+02   7.6198933e-49
   2.5414000e+02   7.6289743e-49
   2.5478000e+02   7.6380608e-49
   2.5543000e+02   7.6473276e-49
   2.5608000e+02   7.6566000e-49
   2.5673000e+02   7.6660531e-49
   2.5738000e+02   7.6755121e-49
   2.5803000e+02   7.6849769e-49
   2.5869000e+02   7.6946230e-49
   2.5934000e+02   7.7042751e-49
   2.6000000e+02   7.7141089e-49
   2.6066000e+02   7.7239490e-49
   2.6132000e+02   7.7337954e-49
   2.6199000e+02   7.7438240e-49
   2.6265000e+02   7.7538591e-49
   2.6332000e+02   7.7640770e-49
   2.6399000e+02   7.7743016e-49
   2.6466000e+02   7.7847094e-49
   2.6533000e+02   7.7951241e-49
   2.6600000e+02   7.8055458e-49
   2.6668000e+02   7.8161513e-49
   2.6735000e+02   7.8267640e-49
   2.6803000e+02   7.8375609e-49
   2.6871000e+02   7.8483653e-49
   2.6939000e+02   7.8593544e-49
   2.7008000e+02   7.8703512e-49
   2.7076000e+02   7.8813557e-49
   2.7145000e+02   7.8925456e-49
   2.7214000e+02   7.9039212e-49
   2.7283000e+02   7.9151271e-49
   2.7352000e+02   7.9266970e-49
   2.7422000e+02   7.9380972e-49
   2.7491000e+02   7.9496839e-49
   2.7561000e+02   7.9614575e-49
   2.7631000e+02   7.9732398e-49
   2.7701000e+02   7.9850309e-49
   2.7771000e+02   7.9970095e-49
   2.7842000e+02   8.0091760e-49
   2.7912000e+02   8.0211727e-49
   2.7983000e+02   8.0335369e-49
   2.8054000e+02   8.0457312e-49
   2.8125000e+02   8.0582938e-49
   2.8197000e+02   8.0706866e-49
   2.8268000e+02   8.0832686e-49
   2.8340000e+02   8.0960405e-49
   2.8412000e+02   8.1088224e-49
   2.8484000e+02   8.1216144e-49
   2.8556000e+02   8.1345969e-49
   2.8629000e+02   8.1475897e-49
   2.8702000e+02   8.1607736e-49
   2.8774000e+02   8.1741489e-49
   2.8847000e+02   8.1873543e-49
   2.8921000e+02   8.2009325e-49
   2.8994000e+02   8.2143407e-49
   2.9068000e+02   8.2279413e-49
   2.9141000e+02   8.2417347e-49
   2.9215000e+02   8.2555396e-49
   2.9289000e+02   8.2695380e-49
   2.9364000e+02   8.2835482e-49
   2.9438000e+02   8.2975703e-49
   2.9513000e+02   8.3117866e-49
   2.9588000e+02   8.3261975e-49
   2.9663000e+02   8.3406209e-49
   2.9738000e+02   8.3550568e-49
   2.9814000e+02   8.3696882e-49
   2.9889000e+02   8.3843324e-49
   2.9965000e+02   8.3991726e-49
   3.0041000e+02   8.4142094e-49
   3.0117000e+02   8.4290761e-49
   3.0194000e+02   8.4443234e-49
   3.0271000e+02   8.4595846e-49
   3.0347000e+02   8.4748595e-49
   3.0424000e+02   8.4903324e-49
   3.0502000e+02   8.5058195e-49
   3.0579000e+02   8.5215053e-49
   3.0657000e+02   8.5372056e-49
   3.0734000e+02   8.5531053e-49
   3.0812000e+02   8.5690198e-49
   3.0891000e+02   8.5851343e-49
   3.0969000e+02   8.6012640e-49
   3.1048000e+02   8.6175946e-49
   3.1126000e+02   8.6339406e-49
   3.1205000e+02   8.6504881e-49
   3.1284000e+02   8.6670514e-49
   3.1364000e+02   8.6838170e-49
   3.1443000e+02   8.7005987e-49
   3.1523000e+02   8.7175834e-49
   3.1603000e+02   8.7345847e-49
   3.1683000e+02   8.7517896e-49
   3.1764000e+02   8.7690114e-49
   3.1844000e+02   8.7864377e-49
   3.1925000e+02   8.8038812e-49
   3.2006000e+02   8.8215299e-49
   3.2088000e+02   8.8391963e-49
   3.2169000e+02   8.8570685e-49
   3.2251000e+02   8.8749588e-49
   3.2332000e+02   8.8930558e-49
   3.2414000e+02   8.9113600e-49
   3.2497000e+02   8.9296830e-49
   3.2579000e+02   8.9480248e-49
   3.2662000e+02   8.9665749e-49
   3.2745000e+02   8.9853337e-49
   3.2828000e+02   9.0041121e-49
   3.2911000e+02   9.0229101e-49
   3.2995000e+02   9.0419179e-49
   3.3078000e+02   9.0611361e-49
   3.3162000e+02   9.0803747e-49
   3.3247000e+02   9.0998244e-49
   3.3331000e+02   9.1192950e-49
   3.3415000e+02   9.1389776e-49
   3.3500000e+02   9.1586814e-49
   3.3585000e+02   9.1785980e-49
   3.3671000e+02   9.1985363e-49
   3.3756000e+02   9.2186882e-49
   3.3842000e+02   9.2388622e-49
   3.3927000e+02   9.2592506e-49
   3.4014000e+02   9.2798542e-49
   3.4100000e+02   9.3004807e-49
   3.4186000e+02   9.3211301e-49
   3.4273000e+02   9.3421890e-49
   3.4360000e+02   9.3630782e-49
   3.4447000e+02   9.3841844e-49
   3.4535000e+02   9.4055083e-49
   3.4622000e+02   9.4270506e-49
   3.4710000e+02   9.4484232e-49
   3.4798000e+02   9.4702092e-49
   3.4887000e+02   9.4920203e-49
   3.4975000e+02   9.5140516e-49
   3.5064000e+02   9.5361084e-49
   3.5153000e+02   9.5581908e-49
   3.5242000e+02   9.5806902e-49
   3.5332000e+02   9.6030200e-49
   3.5421000e+02   9.6257683e-49
   3.5511000e+02   9.6485435e-49
   3.5601000e+02   9.6713456e-49
   3.5692000e+02   9.6943716e-49
   3.5782000e+02   9.7176221e-49
   3.5873000e+02   9.7409004e-49
   3.5964000e+02   9.7644042e-49
   3.6055000e+02   9.7879364e-49
   3.6147000e+02   9.8116949e-49
   3.6239000e+02   9.8356806e-49
   3.6330000e+02   9.8596956e-49
   3.6423000e+02   9.8837399e-49
   3.6515000e+02   9.9082116e-49
   3.6608000e+02   9.9325142e-49
   3.6701000e+02   9.9572458e-49
   3.6794000e+02   9.9820081e-49
   3.6887000e+02   1.0006001e-48
   3.6981000e+02   1.0032026e-48
   3.7075000e+02   1.0058084e-48
   3.7169000e+02   1.0082168e-48
   3.7263000e+02   1.0108292e-48
   3.7358000e+02   1.0134449e-48
   3.7452000e+02   1.0158624e-48
   3.7547000e+02   1.0184846e-48
   3.7643000e+02   1.0211102e-48
   3.7738000e+02   1.0237392e-48
   3.7834000e+02   1.0263716e-48
   3.7930000e+02   1.0290074e-48
   3.8026000e+02   1.0318496e-48
   3.8123000e+02   1.0344924e-48
   3.8220000e+02   1.0371386e-48
   3.8317000e+02   1.0397881e-48
   3.8414000e+02   1.0426452e-48
   3.8511000e+02   1.0453018e-48
   3.8609000e+02   1.0481664e-48
   3.8707000e+02   1.0508300e-48
   3.8805000e+02   1.0537022e-48
   3.8904000e+02   1.0565784e-48
   3.9002000e+02   1.0592526e-48
   3.9101000e+02   1.0621364e-48
   3.9201000e+02   1.0650240e-48
   3.9300000e+02   1.0679156e-48
   3.9400000e+02   1.0708110e-48
   3.9500000e+02   1.0737104e-48
   3.9600000e+02   1.0766138e-48
   3.9700000e+02   1.0797288e-48
   3.9801000e+02   1.0826403e-48
   3.9902000e+02   1.0855556e-48
   4.0004000e+02   1.0886836e-48
   4.0105000e+02   1.0916070e-48
   4.0207000e+02   1.0947437e-48
   4.0309000e+02   1.0976753e-48
   4.0411000e+02   1.1008206e-48
   4.0514000e+02   1.1039705e-48
   4.0616000e+02   1.1069144e-48
   4.0720000e+02   1.1100730e-48
   4.0823000e+02   1.1132360e-48
   4.0926000e+02   1.1164036e-48
   4.1030000e+02   1.1195756e-48
   4.1134000e+02   1.1227522e-48
   4.1239000e+02   1.1259332e-48
   4.1343000e+02   1.1293313e-48
   4.1448000e+02   1.1325216e-48
   4.1554000e+02   1.1357165e-48
   4.1659000e+02   1.1391293e-48
   4.1765000e+02   1.1423334e-48
   4.1871000e+02   1.1457562e-48
   4.1977000e+02   1.1489696e-48
   4.2084000e+02   1.1524022e-48
   4.2190000e+02   1.1558400e-48
   4.2297000e+02   1.1590676e-48
   4.2405000e+02   1.1625152e-48
   4.2512000e+02   1.1659680e-48
   4.2620000e+02   1.1694260e-48
   4.2728000e+02   1.1728890e-48
   4.2837000e+02   1.1765741e-48
   4.2946000e+02   1.1800477e-48
   4.3055000e+02   1.1835264e-48
   4.3164000e+02   1.1870102e-48
   4.3273000e+02   1.1907174e-48
   4.3383000e+02   1.1942118e-48
   4.3493000e+02   1.1979302e-48
   4.3604000e+02   1.2014352e-48
   4.3714000e+02   1.2051648e-48
   4.3825000e+02   1.2089002e-48
   4.3936000e+02   1.2126414e-48
   4.4048000e+02   1.2161678e-48
   4.4160000e+02   1.2199203e-48
   4.4272000e+02   1.2236784e-48
   4.4384000e+02   1.2276640e-48
   4.4497000e+02   1.2314341e-48
   4.4610000e+02   1.2352100e-48
   4.4723000e+02   1.2389916e-48
   4.4836000e+02   1.2430020e-48
   4.4950000e+02   1.2467956e-48
   4.5064000e+02   1.2505949e-48
   4.5179000e+02   1.2546240e-48
   4.5293000e+02   1.2586596e-48
   4.5408000e+02   1.2624770e-48
   4.5523000e+02   1.2665252e-48
   4.5639000e+02   1.2705798e-48
   4.5755000e+02   1.2746410e-48
   4.5871000e+02   1.2787086e-48
   4.5987000e+02   1.2827828e-48
   4.6104000e+02   1.2868634e-48
   4.6221000e+02   1.2909504e-48
   4.6338000e+02   1.2952716e-48
   4.6456000e+02   1.2993720e-48
   4.6574000e+02   1.3034789e-48
   4.6692000e+02   1.3078210e-48
   4.6810000e+02   1.3119412e-48
   4.6929000e+02   1.3162973e-48
   4.7048000e+02   1.3206606e-48
   4.7168000e+02   1.3248010e-48
   4.7287000e+02   1.3291784e-48
   4.7407000e+02   1.3335630e-48
   4.7528000e+02   1.3379549e-48
   4.7648000e+02   1.3423540e-48
   4.7769000e+02   1.3467602e-48
   4.7890000e+02   1.3514062e-48
   4.8012000e+02   1.3558274e-48
   4.8134000e+02   1.3602557e-48
   4.8256000e+02   1.3649249e-48
   4.8378000e+02   1.3693680e-48
   4.8501000e+02   1.3740528e-48
   4.8624000e+02   1.3785108e-48
   4.8748000e+02   1.3832112e-48
   4.8871000e+02   1.3879196e-48
   4.8995000e+02   1.3926360e-48
   4.9120000e+02   1.3973604e-48
   4.9244000e+02   1.4020928e-48
   4.9369000e+02   1.4068332e-48
   4.9495000e+02   1.4115816e-48
   4.9620000e+02   1.4163380e-48
   4.9746000e+02   1.4213408e-48
   4.9872000e+02   1.4261136e-48
   4.9999000e+02   1.4311337e-48
   5.0126000e+02   1.4359229e-48
   5.0253000e+02   1.4409602e-48
   5.0381000e+02   1.4457658e-48
   5.0508000e+02   1.4508203e-48
   5.0637000e+02   1.4558836e-48
   5.0765000e+02   1.4609557e-48
   5.0894000e+02   1.4660366e-48
   5.1023000e+02   1.4711264e-48
   5.1153000e+02   1.4762250e-48
   5.1282000e+02   1.4813324e-48
   5.1412000e+02   1.4866925e-48
   5.1543000e+02   1.4918180e-48
   5.1674000e+02   1.4971970e-48
   5.1805000e+02   1.5023405e-48
   5.1936000e+02   1.5077384e-48
   5.2068000e+02   1.5129000e-48
   5.2200000e+02   1.5183168e-48
   5.2333000e+02   1.5237434e-48
   5.2466000e+02   1.5291796e-48
   5.2599000e+02   1.5346254e-48
   5.2732000e+02   1.5400810e-48
   5.2866000e+02   1.5455462e-48
   5.3000000e+02   1.5512703e-48
   5.3135000e+02   1.5567553e-48
   5.3269000e+02   1.5622500e-48
   5.3405000e+02   1.5680048e-48
   5.3540000e+02   1.5735194e-48
   5.3676000e+02   1.5792949e-48
   5.3812000e+02   1.5850810e-48
   5.3949000e+02   1.5908777e-48
   5.4086000e+02   1.5966850e-48
   5.4223000e+02   1.6025028e-48
   5.4361000e+02   1.6083312e-48
   5.4499000e+02   1.6141703e-48
   5.4637000e+02   1.6200198e-48
   5.4775000e+02   1.6258800e-48
   5.4914000e+02   1.6320062e-48
   5.5054000e+02   1.6378880e-48
   5.5194000e+02   1.6440368e-48
   5.5334000e+02   1.6499402e-48
   5.5474000e+02   1.6561116e-48
   5.5615000e+02   1.6622945e-48
   5.5756000e+02   1.6684889e-48
   5.5897000e+02   1.6746948e-48
   5.6039000e+02   1.6809122e-48
   5.6181000e+02   1.6871412e-48
   5.6324000e+02   1.6933817e-48
   5.6467000e+02   1.6996337e-48
   5.6610000e+02   1.7061584e-48
   5.6754000e+02   1.7124340e-48
   5.6898000e+02   1.7189832e-48
   5.7042000e+02   1.7252823e-48
   5.7187000e+02   1.7318560e-48
   5.7332000e+02   1.7384423e-48
   5.7478000e+02   1.7450410e-48
   5.7624000e+02   1.7516522e-48
   5.7770000e+02   1.7582760e-48
   5.7916000e+02   1.7649122e-48
   5.8063000e+02   1.7715610e-48
   5.8211000e+02   1.7782223e-48
   5.8358000e+02   1.7851632e-48
   5.8507000e+02   1.7918500e-48
   5.8655000e+02   1.7988174e-48
   5.8804000e+02   1.8057984e-48
   5.8953000e+02   1.8125237e-48
   5.9103000e+02   1.8195312e-48
   5.9253000e+02   1.8265522e-48
   5.9403000e+02   1.8335868e-48
   5.9554000e+02   1.8406349e-48
   5.9705000e+02   1.8476965e-48
   5.9856000e+02   1.8550440e-48
   6.0008000e+02   1.8621332e-48
   6.0161000e+02   1.8692358e-48
   6.0313000e+02   1.8766260e-48
   6.0466000e+02   1.8840308e-48
   6.0620000e+02   1.8911750e-48
   6.0774000e+02   1.8986084e-48
   6.0928000e+02   1.9060564e-48
   6.1082000e+02   1.9135189e-48
   6.1237000e+02   1.9209960e-48
   6.1393000e+02   1.9284877e-48
   6.1549000e+02   1.9359940e-48
   6.1705000e+02   1.9437936e-48
   6.1861000e+02   1.9513296e-48
   6.2018000e+02   1.9591601e-48
   6.2176000e+02   1.9667258e-48
   6.2334000e+02   1.9745870e-48
   6.2492000e+02   1.9824640e-48
   6.2650000e+02   1.9903566e-48
   6.2809000e+02   1.9982650e-48
   6.2969000e+02   2.0061890e-48
   6.3129000e+02   2.0141286e-48
   6.3289000e+02   2.0220840e-48
   6.3449000e+02   2.0300550e-48
   6.3610000e+02   2.0383273e-48
   6.3772000e+02   2.0463303e-48
   6.3934000e+02   2.0546356e-48
   6.4096000e+02   2.0629577e-48
   6.4259000e+02   2.0712966e-48
   6.4422000e+02   2.0793640e-48
   6.4585000e+02   2.0877360e-48
   6.4749000e+02   2.0964144e-48
   6.4913000e+02   2.1048206e-48
   6.5078000e+02   2.1132437e-48
   6.5243000e+02   2.1216836e-48
   6.5409000e+02   2.1304322e-48
   6.5575000e+02   2.1389063e-48
   6.5741000e+02   2.1476903e-48
   6.5908000e+02   2.1564922e-48
   6.6075000e+02   2.1653122e-48
   6.6243000e+02   2.1741502e-48
   6.6411000e+02   2.1830062e-48
   6.6580000e+02   2.1918802e-48
   6.6748000e+02   2.2007722e-48
   6.6918000e+02   2.2096822e-48
   6.7088000e+02   2.2189082e-48
   6.7258000e+02   2.2278548e-48
   6.7429000e+02   2.2371185e-48
   6.7600000e+02   2.2464014e-48
   6.7771000e+02   2.2554032e-48
   6.7943000e+02   2.2647240e-48
   6.8116000e+02   2.2740640e-48
   6.8289000e+02   2.2834232e-48
   6.8462000e+02   2.2931045e-48
   6.8636000e+02   2.3025028e-48
   6.8810000e+02   2.3119202e-48
   6.8984000e+02   2.3216617e-48
   6.9159000e+02   2.3311182e-48
   6.9335000e+02   2.3409000e-48
   6.9511000e+02   2.3507022e-48
   6.9687000e+02   2.3605250e-48
   6.9864000e+02   2.3703682e-48
   7.0041000e+02   2.3802318e-48
   7.0219000e+02   2.3901160e-48
   7.0397000e+02   2.4000206e-48
   7.0576000e+02   2.4102562e-48
   7.0755000e+02   2.4202025e-48
   7.0935000e+02   2.4304810e-48
   7.1115000e+02   2.4407813e-48
   7.1295000e+02   2.4507903e-48
   7.1476000e+02   2.4611334e-48
   7.1657000e+02   2.4714984e-48
   7.1839000e+02   2.4818852e-48
   7.2022000e+02   2.4926094e-48
   7.2204000e+02   2.5030404e-48
   7.2388000e+02   2.5134932e-48
   7.2571000e+02   2.5242854e-48
   7.2755000e+02   2.5351008e-48
   7.2940000e+02   2.5456203e-48
   7.3125000e+02   2.5564812e-48
   7.3311000e+02   2.5673653e-48
   7.3497000e+02   2.5782725e-48
   7.3683000e+02   2.5892028e-48
   7.3870000e+02   2.6004788e-48
   7.4058000e+02   2.6114560e-48
   7.4246000e+02   2.6224564e-48
   7.4434000e+02   2.6338044e-48
   7.4623000e+02   2.6451770e-48
   7.4812000e+02   2.6562480e-48
   7.5002000e+02   2.6676689e-48
   7.5193000e+02   2.6791142e-48
   7.5383000e+02   2.6905841e-48
   7.5575000e+02   2.7024072e-48
   7.5766000e+02   2.7139268e-48
   7.5959000e+02   2.7254708e-48
   7.6151000e+02   2.7373703e-48
   7.6345000e+02   2.7492956e-48
   7.6538000e+02   2.7609146e-48
   7.6733000e+02   2.7728910e-48
   7.6927000e+02   2.7848934e-48
   7.7123000e+02   2.7969218e-48
   7.7318000e+02   2.8089760e-48
   7.7515000e+02   2.8213921e-48
   7.7711000e+02   2.8334989e-48
   7.7908000e+02   2.8459690e-48
   7.8106000e+02   2.8581284e-48
   7.8304000e+02   2.8706525e-48
   7.8503000e+02   2.8832040e-48
   7.8702000e+02   2.8957829e-48
   7.8902000e+02   2.9083892e-48
   7.9102000e+02   2.9210228e-48
   7.9303000e+02   2.9340264e-48
   7.9504000e+02   2.9467156e-48
   7.9706000e+02   2.9597762e-48
   7.9908000e+02   2.9725208e-48
   8.0111000e+02   2.9859840e-48
   8.0314000e+02   2.9994776e-48
   8.0518000e+02   3.0171690e-48
   8.0723000e+02   3.0366548e-48
   8.0927000e+02   3.0390949e-48
   8.1133000e+02   3.0520090e-48
   8.1339000e+02   3.0653006e-48
   8.1545000e+02   3.0786212e-48
   8.1752000e+02   3.0923222e-48
   8.1959000e+02   3.1060538e-48
   8.2167000e+02   3.1198157e-48
   8.2376000e+02   3.1336080e-48
   8.2585000e+02   3.1474308e-48
   8.2795000e+02   3.1612840e-48
   8.3005000e+02   3.1751676e-48
   8.3215000e+02   3.1894388e-48
   8.3426000e+02   3.2033840e-48
   8.3638000e+02   3.2177184e-48
   8.3850000e+02   3.2320848e-48
   8.4063000e+02   3.2464832e-48
   8.4277000e+02   3.2609136e-48
   8.4490000e+02   3.2753760e-48
   8.4705000e+02   3.2898704e-48
   8.4920000e+02   3.3047604e-48
   8.5135000e+02   3.3193196e-48
   8.5351000e+02   3.3342760e-48
   8.5568000e+02   3.3492660e-48
   8.5785000e+02   3.3642896e-48
   8.6003000e+02   3.3793469e-48
   8.6221000e+02   3.3944378e-48
   8.6440000e+02   3.4095622e-48
   8.6659000e+02   3.4247204e-48
   8.6879000e+02   3.4402830e-48
   8.7100000e+02   3.4555092e-48
   8.7321000e+02   3.4711416e-48
   8.7542000e+02   3.4868093e-48
   8.7764000e+02   3.5025123e-48
   8.7987000e+02   3.5182505e-48
   8.8210000e+02   3.5340240e-48
   8.8434000e+02   3.5502096e-48
   8.8659000e+02   3.5660546e-48
   8.8884000e+02   3.5823133e-48
   8.9109000e+02   3.5986090e-48
   8.9335000e+02   3.6145614e-48
   8.9562000e+02   3.6309303e-48
   8.9789000e+02   3.6473360e-48
   9.0017000e+02   3.6641616e-48
   9.0246000e+02   3.6806423e-48
   9.0475000e+02   3.6975444e-48
   9.0704000e+02   3.7140998e-48
   9.0934000e+02   3.7310786e-48
   9.1165000e+02   3.7480960e-48
   9.1396000e+02   3.7651522e-48
   9.1628000e+02   3.7822470e-48
   9.1861000e+02   3.7993806e-48
   9.2094000e+02   3.8165530e-48
   9.2328000e+02   3.8341556e-48
   9.2562000e+02   3.8517988e-48
   9.2797000e+02   3.8690890e-48
   9.3032000e+02   3.8868122e-48
   9.3269000e+02   3.9045760e-48
   9.3505000e+02   3.9223802e-48
   9.3743000e+02   3.9406220e-48
   9.3980000e+02   3.9585082e-48
   9.4219000e+02   3.9768336e-48
   9.4458000e+02   3.9948017e-48
   9.4698000e+02   4.0132109e-48
   9.4938000e+02   4.0316624e-48
   9.5179000e+02   4.0501562e-48
   9.5420000e+02   4.0686924e-48
   9.5663000e+02   4.0876752e-48
   9.5905000e+02   4.1062970e-48
   9.6149000e+02   4.1253672e-48
   9.6393000e+02   4.1440745e-48
   9.6637000e+02   4.1632322e-48
   9.6883000e+02   4.1824340e-48
   9.7128000e+02   4.2016800e-48
   9.7375000e+02   4.2213812e-48
   9.7622000e+02   4.2407165e-48
   9.7870000e+02   4.2605088e-48
   9.8118000e+02   4.2799334e-48
   9.8367000e+02   4.2998170e-48
   9.8617000e+02   4.3197466e-48
   9.8867000e+02   4.3397222e-48
   9.9118000e+02   4.3597440e-48
   9.9369000e+02   4.3802304e-48
   9.9622000e+02   4.4003453e-48
   9.9874000e+02   4.4209268e-48
   1.0013000e+03   4.4415562e-48
   1.0038000e+03   4.4622338e-48
   1.0064000e+03   4.4829593e-48
   1.0089000e+03   4.5037328e-48
   1.0115000e+03   4.5245544e-48
   1.0140000e+03   4.5458504e-48
   1.0166000e+03   4.5667690e-48
   1.0192000e+03   4.5881640e-48
   1.0218000e+03   4.6096090e-48
   1.0244000e+03   4.6311040e-48
   1.0270000e+03   4.6526490e-48
   1.0296000e+03   4.6746764e-48
   1.0322000e+03   4.6963224e-48
   1.0348000e+03   4.7184528e-48
   1.0374000e+03   4.7401998e-48
   1.0401000e+03   4.7624333e-48
   1.0427000e+03   4.7847188e-48
   1.0454000e+03   4.8074948e-48
   1.0480000e+03   4.8298853e-48
   1.0507000e+03   4.8523278e-48
   1.0533000e+03   4.8752640e-48
   1.0560000e+03   4.8982542e-48
   1.0587000e+03   4.9212986e-48
   1.0614000e+03   4.9443970e-48
   1.0641000e+03   4.9675494e-48
   1.0668000e+03   4.9907560e-48
   1.0695000e+03   5.0144645e-48
   1.0722000e+03   5.0377803e-48
   1.0749000e+03   5.0616000e-48
   1.0776000e+03   5.0854760e-48
   1.0804000e+03   5.1094082e-48
   1.0831000e+03   5.1333965e-48
   1.0859000e+03   5.1578952e-48
   1.0886000e+03   5.1819970e-48
   1.0914000e+03   5.2066112e-48
   1.0942000e+03   5.2312838e-48
   1.0969000e+03   5.2560148e-48
   1.0997000e+03   5.2808040e-48
   1.1025000e+03   5.3056516e-48
   1.1053000e+03   5.3310192e-48
   1.1081000e+03   5.3559845e-48
   1.1109000e+03   5.3814720e-48
   1.1137000e+03   5.4070201e-48
   1.1166000e+03   5.4326286e-48
   1.1194000e+03   5.4582977e-48
   1.1222000e+03   5.4844956e-48
   1.1251000e+03   5.5102868e-48
   1.1279000e+03   5.5366090e-48
   1.1308000e+03   5.5629940e-48
   1.1337000e+03   5.5894416e-48
   1.1366000e+03   5.6159520e-48
   1.1394000e+03   5.6425252e-48
   1.1423000e+03   5.6696372e-48
   1.1452000e+03   5.6963369e-48
   1.1481000e+03   5.7235778e-48
   1.1510000e+03   5.7508836e-48
   1.1540000e+03   5.7782544e-48
   1.1569000e+03   5.8061722e-48
   1.1598000e+03   5.8336741e-48
   1.1628000e+03   5.8617252e-48
   1.1657000e+03   5.8893582e-48
   1.1687000e+03   5.9175428e-48
   1.1717000e+03   5.9457946e-48
   1.1746000e+03   5.9746025e-48
   1.1776000e+03   6.0029900e-48
   1.1806000e+03   6.0314448e-48
   1.1836000e+03   6.0604592e-48
   1.1866000e+03   6.0895433e-48
   1.1896000e+03   6.1186970e-48
   1.1926000e+03   6.1479202e-48
   1.1957000e+03   6.1777102e-48
   1.1987000e+03   6.2070740e-48
   1.2017000e+03   6.2370068e-48
   1.2048000e+03   6.2670116e-48
   1.2078000e+03   6.2970884e-48
   1.2109000e+03   6.3272372e-48
   1.2140000e+03   6.3574580e-48
   1.2171000e+03   6.3882563e-48
   1.2201000e+03   6.4191290e-48
   1.2232000e+03   6.4495682e-48
   1.2263000e+03   6.4810976e-48
   1.2295000e+03   6.5121936e-48
   1.2326000e+03   6.5433640e-48
   1.2357000e+03   6.5751216e-48
   1.2388000e+03   6.6064421e-48
   1.2420000e+03   6.6383523e-48
   1.2451000e+03   6.6703393e-48
   1.2483000e+03   6.7029210e-48
   1.2515000e+03   6.7350630e-48
   1.2546000e+03   6.7678022e-48
   1.2578000e+03   6.8000993e-48
   1.2610000e+03   6.8329960e-48
   1.2642000e+03   6.8659721e-48
   1.2674000e+03   6.8995529e-48
   1.2706000e+03   6.9326890e-48
   1.2739000e+03   6.9664324e-48
   1.2771000e+03   7.0002576e-48
   1.2803000e+03   7.0336344e-48
   1.2836000e+03   7.0681540e-48
   1.2868000e+03   7.1022250e-48
   1.2901000e+03   7.1363780e-48
   1.2934000e+03   7.1711484e-48
   1.2967000e+03   7.2060034e-48
   1.3000000e+03   7.2409428e-48
   1.3033000e+03   7.2759668e-48
   1.3066000e+03   7.3116160e-48
   1.3099000e+03   7.3468103e-48
   1.3132000e+03   7.3826324e-48
   1.3165000e+03   7.4185417e-48
   1.3199000e+03   7.4545381e-48
   1.3232000e+03   7.4906216e-48
   1.3266000e+03   7.5273410e-48
   1.3299000e+03   7.5641501e-48
   1.3333000e+03   7.6004976e-48
   1.3367000e+03   7.6380377e-48
   1.3401000e+03   7.6751162e-48
   1.3435000e+03   7.7122844e-48
   1.3469000e+03   7.7500992e-48
   1.3503000e+03   7.7880065e-48
   1.3538000e+03   7.8260063e-48
   1.3572000e+03   7.8640985e-48
   1.3606000e+03   7.9022832e-48
   1.3641000e+03   7.9411240e-48
   1.3675000e+03   7.9794950e-48
   1.3710000e+03   8.0185249e-48
   1.3745000e+03   8.0576500e-48
   1.3780000e+03   8.0974394e-48
   1.3815000e+03   8.1367563e-48
   1.3850000e+03   8.1767402e-48
   1.3885000e+03   8.2168222e-48
   1.3920000e+03   8.2570022e-48
   1.3956000e+03   8.2972803e-48
   1.3991000e+03   8.3376563e-48
   1.4027000e+03   8.3787092e-48
   1.4062000e+03   8.4198629e-48
   1.4098000e+03   8.4611174e-48
   1.4134000e+03   8.5024728e-48
   1.4169000e+03   8.5439290e-48
   1.4205000e+03   8.5860720e-48
   1.4241000e+03   8.6283188e-48
   1.4278000e+03   8.6706692e-48
   1.4314000e+03   8.7131232e-48
   1.4350000e+03   8.7562728e-48
   1.4387000e+03   8.7989357e-48
   1.4423000e+03   8.8422970e-48
   1.4460000e+03   8.8857648e-48
   1.4496000e+03   8.9293392e-48
   1.4533000e+03   8.9736194e-48
   1.4570000e+03   9.0174084e-48
   1.4607000e+03   9.0619061e-48
   1.4644000e+03   9.1065133e-48
   1.4681000e+03   9.1512300e-48
   1.4718000e+03   9.1966628e-48
   1.4756000e+03   9.2416000e-48
   1.4793000e+03   9.2872563e-48
   1.4831000e+03   9.3330250e-48
   1.4868000e+03   9.3789062e-48
   1.4906000e+03   9.4255140e-48
   1.4944000e+03   9.4716218e-48
   1.4982000e+03   9.5184590e-48
   1.5020000e+03   9.5654118e-48
   1.5058000e+03   9.6124802e-48
   1.5096000e+03   9.6602856e-48
   1.5135000e+03   9.7082096e-48
   1.5173000e+03   9.7562522e-48
   1.5212000e+03   9.8044134e-48
   1.5250000e+03   9.8526932e-48
   1.5289000e+03   9.9017209e-48
   1.5328000e+03   9.9502394e-48
   1.5367000e+03   9.9995088e-48
   1.5406000e+03   1.0048900e-47
   1.5445000e+03   1.0099048e-47
   1.5484000e+03   1.0148684e-47
   1.5523000e+03   1.0199081e-47
   1.5562000e+03   1.0249602e-47
   1.5602000e+03   1.0300248e-47
   1.5642000e+03   1.0351663e-47
   1.5681000e+03   1.0403205e-47
   1.5721000e+03   1.0454229e-47
   1.5761000e+03   1.0506674e-47
   1.5801000e+03   1.0558600e-47
   1.5841000e+03   1.0610655e-47
   1.5881000e+03   1.0663490e-47
   1.5922000e+03   1.0716457e-47
   1.5962000e+03   1.0769555e-47
   1.6002000e+03   1.0823442e-47
   1.6043000e+03   1.0877464e-47
   1.6084000e+03   1.0931620e-47
   1.6125000e+03   1.0995193e-47
   1.6166000e+03   1.1040335e-47
   1.6207000e+03   1.1094895e-47
   1.6248000e+03   1.1150257e-47
   1.6289000e+03   1.1205756e-47
   1.6330000e+03   1.1261394e-47
   1.6372000e+03   1.1317842e-47
   1.6413000e+03   1.1374431e-47
   1.6455000e+03   1.1431161e-47
   1.6497000e+03   1.1488032e-47
   1.6538000e+03   1.1545045e-47
   1.6580000e+03   1.1602880e-47
   1.6623000e+03   1.1660859e-47
   1.6665000e+03   1.1718983e-47
   1.6707000e+03   1.1777251e-47
   1.6749000e+03   1.1835664e-47
   1.6792000e+03   1.1894911e-47
   1.6835000e+03   1.1954306e-47
   1.6877000e+03   1.2014542e-47
   1.6920000e+03   1.2074235e-47
   1.6963000e+03   1.2134772e-47
   1.7006000e+03   1.2195461e-47
   1.7049000e+03   1.2256301e-47
   1.7092000e+03   1.2317292e-47
   1.7136000e+03   1.2379139e-47
   1.7179000e+03   1.2441140e-47
   1.7223000e+03   1.2503296e-47
   1.7267000e+03   1.2565607e-47
   1.7310000e+03   1.2628784e-47
   1.7354000e+03   1.2692119e-47
   1.7398000e+03   1.2755612e-47
   1.7443000e+03   1.2819264e-47
   1.7487000e+03   1.2883792e-47
   1.7531000e+03   1.2948483e-47
   1.7576000e+03   1.3013335e-47
   1.7620000e+03   1.3078349e-47
   1.7665000e+03   1.3144250e-47
   1.7710000e+03   1.3210317e-47
   1.7755000e+03   1.3276550e-47
   1.7800000e+03   1.3342948e-47
   1.7845000e+03   1.3410244e-47
   1.7890000e+03   1.3477709e-47
   1.7936000e+03   1.3545344e-47
   1.7981000e+03   1.3613148e-47
   1.8027000e+03   1.3681861e-47
   1.8073000e+03   1.3750747e-47
   1.8118000e+03   1.3819806e-47
   1.8164000e+03   1.3889038e-47
   1.8211000e+03   1.3959190e-47
   1.8257000e+03   1.4029519e-47
   1.8303000e+03   1.4100025e-47
   1.8350000e+03   1.4170707e-47
   1.8396000e+03   1.4242321e-47
   1.8443000e+03   1.4314116e-47
   1.8490000e+03   1.4386090e-47
   1.8536000e+03   1.4458246e-47
   1.8584000e+03   1.4531344e-47
   1.8631000e+03   1.4604627e-47
   1.8678000e+03   1.4678093e-47
   1.8725000e+03   1.4752513e-47
   1.8773000e+03   1.4826350e-47
   1.8821000e+03   1.4901144e-47
   1.8868000e+03   1.4976900e-47
   1.8916000e+03   1.5052072e-47
   1.8964000e+03   1.5128210e-47
   1.9012000e+03   1.5204540e-47
   1.9061000e+03   1.5281063e-47
   1.9109000e+03   1.5358561e-47
   1.9157000e+03   1.5436255e-47
   1.9206000e+03   1.5514145e-47
   1.9255000e+03   1.5593021e-47
   1.9304000e+03   1.5671306e-47
   1.9353000e+03   1.5750580e-47
   1.9402000e+03   1.5830054e-47
   1.9451000e+03   1.5910525e-47
   1.9500000e+03   1.5991201e-47
   1.9550000e+03   1.6072081e-47
   1.9599000e+03   1.6153165e-47
   1.9649000e+03   1.6235258e-47
   1.9699000e+03   1.6317560e-47
   1.9749000e+03   1.6400070e-47
   1.9799000e+03   1.6483600e-47
   1.9849000e+03   1.6566528e-47
   1.9900000e+03   1.6650480e-47
   1.9950000e+03   1.6735463e-47
   2.0001000e+03   1.6819841e-47
   2.0052000e+03   1.6905255e-47
   2.0103000e+03   1.6990884e-47
   2.0154000e+03   1.7077556e-47
   2.0205000e+03   1.7164449e-47
   2.0256000e+03   1.7251562e-47
   2.0307000e+03   1.7338896e-47
   2.0359000e+03   1.7427285e-47
   2.0411000e+03   1.7515899e-47
   2.0462000e+03   1.7604738e-47
   2.0514000e+03   1.7693801e-47
   2.0566000e+03   1.7783932e-47
   2.0619000e+03   1.7874293e-47
   2.0671000e+03   1.7964882e-47
   2.0723000e+03   1.8056550e-47
   2.0776000e+03   1.8148452e-47
   2.0829000e+03   1.8240587e-47
   2.0881000e+03   1.8333811e-47
   2.0934000e+03   1.8427273e-47
   2.0988000e+03   1.8520973e-47
   2.1041000e+03   1.8615773e-47
   2.1094000e+03   1.8709950e-47
   2.1148000e+03   1.8805232e-47
   2.1201000e+03   1.8901626e-47
   2.1255000e+03   1.8997394e-47
   2.1309000e+03   1.9094278e-47
   2.1363000e+03   1.9192285e-47
   2.1417000e+03   1.9289664e-47
   2.1472000e+03   1.9388170e-47
   2.1526000e+03   1.9486927e-47
   2.1581000e+03   1.9586820e-47
   2.1636000e+03   1.9686969e-47
   2.1691000e+03   1.9787373e-47
   2.1746000e+03   1.9888924e-47
   2.1801000e+03   1.9989841e-47
   2.1856000e+03   2.0091910e-47
   2.1912000e+03   2.0195137e-47
   2.1967000e+03   2.0298629e-47
   2.2023000e+03   2.0402386e-47
   2.2079000e+03   2.0506407e-47
   2.2135000e+03   2.0611600e-47
   2.2191000e+03   2.0717063e-47
   2.2247000e+03   2.0822794e-47
   2.2304000e+03   2.0929710e-47
   2.2360000e+03   2.1036900e-47
   2.2417000e+03   2.1144363e-47
   2.2474000e+03   2.1253022e-47
   2.2531000e+03   2.1361960e-47
   2.2588000e+03   2.1471176e-47
   2.2646000e+03   2.1580670e-47
   2.2703000e+03   2.1691375e-47
   2.2761000e+03   2.1803296e-47
   2.2818000e+03   2.1914570e-47
   2.2876000e+03   2.2027065e-47
   2.2934000e+03   2.2139848e-47
   2.2993000e+03   2.2253863e-47
   2.3051000e+03   2.2368170e-47
   2.3109000e+03   2.2482771e-47
   2.3168000e+03   2.2598614e-47
   2.3227000e+03   2.2714756e-47
   2.3286000e+03   2.2831195e-47
   2.3345000e+03   2.2948890e-47
   2.3404000e+03   2.3066888e-47
   2.3464000e+03   2.3185188e-47
   2.3523000e+03   2.3304756e-47
   2.3583000e+03   2.3424632e-47
   2.3643000e+03   2.3544815e-47
   2.3703000e+03   2.3666279e-47
   2.3763000e+03   2.3788055e-47
   2.3823000e+03   2.3910144e-47
   2.3884000e+03   2.4033526e-47
   2.3944000e+03   2.4157225e-47
   2.4005000e+03   2.4281242e-47
   2.4066000e+03   2.4406564e-47
   2.4127000e+03   2.4532209e-47
   2.4188000e+03   2.4661156e-47
   2.4250000e+03   2.4786458e-47
   2.4311000e+03   2.4914074e-47
   2.4373000e+03   2.5043018e-47
   2.4435000e+03   2.5171292e-47
   2.4497000e+03   2.5301906e-47
   2.4559000e+03   2.5431849e-47
   2.4621000e+03   2.5563136e-47
   2.4684000e+03   2.5695775e-47
   2.4746000e+03   2.5828757e-47
   2.4809000e+03   2.5962082e-47
   2.4872000e+03   2.6095751e-47
   2.4935000e+03   2.6230787e-47
   2.4998000e+03   2.6366171e-47
   2.5062000e+03   2.6502934e-47
   2.5125000e+03   2.6640050e-47
   2.5189000e+03   2.6777520e-47
   2.5253000e+03   2.6916382e-47
   2.5317000e+03   2.7055602e-47
   2.5381000e+03   2.7195182e-47
   2.5446000e+03   2.7336167e-47
   2.5510000e+03   2.7478564e-47
   2.5575000e+03   2.7620280e-47
   2.5640000e+03   2.7763415e-47
   2.5705000e+03   2.7906919e-47
   2.5770000e+03   2.8051853e-47
   2.5836000e+03   2.8197162e-47
   2.5901000e+03   2.8343911e-47
   2.5967000e+03   2.8491041e-47
   2.6033000e+03   2.8638552e-47
   2.6099000e+03   2.8787517e-47
   2.6165000e+03   2.8936868e-47
   2.6232000e+03   2.9086606e-47
   2.6298000e+03   2.9237812e-47
   2.6365000e+03   2.9390494e-47
   2.6432000e+03   2.9542486e-47
   2.6499000e+03   2.9695960e-47
   2.6566000e+03   2.9850925e-47
   2.6634000e+03   3.0006293e-47
   2.6701000e+03   3.0162064e-47
   2.6769000e+03   3.0319340e-47
   2.6837000e+03   3.0477024e-47
   2.6905000e+03   3.0635118e-47
   2.6973000e+03   3.0794730e-47
   2.7042000e+03   3.0954758e-47
   2.7110000e+03   3.1116315e-47
   2.7179000e+03   3.1278293e-47
   2.7248000e+03   3.1441813e-47
   2.7317000e+03   3.1604635e-47
   2.7387000e+03   3.1770132e-47
   2.7456000e+03   3.1936061e-47
   2.7526000e+03   3.2102423e-47
   2.7596000e+03   3.2269216e-47
   2.7666000e+03   3.2437581e-47
   2.7736000e+03   3.2607526e-47
   2.7806000e+03   3.2777915e-47
   2.7877000e+03   3.2948748e-47
   2.7947000e+03   3.3121176e-47
   2.8018000e+03   3.3294054e-47
   2.8090000e+03   3.3467382e-47
   2.8161000e+03   3.3642320e-47
   2.8232000e+03   3.3818877e-47
   2.8304000e+03   3.3995896e-47
   2.8376000e+03   3.4173378e-47
   2.8448000e+03   3.4352493e-47
   2.8520000e+03   3.4532077e-47
   2.8592000e+03   3.4712129e-47
   2.8665000e+03   3.4895012e-47
   2.8738000e+03   3.5077191e-47
   2.8811000e+03   3.5261032e-47
   2.8884000e+03   3.5445353e-47
   2.8957000e+03   3.5631349e-47
   2.9030000e+03   3.5817831e-47
   2.9104000e+03   3.6006000e-47
   2.9178000e+03   3.6194662e-47
   2.9252000e+03   3.6385024e-47
   2.9326000e+03   3.6575885e-47
   2.9401000e+03   3.6767245e-47
   2.9475000e+03   3.6960320e-47
   2.9550000e+03   3.7155120e-47
   2.9625000e+03   3.7350432e-47
   2.9700000e+03   3.7546256e-47
   2.9776000e+03   3.7743821e-47
   2.9851000e+03   3.7941904e-47
   2.9927000e+03   3.8141741e-47
   3.0003000e+03   3.8342102e-47
   3.0079000e+03   3.8544231e-47
   3.0155000e+03   3.8746890e-47
   3.0232000e+03   3.8951329e-47
   3.0309000e+03   3.9156306e-47
   3.0385000e+03   3.9361821e-47
   3.0463000e+03   3.9569132e-47
   3.0540000e+03   3.9778249e-47
   3.0617000e+03   3.9987917e-47
   3.0695000e+03   4.0198136e-47
   3.0773000e+03   4.0410178e-47
   3.0851000e+03   4.0624052e-47
   3.0929000e+03   4.0838490e-47
   3.1008000e+03   4.1053493e-47
   3.1087000e+03   4.1270346e-47
   3.1165000e+03   4.1487769e-47
   3.1245000e+03   4.1707056e-47
   3.1324000e+03   4.1928215e-47
   3.1403000e+03   4.2148661e-47
   3.1483000e+03   4.2372288e-47
   3.1563000e+03   4.2596508e-47
   3.1643000e+03   4.2821318e-47
   3.1723000e+03   4.3048033e-47
   3.1804000e+03   4.3275347e-47
   3.1885000e+03   4.3504578e-47
   3.1965000e+03   4.3735737e-47
   3.2047000e+03   4.3966182e-47
   3.2128000e+03   4.4199893e-47
   3.2209000e+03   4.4434223e-47
   3.2291000e+03   4.4669172e-47
   3.2373000e+03   4.4906081e-47
   3.2455000e+03   4.5144961e-47
   3.2538000e+03   4.5384474e-47
   3.2620000e+03   4.5624621e-47
   3.2703000e+03   4.5866756e-47
   3.2786000e+03   4.6110890e-47
   3.2869000e+03   4.6355672e-47
   3.2953000e+03   4.6601102e-47
   3.3036000e+03   4.6849918e-47
   3.3120000e+03   4.7098024e-47
   3.3204000e+03   4.7348161e-47
   3.3288000e+03   4.7600340e-47
   3.3373000e+03   4.7853190e-47
   3.3457000e+03   4.8108096e-47
   3.3542000e+03   4.8365070e-47
   3.3628000e+03   4.8622729e-47
   3.3713000e+03   4.8881072e-47
   3.3798000e+03   4.9141502e-47
   3.3884000e+03   4.9404029e-47
   3.3970000e+03   4.9667256e-47
   3.4056000e+03   4.9931182e-47
   3.4143000e+03   5.0198642e-47
   3.4229000e+03   5.0465395e-47
   3.4316000e+03   5.0735704e-47
   3.4403000e+03   5.1006736e-47
   3.4491000e+03   5.1278489e-47
   3.4578000e+03   5.1552400e-47
   3.4666000e+03   5.1828481e-47
   3.4754000e+03   5.2105299e-47
   3.4842000e+03   5.2384301e-47
   3.4931000e+03   5.2664049e-47
   3.5019000e+03   5.2945997e-47
   3.5108000e+03   5.3228698e-47
   3.5197000e+03   5.3513614e-47
   3.5286000e+03   5.3800758e-47
   3.5376000e+03   5.4088670e-47
   3.5466000e+03   5.4378826e-47
   3.5556000e+03   5.4669757e-47
   3.5646000e+03   5.4962948e-47
   3.5736000e+03   5.5258409e-47
   3.5827000e+03   5.5554662e-47
   3.5918000e+03   5.5853202e-47
   3.6009000e+03   5.6152542e-47
   3.6101000e+03   5.6454185e-47
   3.6192000e+03   5.6756636e-47
   3.6284000e+03   5.7062916e-47
   3.6376000e+03   5.7368506e-47
   3.6468000e+03   5.7677949e-47
   3.6561000e+03   5.7988225e-47
   3.6654000e+03   5.8299333e-47
   3.6747000e+03   5.8614336e-47
   3.6840000e+03   5.8928652e-47
   3.6934000e+03   5.9246888e-47
   3.7027000e+03   5.9565980e-47
   3.7121000e+03   5.9887478e-47
   3.7215000e+03   6.0209840e-47
   3.7310000e+03   6.0534624e-47
   3.7405000e+03   6.0860282e-47
   3.7499000e+03   6.1189942e-47
   3.7595000e+03   6.1518924e-47
   3.7690000e+03   6.1851933e-47
   3.7786000e+03   6.2185842e-47
   3.7882000e+03   6.2522230e-47
   3.7978000e+03   6.2859527e-47
   3.8074000e+03   6.3199320e-47
   3.8171000e+03   6.3541624e-47
   3.8268000e+03   6.3886450e-47
   3.8365000e+03   6.4232210e-47
   3.8462000e+03   6.4578903e-47
   3.8560000e+03   6.4929752e-47
   3.8657000e+03   6.5281552e-47
   3.8756000e+03   6.5634302e-47
   3.8854000e+03   6.5991252e-47
   3.8953000e+03   6.6349170e-47
   3.9051000e+03   6.6708056e-47
   3.9150000e+03   6.7071186e-47
   3.9250000e+03   6.7435302e-47
   3.9349000e+03   6.7800403e-47
   3.9449000e+03   6.8169792e-47
   3.9549000e+03   6.8540185e-47
   3.9650000e+03   6.8913242e-47
   3.9750000e+03   6.9287311e-47
   3.9851000e+03   6.9664062e-47
   3.9952000e+03   7.0043509e-47
   4.0054000e+03   7.0425664e-47
   4.0155000e+03   7.0808859e-47
   4.0257000e+03   7.1194781e-47
   4.0359000e+03   7.1583444e-47
   4.0462000e+03   7.1973166e-47
   4.0565000e+03   7.2365646e-47
   4.0668000e+03   7.2760900e-47
   4.0771000e+03   7.3158941e-47
   4.0874000e+03   7.3558068e-47
   4.0978000e+03   7.3960000e-47
   4.1082000e+03   7.4363028e-47
   4.1186000e+03   7.4770609e-47
   4.1291000e+03   7.5179304e-47
   4.1395000e+03   7.5590852e-47
   4.1501000e+03   7.6005268e-47
   4.1606000e+03   7.6420816e-47
   4.1711000e+03   7.6839250e-47
   4.1817000e+03   7.7260584e-47
   4.1923000e+03   7.7683070e-47
   4.2030000e+03   7.8110244e-47
   4.2136000e+03   7.8538589e-47
   4.2243000e+03   7.8969882e-47
   4.2351000e+03   7.9402357e-47
   4.2458000e+03   7.9839586e-47
   4.2566000e+03   8.0278016e-47
   4.2674000e+03   8.0719443e-47
   4.2782000e+03   8.1162081e-47
   4.2891000e+03   8.1609542e-47
   4.3000000e+03   8.2058234e-47
   4.3109000e+03   8.2509972e-47
   4.3218000e+03   8.2964772e-47
   4.3328000e+03   8.3422649e-47
   4.3438000e+03   8.3881786e-47
   4.3548000e+03   8.4344019e-47
   4.3658000e+03   8.4809365e-47
   4.3769000e+03   8.5277837e-47
   4.3880000e+03   8.5747600e-47
   4.3992000e+03   8.6222367e-47
   4.4103000e+03   8.6698445e-47
   4.4215000e+03   8.7177702e-47
   4.4327000e+03   8.7660151e-47
   4.4440000e+03   8.8143932e-47
   4.4553000e+03   8.8632810e-47
   4.4666000e+03   8.9123040e-47
   4.4779000e+03   8.9616516e-47
   4.4893000e+03   9.0113252e-47
   4.5007000e+03   9.0613265e-47
   4.5121000e+03   9.1116570e-47
   4.5235000e+03   9.1621270e-47
   4.5350000e+03   9.2129283e-47
   4.5465000e+03   9.2642550e-47
   4.5581000e+03   9.3157243e-47
   4.5696000e+03   9.3673362e-47
   4.5812000e+03   9.4194789e-47
   4.5928000e+03   9.4719610e-47
   4.6045000e+03   9.5245888e-47
   4.6162000e+03   9.5775582e-47
   4.6279000e+03   9.6310670e-47
   4.6396000e+03   9.6847249e-47
   4.6514000e+03   9.7387292e-47
   4.6632000e+03   9.7928837e-47
   4.6751000e+03   9.8475852e-47
   4.6869000e+03   9.9026381e-47
   4.6988000e+03   9.9578445e-47
   4.7107000e+03   1.0014005e-46
   4.7227000e+03   1.0070122e-46
   4.7347000e+03   1.0126397e-46
   4.7467000e+03   1.0182828e-46
   4.7587000e+03   1.0239416e-46
   4.7708000e+03   1.0296161e-46
   4.7829000e+03   1.0355098e-46
   4.7951000e+03   1.0412162e-46
   4.8072000e+03   1.0471429e-46
   4.8194000e+03   1.0528812e-46
   4.8317000e+03   1.0588410e-46
   4.8439000e+03   1.0648176e-46
   4.8562000e+03   1.0708110e-46
   4.8685000e+03   1.0768213e-46
   4.8809000e+03   1.0828484e-46
   4.8933000e+03   1.0888923e-46
   4.9057000e+03   1.0951622e-46
   4.9181000e+03   1.1012404e-46
   4.9306000e+03   1.1075458e-46
   4.9431000e+03   1.1136581e-46
   4.9557000e+03   1.1199989e-46
   4.9683000e+03   1.1263577e-46
   4.9809000e+03   1.1327345e-46
   4.9935000e+03   1.1391293e-46
   5.0062000e+03   1.1455421e-46
   5.0189000e+03   1.1519729e-46
   5.0316000e+03   1.1584217e-46
   5.0444000e+03   1.1651044e-46
   5.0572000e+03   1.1715898e-46
   5.0700000e+03   1.1783102e-46
   5.0829000e+03   1.1848322e-46
   5.0958000e+03   1.1915906e-46
   5.1087000e+03   1.1983681e-46
   5.1217000e+03   1.2051648e-46
   5.1347000e+03   1.2119808e-46
   5.1477000e+03   1.2190368e-46
   5.1608000e+03   1.2258918e-46
   5.1739000e+03   1.2327661e-46
   5.1870000e+03   1.2398823e-46
   5.2002000e+03   1.2467956e-46
   5.2134000e+03   1.2539520e-46
   5.2266000e+03   1.2611290e-46
   5.2399000e+03   1.2683264e-46
   5.2531000e+03   1.2755444e-46
   5.2665000e+03   1.2827828e-46
   5.2798000e+03   1.2902688e-46
   5.2932000e+03   1.2975488e-46
   5.3067000e+03   1.3048493e-46
   5.3201000e+03   1.3123994e-46
   5.3336000e+03   1.3199712e-46
   5.3472000e+03   1.3275648e-46
   5.3607000e+03   1.3351802e-46
   5.3744000e+03   1.3428174e-46
   5.3880000e+03   1.3504764e-46
   5.4017000e+03   1.3581572e-46
   5.4154000e+03   1.3658597e-46
   5.4291000e+03   1.3738184e-46
   5.4429000e+03   1.3818002e-46
   5.4567000e+03   1.3895694e-46
   5.4705000e+03   1.3975968e-46
   5.4844000e+03   1.4056474e-46
   5.4984000e+03   1.4137210e-46
   5.5123000e+03   1.4218178e-46
   5.5263000e+03   1.4301768e-46
   5.5403000e+03   1.4383205e-46
   5.5544000e+03   1.4467278e-46
   5.5685000e+03   1.4549184e-46
   5.5826000e+03   1.4633741e-46
   5.5968000e+03   1.4718542e-46
   5.6110000e+03   1.4803589e-46
   5.6252000e+03   1.4888880e-46
   5.6395000e+03   1.4974417e-46
   5.6538000e+03   1.5062653e-46
   5.6681000e+03   1.5148686e-46
   5.6825000e+03   1.5237434e-46
   5.6969000e+03   1.5326440e-46
   5.7114000e+03   1.5415706e-46
   5.7259000e+03   1.5505230e-46
   5.7404000e+03   1.5595014e-46
   5.7550000e+03   1.5685058e-46
   5.7696000e+03   1.5775360e-46
   5.7842000e+03   1.5868441e-46
   5.7989000e+03   1.5959269e-46
   5.8136000e+03   1.6052890e-46
   5.8284000e+03   1.6146785e-46
   5.8432000e+03   1.6240954e-46
   5.8580000e+03   1.6335396e-46
   5.8729000e+03   1.6430112e-46
   5.8878000e+03   1.6527674e-46
   5.9027000e+03   1.6622945e-46
   5.9177000e+03   1.6721076e-46
   5.9327000e+03   1.6819496e-46
   5.9478000e+03   1.6918205e-46
   5.9629000e+03   1.7017203e-46
   5.9780000e+03   1.7116489e-46
   5.9932000e+03   1.7216064e-46
   6.0084000e+03   1.7318560e-46
   6.0236000e+03   1.7418720e-46
   6.0389000e+03   1.7521817e-46
   6.0542000e+03   1.7625218e-46
   6.0696000e+03   1.7728923e-46
   6.0850000e+03   1.7832932e-46
   6.1004000e+03   1.7939924e-46
   6.1159000e+03   1.8044549e-46
   6.1314000e+03   1.8152173e-46
   6.1470000e+03   1.8257414e-46
   6.1626000e+03   1.8365670e-46
   6.1782000e+03   1.8474246e-46
   6.1939000e+03   1.8583142e-46
   6.2096000e+03   1.8692358e-46
   6.2254000e+03   1.8804637e-46
   6.2412000e+03   1.8914501e-46
   6.2570000e+03   1.9027444e-46
   6.2729000e+03   1.9140723e-46
   6.2888000e+03   1.9254338e-46
   6.3048000e+03   1.9368289e-46
   6.3208000e+03   1.9482576e-46
   6.3368000e+03   1.9600000e-46
   6.3529000e+03   1.9714968e-46
   6.3690000e+03   1.9833089e-46
   6.3852000e+03   1.9951563e-46
   6.4014000e+03   2.0070389e-46
   6.4176000e+03   2.0189568e-46
   6.4339000e+03   2.0311950e-46
   6.4503000e+03   2.0431844e-46
   6.4666000e+03   2.0554957e-46
   6.4830000e+03   2.0678440e-46
   6.4995000e+03   2.0802293e-46
   6.5160000e+03   2.0926516e-46
   6.5325000e+03   2.1051108e-46
   6.5491000e+03   2.1176070e-46
   6.5657000e+03   2.1304322e-46
   6.5824000e+03   2.1432960e-46
   6.5991000e+03   2.1561986e-46
   6.6158000e+03   2.1691398e-46
   6.6326000e+03   2.1821198e-46
   6.6494000e+03   2.1951386e-46
   6.6663000e+03   2.2084932e-46
   6.6832000e+03   2.2218884e-46
   6.7002000e+03   2.2353240e-46
   6.7172000e+03   2.2488002e-46
   6.7342000e+03   2.2623168e-46
   6.7513000e+03   2.2758740e-46
   6.7685000e+03   2.2897742e-46
   6.7856000e+03   2.3037168e-46
   6.8029000e+03   2.3173973e-46
   6.8201000e+03   2.3317290e-46
   6.8374000e+03   2.3457986e-46
   6.8548000e+03   2.3599104e-46
   6.8722000e+03   2.3743728e-46
   6.8896000e+03   2.3885703e-46
   6.9071000e+03   2.4031200e-46
   6.9246000e+03   2.4177140e-46
   6.9422000e+03   2.4326641e-46
   6.9598000e+03   2.4473474e-46
   6.9775000e+03   2.4623886e-46
   6.9952000e+03   2.4774760e-46
   7.0129000e+03   2.4926094e-46
   7.0307000e+03   2.5077890e-46
   7.0486000e+03   2.5230146e-46
   7.0665000e+03   2.5386049e-46
   7.0844000e+03   2.5539236e-46
   7.1024000e+03   2.5696090e-46
   7.1204000e+03   2.5853424e-46
   7.1385000e+03   2.6014464e-46
   7.1566000e+03   2.6172768e-46
   7.1748000e+03   2.6334798e-46
   7.1930000e+03   2.6494073e-46
   7.2112000e+03   2.6657093e-46
   7.2295000e+03   2.6823888e-46
   7.2479000e+03   2.6987918e-46
   7.2663000e+03   2.7155744e-46
   7.2847000e+03   2.7320784e-46
   7.3032000e+03   2.7489640e-46
   7.3217000e+03   2.7659016e-46
   7.3403000e+03   2.7832249e-46
   7.3589000e+03   2.8002676e-46
   7.3776000e+03   2.8176980e-46
   7.3963000e+03   2.8351824e-46
   7.4151000e+03   2.8527210e-46
   7.4339000e+03   2.8703136e-46
   7.4528000e+03   2.8883002e-46
   7.4717000e+03   2.9063430e-46
   7.4906000e+03   2.9244420e-46
   7.5097000e+03   2.9425972e-46
   7.5287000e+03   2.9608085e-46
   7.5478000e+03   2.9794212e-46
   7.5670000e+03   2.9980922e-46
   7.5862000e+03   3.0164742e-46
   7.6054000e+03   3.0356093e-46
   7.6247000e+03   3.0544553e-46
   7.6441000e+03   3.0737102e-46
   7.6635000e+03   3.0926740e-46
   7.6829000e+03   3.1120488e-46
   7.7024000e+03   3.1318381e-46
   7.7220000e+03   3.1513350e-46
   7.7416000e+03   3.1712486e-46
   7.7612000e+03   3.1912250e-46
   7.7809000e+03   3.2112640e-46
   7.8006000e+03   3.2313658e-46
   7.8204000e+03   3.2518909e-46
   7.8403000e+03   3.2721192e-46
   7.8602000e+03   3.2927732e-46
   7.8801000e+03   3.3134921e-46
   7.9001000e+03   3.3346412e-46
   7.9202000e+03   3.3558576e-46
   7.9403000e+03   3.3767738e-46
   7.9604000e+03   3.3981236e-46
   7.9806000e+03   3.4199105e-46
   8.0009000e+03   3.4413960e-46
   8.0212000e+03   3.4633210e-46
   8.0415000e+03   3.4853156e-46
   8.0619000e+03   3.5073798e-46
   8.0824000e+03   3.5298894e-46
   8.1029000e+03   3.5524710e-46
   8.1235000e+03   3.5751246e-46
   8.1441000e+03   3.5978502e-46
   8.1648000e+03   3.6206478e-46
   8.1855000e+03   3.6438992e-46
   8.2062000e+03   3.6672250e-46
   8.2271000e+03   3.6906252e-46
   8.2480000e+03   3.7140998e-46
   8.2689000e+03   3.7380356e-46
   8.2899000e+03   3.7620482e-46
   8.3109000e+03   3.7861376e-46
   8.3320000e+03   3.8103040e-46
   8.3531000e+03   3.8349389e-46
   8.3743000e+03   3.8596532e-46
   8.3956000e+03   3.8844468e-46
   8.4169000e+03   3.9093198e-46
   8.4383000e+03   3.9346690e-46
   8.4597000e+03   3.9601000e-46
   8.4811000e+03   3.9856130e-46
   8.5027000e+03   4.0112078e-46
   8.5242000e+03   4.0372865e-46
   8.5459000e+03   4.0634496e-46
   8.5676000e+03   4.0896973e-46
   8.5893000e+03   4.1164352e-46
   8.6111000e+03   4.1428532e-46
   8.6329000e+03   4.1697640e-46
   8.6548000e+03   4.1967620e-46
   8.6768000e+03   4.2242581e-46
   8.6988000e+03   4.2518440e-46
   8.7209000e+03   4.2795197e-46
   8.7430000e+03   4.3072852e-46
   8.7652000e+03   4.3355568e-46
   8.7875000e+03   4.3639210e-46
   8.8098000e+03   4.3923776e-46
   8.8321000e+03   4.4209268e-46
   8.8545000e+03   4.4499902e-46
   8.8770000e+03   4.4791490e-46
   8.8995000e+03   4.5084029e-46
   8.9221000e+03   4.5381781e-46
   8.9448000e+03   4.5676238e-46
   8.9675000e+03   4.5980225e-46
   8.9902000e+03   4.6280917e-46
   9.0130000e+03   4.6586906e-46
   9.0359000e+03   4.6893902e-46
   9.0588000e+03   4.7201908e-46
   9.0818000e+03   4.7515280e-46
   9.1049000e+03   4.7825316e-46
   9.1280000e+03   4.8145136e-46
   9.1511000e+03   4.8461620e-46
   9.1744000e+03   4.8783557e-46
   9.1976000e+03   4.9106560e-46
   9.2210000e+03   4.9430629e-46
   9.2444000e+03   4.9760225e-46
   9.2678000e+03   5.0090916e-46
   9.2914000e+03   5.0422703e-46
   9.3149000e+03   5.0760090e-46
   9.3386000e+03   5.1098602e-46
   9.3623000e+03   5.1438240e-46
   9.3860000e+03   5.1779003e-46
   9.4099000e+03   5.2125456e-46
   9.4337000e+03   5.2473065e-46
   9.4577000e+03   5.2826426e-46
   9.4817000e+03   5.3180972e-46
   9.5057000e+03   5.3536704e-46
   9.5299000e+03   5.3893622e-46
   9.5540000e+03   5.4256385e-46
   9.5783000e+03   5.4620364e-46
   9.6026000e+03   5.4985560e-46
   9.6270000e+03   5.5356678e-46
   9.6514000e+03   5.5729045e-46
   9.6759000e+03   5.6107397e-46
   9.7004000e+03   5.6482276e-46
   9.7251000e+03   5.6863172e-46
   9.7497000e+03   5.7250133e-46
   9.7745000e+03   5.7638406e-46
   9.7993000e+03   5.8027992e-46
   9.8242000e+03   5.8418890e-46
   9.8491000e+03   5.8815950e-46
   9.8741000e+03   5.9214356e-46
   9.8991000e+03   5.9614106e-46
   9.9243000e+03   6.0020100e-46
   9.9494000e+03   6.0427472e-46
   9.9747000e+03   6.0841156e-46
   1.0000000e+04   6.1256250e-46
